For cross section = macro_scattering010
=================
0. BEGIN for information of KL in the DIRECTION = 0
In KL, to select the first eigenvectors, eps = 1e-09
=================
=================
Total number of eigenvalues: 21
=================
Eigenvalues in decreasing values, decreasedEigenVals = : [  8.92035057e-01   3.31401599e-05   9.37743428e-07   1.14024959e-07
   2.05778497e-09   7.54079581e-10   1.87110260e-10   2.53897979e-11
   7.32041840e-12   5.91604823e-13   7.72906623e-14   2.63276222e-14
   1.64872063e-14   1.57955012e-15   4.22005369e-16   1.68493036e-16
   4.35818525e-18   4.37554973e-19  -2.14774098e-30  -4.17984188e-22
  -8.76795499e-19]
=================
Eigenvectors corresponding to decreasing eigenvalues, decreasedEigenVects = : [[ -2.21320838e-01  -2.21385699e-01  -2.21451169e-01  -2.21451169e-01
   -2.21621263e-01  -2.21440472e-01  -2.20796494e-01  -2.19860461e-01
   -2.18882333e-01  -2.18063342e-01  -2.17524379e-01  -2.17335554e-01
   -2.17335554e-01  -2.15945126e-01  -2.14433174e-01  -2.14824883e-01
   -2.15749770e-01  -2.16210401e-01  -2.15929628e-01  -2.15451046e-01
   -2.15248524e-01]
 [  3.09401792e-01   3.09266376e-01   3.08802346e-01   3.08802346e-01
    3.05068113e-01   2.91677485e-01   2.66327964e-01   2.35270076e-01
    2.07316902e-01   1.86871426e-01   1.74801207e-01   1.70902415e-01
    1.70902415e-01   1.48991282e-01   9.86773852e-02   2.76499679e-02
   -4.29371245e-02  -1.08523082e-01  -1.59068361e-01  -1.89168959e-01
   -1.97993828e-01]
 [  2.93945564e-01   2.96790718e-01   3.02397018e-01   3.02397018e-01
    3.25855033e-01   3.36402727e-01   3.15397043e-01   2.67628331e-01
    2.06762454e-01   1.48875255e-01   1.07282079e-01   9.20591140e-02
    9.20591140e-02  -3.10135760e-02  -1.74221515e-01  -1.70838636e-01
   -9.42057197e-02   3.01046788e-02   1.30869936e-01   1.80923397e-01
    1.96619033e-01]
 [ -3.74933115e-01  -3.75329768e-01  -3.75124952e-01  -3.75124952e-01
   -3.59724526e-01  -2.72717851e-01  -1.18117158e-01   3.10258011e-02
    1.22667766e-01   1.62643632e-01   1.76076162e-01   1.78763376e-01
    1.78763376e-01   1.70491112e-01   6.21770720e-02  -3.28617983e-02
   -8.01498378e-02  -5.77213614e-02   2.92543558e-02   1.18506199e-01
    1.52774379e-01]
 [ -3.58234974e-01  -3.59655603e-01  -3.53591576e-01  -3.53591576e-01
   -3.33078088e-01  -2.29569342e-01  -1.62239834e-02   1.63685371e-01
    2.28450717e-01   2.10697695e-01   1.78276666e-01   1.64780860e-01
    1.64780860e-01   3.75907631e-02  -1.46880480e-01  -5.16154137e-02
    1.30479026e-01   7.53938840e-02  -6.36887944e-02  -1.37943342e-01
   -2.17821753e-01]
 [ -4.62566503e-01  -4.55033677e-01  -4.29693292e-01  -4.29693292e-01
   -2.65484022e-01  -2.06345976e-02   1.28704670e-01   1.67014295e-01
    1.33041732e-01   7.23483391e-02   1.31995672e-02  -1.11997302e-02
   -1.11997302e-02  -2.18246967e-01  -1.58709763e-02   1.12391094e-01
   -1.80647827e-02  -6.68217556e-02   9.82404320e-03   5.92104306e-02
   -4.54860037e-02]
 [  6.71450943e-02   6.34875453e-02   4.44637631e-02   4.44637632e-02
   -3.65838898e-02   3.48165652e-03   9.09484496e-02   5.02512275e-02
   -5.61193125e-02  -1.17001331e-01  -1.17085382e-01  -1.10801759e-01
   -1.10801759e-01   7.60060117e-02  -7.35445684e-02   2.79778700e-02
    6.71012042e-02  -4.87401290e-02  -1.24855876e-01   1.04479353e-01
    9.35364205e-01]
 [  5.69577992e-02   5.64096728e-02   9.77887826e-02   9.77887825e-02
    2.35673366e-01   3.01647832e-02  -2.33898785e-01  -1.34179271e-01
    1.45816314e-01   2.95814639e-01   2.96950965e-01   2.80305089e-01
    2.80305089e-01  -1.90416521e-01   6.79435184e-02  -2.90688857e-02
   -1.11918021e-02   4.03018247e-02  -2.45981912e-02  -8.12465371e-02
    6.63715377e-01]
 [ -2.75351194e-01  -2.42626560e-01  -2.34996212e-01  -2.34996212e-01
   -3.17353026e-01  -1.16517753e-01   2.20015939e-01   2.81424661e-01
    3.41158046e-02  -2.13967964e-01  -3.42057520e-01  -3.28388975e-01
   -3.28388975e-01  -1.05625978e-01   2.00258646e-01  -1.50752297e-01
    1.37160238e-02   7.13843256e-02  -2.58289130e-02  -5.44343897e-02
    2.24594244e-01]
 [ -4.76318991e-01  -5.02799333e-01  -4.09394608e-01  -4.09394612e-01
   -1.83494953e-01   9.99374145e-02   8.36695332e-02  -7.60151138e-03
   -6.82082916e-02  -2.97502474e-02  -1.81321339e-02  -1.56065612e-02
   -1.56065612e-02   6.20976054e-02  -3.78858566e-02   5.33270003e-02
   -8.39507414e-02   7.20394977e-02   3.78179587e-02  -1.48390928e-01
    2.90194493e-01]
 [  5.32315756e-01   5.27875107e-01   3.47509336e-01   3.47509354e-01
    9.10896728e-02  -1.74717421e-01  -7.33962849e-02   1.94362534e-01
   -9.33648744e-02  -3.51692691e-02   1.03439222e-01   9.24169834e-02
    9.24169834e-02  -2.43507481e-02  -1.07416971e-02   4.65112879e-02
   -8.67745307e-02   1.21689253e-01  -1.27589523e-01   1.05147620e-01
   -1.55546814e-01]
 [ -5.84759104e-01  -5.14423480e-01  -3.75214401e-01  -3.75214392e-01
   -5.94558875e-02   2.08612465e-01  -7.33057660e-02   8.85170017e-03
   -5.38369932e-02  -2.49881887e-02   1.13691309e-02   1.50074026e-01
    1.50074026e-01  -6.99147360e-04   1.00345934e-02  -1.66472359e-02
    9.82488630e-03   9.95425898e-03  -3.53476666e-02   4.81253673e-02
   -8.06931422e-02]
 [ -7.73151617e-02   1.02037514e-01   5.13264418e-02   5.13263586e-02
    9.02874998e-02  -1.42128225e-01   3.35697006e-02   2.12621032e-01
   -3.11747110e-01  -9.85168745e-02   9.29937768e-02   6.19225949e-01
    6.19225949e-01  -2.44242772e-02   2.00472682e-03  -9.58428295e-03
    2.48988724e-02  -4.54455058e-02   6.14535250e-02  -6.27889272e-02
    1.00683338e-01]
 [  3.69466558e-01   2.90767672e-01   3.95460006e-01   3.95460681e-01
   -3.40266306e-01   6.77591879e-02   1.87079980e-01  -9.81946403e-02
   -2.99413908e-01   3.51672258e-01   2.08066205e-01  -1.42418306e-01
   -1.42418306e-01  -2.10564389e-02   1.44320996e-02  -1.94660071e-02
    1.17534564e-02   4.60113658e-03  -2.02744918e-02   2.61401463e-02
   -4.11517182e-02]
 [  1.66115723e-01  -2.81297721e-02   3.05210952e-01   3.05212993e-01
   -8.77598789e-02  -5.90177720e-02   1.98463255e-01  -2.15457350e-01
    9.46955695e-02   2.21925030e-02  -4.08645777e-01   5.03766038e-01
    5.03766038e-01  -1.10624248e-02   2.67968247e-03   5.79642070e-04
   -1.02776356e-02   2.27616229e-02  -2.97846034e-02   2.80031593e-02
   -4.32974890e-02]
 [ -8.39849296e-03  -6.87554541e-01  -3.02532087e-01  -3.02536017e-01
    1.77050608e-01  -1.28380871e-01   2.12404755e-01  -1.45831910e-01
    1.51240716e-02  -1.77180925e-01   4.42093537e-01  -4.17851673e-03
   -4.17851673e-03  -1.16925521e-02   8.75316742e-03  -1.04586358e-02
    2.76531775e-03   1.00771612e-02  -2.10110478e-02   2.38206422e-02
   -3.72691281e-02]
 [ -7.45526621e-01   5.64244812e-01  -2.44964438e-01  -2.44895727e-01
   -4.89200265e-02   1.93846842e-02   6.29020110e-03  -1.51681806e-02
    1.27441414e-02  -2.66458362e-02   3.23593141e-02   2.08757448e-02
    2.08757448e-02  -1.79503120e-03   5.15417332e-04  -6.05638532e-04
    2.42860137e-05   5.74844836e-04  -1.92805496e-04  -5.96410038e-04
    1.43905842e-03]
 [ -9.77089692e-01   1.66046277e-01   9.35880438e-02   9.40813375e-02
    8.17670072e-05  -3.73623640e-03   3.80307924e-03  -3.66504630e-03
    2.35951511e-03  -8.60025191e-04   4.70653455e-03  -4.64468071e-03
   -4.64468071e-03   1.12171720e-04  -1.94630466e-04   3.16871492e-04
   -4.14307870e-04   4.79155938e-04  -4.12138210e-04   2.41158388e-04
   -3.17917398e-04]
 [  8.14496521e-01  -1.47653065e-01   4.68509336e-01  -2.80023779e-01
    7.42715315e-03   4.23771553e-04  -2.23727679e-03   3.36245083e-03
   -3.98419494e-03   5.54380949e-03  -9.00281126e-03   1.28151858e-01
   -1.60326928e-02   1.26640660e-04   1.61493045e-04  -2.79703503e-04
    3.45859433e-04  -3.34837748e-04   1.53608214e-04   6.97884755e-05
   -1.93958810e-04]
 [  6.57898860e-01  -1.21401272e-01  -7.24844197e-01   1.64260814e-01
   -2.01862481e-04   2.46053664e-03  -2.86084330e-03   2.76540031e-03
   -1.51468020e-03   3.90345121e-04  -3.00397810e-03   2.85033609e-03
    2.85033699e-03  -6.56785944e-05   1.12839691e-04  -1.87451613e-04
    2.70649810e-04  -3.43014437e-04   3.14206776e-04  -1.97063087e-04
    2.62826802e-04]
 [ -1.49033112e-01   1.10298313e-02   6.79475532e-01   6.79057940e-01
   -1.55134836e-01   5.24759460e-02  -2.35092790e-02  -1.58903440e-03
    4.34035414e-02  -1.03455898e-01   1.09064323e-01   3.75630116e-02
    3.75630115e-02  -4.33012647e-03  -3.55405544e-04   8.66247086e-04
   -2.54231175e-04  -1.59018023e-03   4.44367531e-03  -6.06999387e-03
    1.01118212e-02]]
=================
Number of kept eigenvectors: 5/21
=================
Kepts eigenvectors, finalEigVects: [[-0.22132084 -0.2213857  -0.22145117 -0.22145117 -0.22162126 -0.22144047
  -0.22079649 -0.21986046 -0.21888233 -0.21806334 -0.21752438 -0.21733555
  -0.21733555 -0.21594513 -0.21443317 -0.21482488 -0.21574977 -0.2162104
  -0.21592963 -0.21545105 -0.21524852]
 [ 0.30940179  0.30926638  0.30880235  0.30880235  0.30506811  0.29167748
   0.26632796  0.23527008  0.2073169   0.18687143  0.17480121  0.17090242
   0.17090242  0.14899128  0.09867739  0.02764997 -0.04293712 -0.10852308
  -0.15906836 -0.18916896 -0.19799383]
 [ 0.29394556  0.29679072  0.30239702  0.30239702  0.32585503  0.33640273
   0.31539704  0.26762833  0.20676245  0.14887526  0.10728208  0.09205911
   0.09205911 -0.03101358 -0.17422151 -0.17083864 -0.09420572  0.03010468
   0.13086994  0.1809234   0.19661903]
 [-0.37493311 -0.37532977 -0.37512495 -0.37512495 -0.35972453 -0.27271785
  -0.11811716  0.0310258   0.12266777  0.16264363  0.17607616  0.17876338
   0.17876338  0.17049111  0.06217707 -0.0328618  -0.08014984 -0.05772136
   0.02925436  0.1185062   0.15277438]
 [-0.35823497 -0.3596556  -0.35359158 -0.35359158 -0.33307809 -0.22956934
  -0.01622398  0.16368537  0.22845072  0.21069769  0.17827667  0.16478086
   0.16478086  0.03759076 -0.14688048 -0.05161541  0.13047903  0.07539388
  -0.06368879 -0.13794334 -0.21782175]]
=================
=================
Recall: infor of the fine discretization:

listOfBorders, self.listOfBorders[str(self.Axis_k)] = [0.0, 150, 10000, 80000.0]

listOfPoints, self.listOfTuckerGridNodes_Axis_k[self.Axis_k] = [  0.00000000e+00   7.50000000e+01   1.50000000e+02   1.50000000e+02
   5.24893302e+02   1.59249910e+03   3.19028410e+03   5.07500000e+03
   6.95971590e+03   8.55750090e+03   9.62510670e+03   1.00000000e+04
   1.00000000e+04   1.26642164e+04   2.02512627e+04   3.16060799e+04
   4.50000000e+04   5.83939201e+04   6.97487373e+04   7.73357836e+04
   8.00000000e+04]
=================
Orthonormalized eigenvectors, self.finalOrthNormalizedEigVects_Axis_k: [[-0.00362178 -0.00362285 -0.00362392 -0.00362392 -0.0036267  -0.00362374
  -0.0036132  -0.00359789 -0.00358188 -0.00356848 -0.00355966 -0.00355657
  -0.00355657 -0.00353381 -0.00350907 -0.00351548 -0.00353062 -0.00353815
  -0.00353356 -0.00352573 -0.00352241]
 [ 0.00812534  0.00812178  0.0081096   0.0081096   0.00801153  0.00765987
   0.00699416  0.00617853  0.00544444  0.00490752  0.00459053  0.00448815
   0.00448815  0.00391273  0.00259141  0.00072613 -0.00112759 -0.00284997
  -0.00417737 -0.00496785 -0.00519961]
 [ 0.00683342  0.00689956  0.00702989  0.00702989  0.00757523  0.00782043
   0.00733211  0.00622162  0.00480665  0.00346094  0.00249401  0.00214012
   0.00214012 -0.00072098 -0.00405017 -0.00397152 -0.00219002  0.00069985
   0.00304236  0.00420597  0.00457085]
 [-0.01338825 -0.01340242 -0.0133951  -0.0133951  -0.01284518 -0.00973831
  -0.00421777  0.00110788  0.00438027  0.00580774  0.00628739  0.00638335
   0.00638335  0.00608796  0.00222024 -0.00117344 -0.00286202 -0.00206114
   0.00104463  0.00423166  0.00545532]
 [-0.01056451 -0.0106064  -0.01042757 -0.01042757 -0.00982262 -0.0067701
  -0.00047845  0.00482715  0.00673711  0.00621357  0.00525746  0.00485946
   0.00485946  0.00110857 -0.00433157 -0.00152216  0.00384788  0.0022234
  -0.00187821 -0.00406801 -0.00642366]]

END for information of KL in the direction = 0

=================
For cross section = macro_scattering010
=================
1. BEGIN for information of KL in the DIRECTION = 1
In KL, to select the first eigenvectors, eps = 1e-09
=================
=================
Total number of eigenvalues: 5
=================
Eigenvalues in decreasing values, decreasedEigenVals = : [  9.07717533e-01   8.90548526e-06   1.02385660e-08   2.01289293e-10
   3.96207574e-12]
=================
Eigenvectors corresponding to decreasing eigenvalues, decreasedEigenVects = : [[ 0.45300055  0.45067216  0.44655838  0.44344024  0.44230247]
 [-0.63905766 -0.41182037  0.03074209  0.38894398  0.51941004]
 [ 0.81648243  0.04526798 -0.24787839  0.16265299  0.49336352]
 [-0.31869568  0.06478902  0.00799346 -0.15355696  0.93305509]
 [-0.90391885  0.26518751 -0.18607351  0.15587485 -0.23170234]]
=================
Number of kept eigenvectors: 3/5
=================
Kepts eigenvectors, finalEigVects: [[ 0.45300055  0.45067216  0.44655838  0.44344024  0.44230247]
 [-0.63905766 -0.41182037  0.03074209  0.38894398  0.51941004]
 [ 0.81648243  0.04526798 -0.24787839  0.16265299  0.49336352]]
=================
=================
Recall: infor of the fine discretization:

listOfBorders, self.listOfBorders[str(self.Axis_k)] = [20.0, 1800.0]

listOfPoints, self.listOfTuckerGridNodes_Axis_k[self.Axis_k] = [   20.           280.67496474   910.          1539.32503526  1800.        ]
=================
Orthonormalized eigenvectors, self.finalOrthNormalizedEigVects_Axis_k: [[ 0.02402546  0.02390197  0.02368379  0.02351842  0.02345808]
 [-0.04597423 -0.02962663  0.00221161  0.02798089  0.0373667 ]
 [ 0.07740135  0.00429134 -0.02349851  0.01541927  0.04677015]]

END for information of KL in the direction = 1

=================
For cross section = macro_scattering010
=================
2. BEGIN for information of KL in the DIRECTION = 2
In KL, to select the first eigenvectors, eps = 1e-09
=================
=================
Total number of eigenvalues: 10
=================
Eigenvalues in decreasing values, decreasedEigenVals = : [  7.83846248e-01   5.40731488e-05   2.16916939e-07   3.82379409e-09
   2.80344695e-10   7.10206621e-11   3.15700973e-11   1.69927562e-13
   1.46124835e-14   8.54360258e-26]
=================
Eigenvectors corresponding to decreasing eigenvalues, decreasedEigenVects = : [[ -1.47348231e-01  -1.69929452e-01  -2.25503679e-01  -2.81873559e-01
   -3.05334207e-01  -3.05334207e-01  -3.26305252e-01  -3.77016137e-01
   -4.27689556e-01  -4.48458773e-01]
 [  3.82035087e-01   3.75442800e-01   3.16474792e-01   2.01553717e-01
    1.35238332e-01   1.35238332e-01   6.63129240e-02  -1.43975647e-01
   -4.24850951e-01  -5.74550404e-01]
 [ -4.89115843e-01  -3.73630673e-01  -3.46438002e-02   2.07182778e-01
    2.53707647e-01   2.53707647e-01   2.63081713e-01   1.23486140e-01
   -2.73968414e-01  -5.37388378e-01]
 [ -5.72281766e-01  -1.29421917e-01   1.61119953e-01   1.38023125e-01
    5.68364496e-02   5.68364496e-02  -3.97621038e-02  -2.27359023e-01
    6.39451432e-02   7.39534063e-01]
 [  8.83601793e-01  -7.96026404e-02  -1.02623265e-01   1.20356231e-01
    1.53247301e-01   1.53247301e-01   9.77092848e-02  -1.12716766e-01
   -4.76962634e-03   3.44455717e-01]
 [  7.62832452e-01  -3.27379268e-01   3.02881156e-01  -1.28242850e-01
   -2.41944871e-01  -2.41944871e-01  -1.87126873e-01   1.01921086e-01
    1.52686442e-02  -2.00035236e-01]
 [  1.96068401e-03  -2.70557260e-02  -1.01388472e-02   1.33771503e-01
    8.29153725e-02   8.29153725e-02  -6.60058496e-02  -1.31816921e-01
    2.54223940e-01  -9.38698210e-01]
 [  1.92249265e-02   3.06753436e-02  -1.22904969e-01   4.58916359e-01
    2.58760655e-01   2.58760655e-01  -6.78791841e-01   2.43199069e-01
   -1.38442960e-01   3.16219564e-01]
 [ -4.97286084e-03  -6.69679798e-03   2.57082460e-02  -1.44597857e-01
    6.98416433e-01   6.98416433e-01  -5.15804438e-02  -6.02474047e-03
    3.53971976e-03  -8.97622527e-03]
 [ -9.50110135e-07  -1.40983002e-06   5.38809863e-06  -2.93096609e-05
    6.66303184e-01  -7.45680941e-01  -7.01040910e-06  -2.11212378e-06
    1.19773033e-06  -2.84896276e-06]]
=================
Number of kept eigenvectors: 4/10
=================
Kepts eigenvectors, finalEigVects: [[-0.14734823 -0.16992945 -0.22550368 -0.28187356 -0.30533421 -0.30533421
  -0.32630525 -0.37701614 -0.42768956 -0.44845877]
 [ 0.38203509  0.3754428   0.31647479  0.20155372  0.13523833  0.13523833
   0.06631292 -0.14397565 -0.42485095 -0.5745504 ]
 [-0.48911584 -0.37363067 -0.0346438   0.20718278  0.25370765  0.25370765
   0.26308171  0.12348614 -0.27396841 -0.53738838]
 [-0.57228177 -0.12942192  0.16111995  0.13802313  0.05683645  0.05683645
  -0.0397621  -0.22735902  0.06394514  0.73953406]]
=================
=================
Recall: infor of the fine discretization:

listOfBorders, self.listOfBorders[str(self.Axis_k)] = [0.4000000059604645, 0.71692097187, 1.0]

listOfPoints, self.listOfTuckerGridNodes_Axis_k[self.Axis_k] = [ 0.40000001  0.44641201  0.55846049  0.67050897  0.71692097  0.71692097
  0.75837694  0.85846049  0.95854404  1.        ]
=================
Orthonormalized eigenvectors, self.finalOrthNormalizedEigVects_Axis_k: [[-0.61430456 -0.70844716 -0.94013981 -1.17514958 -1.27295858 -1.27295858
  -1.36038826 -1.5718053  -1.78306615 -1.86965439]
 [ 1.7193874   1.68971814  1.42432668  0.90711281  0.60865374  0.60865374
   0.29844799 -0.64797691 -1.91208451 -2.58582198]
 [-2.62440196 -2.00475426 -0.18588492  1.11166076  1.36129478  1.36129478
   1.41159231  0.66257774 -1.47000604 -2.88341326]
 [-3.92280702 -0.88714552  1.10442534  0.94610403  0.38959554  0.38959554
  -0.2725564  -1.55847281  0.43832334  5.0692676 ]]

END for information of KL in the direction = 2

=================
For cross section = macro_scattering010
=================
3. BEGIN for information of KL in the DIRECTION = 3
In KL, to select the first eigenvectors, eps = 1e-09
=================
=================
Total number of eigenvalues: 7
=================
Eigenvalues in decreasing values, decreasedEigenVals = : [  9.13499185e-01   5.83062527e-06   1.77641646e-08   2.02457552e-10
   1.66593388e-12   9.28016361e-14   1.51883132e-14]
=================
Eigenvectors corresponding to decreasing eigenvalues, decreasedEigenVects = : [[ 0.37440288  0.37505555  0.37665126  0.37842824  0.37979375  0.38056209
   0.38080299]
 [ 0.48570683  0.42588128  0.25538853  0.00893399 -0.2489064  -0.44214017
  -0.50987113]
 [-0.60333337 -0.3644689   0.08212048  0.27039329  0.06108896 -0.31772031
  -0.56446161]
 [-0.12807141 -0.05567806  0.05271841  0.0382756  -0.09318993 -0.04610161
   0.98256994]
 [ 0.5340978   0.16142382 -0.24558994  0.01831383  0.28819148 -0.40517996
   0.61709557]
 [ 0.0773206  -0.35969085  0.54046565 -0.55009298  0.3915384  -0.22755873
   0.25466314]
 [ 0.9858669  -0.15454209  0.00898239  0.03542066 -0.03740453  0.02537003
  -0.0283751 ]]
=================
Number of kept eigenvectors: 3/7
=================
Kepts eigenvectors, finalEigVects: [[ 0.37440288  0.37505555  0.37665126  0.37842824  0.37979375  0.38056209
   0.38080299]
 [ 0.48570683  0.42588128  0.25538853  0.00893399 -0.2489064  -0.44214017
  -0.50987113]
 [-0.60333337 -0.3644689   0.08212048  0.27039329  0.06108896 -0.31772031
  -0.56446161]]
=================
=================
Recall: infor of the fine discretization:

listOfBorders, self.listOfBorders[str(self.Axis_k)] = [0.0, 1.738150058372412e-05]

listOfPoints, self.listOfTuckerGridNodes_Axis_k[self.Axis_k] = [  0.00000000e+00   1.16433976e-06   4.34537515e-06   8.69075029e-06
   1.30361254e-05   1.62171608e-05   1.73815006e-05]
=================
Orthonormalized eigenvectors, self.finalOrthNormalizedEigVects_Axis_k: [[ 237.47751023  237.89148433  238.90361936  240.0307266   240.89684467
   241.3841948   241.53699145]
 [ 401.89679943  352.39431114  211.3205504     7.39240791 -205.95692185
  -365.84768351 -421.89148327]
 [-586.58089042 -354.348861     79.84027832  262.88540472   59.39273042
  -308.89832004 -548.78846415]]

END for information of KL in the direction = 3

=================
For cross section = macro_scattering010
=================
4. BEGIN for information of KL in the DIRECTION = 4
In KL, to select the first eigenvectors, eps = 1e-09
=================
=================
Total number of eigenvalues: 5
=================
Eigenvalues in decreasing values, decreasedEigenVals = : [  9.11095131e-01   1.40972392e-06   6.85073216e-10   1.67024573e-12
   1.98702066e-14]
=================
Eigenvectors corresponding to decreasing eigenvalues, decreasedEigenVects = : [[ 0.44493239  0.44563039  0.44725621  0.44880647  0.44942559]
 [ 0.58811372  0.41162195 -0.00419558 -0.40438199 -0.56669853]
 [-0.62724941 -0.25368741  0.45767247 -0.29226638 -0.49730991]
 [ 0.56853348 -0.09796109  0.04284079 -0.13785683  0.80394867]
 [-0.78833579  0.149999   -0.0210701  -0.09346882  0.58893685]]
=================
Number of kept eigenvectors: 2/5
=================
Kepts eigenvectors, finalEigVects: [[ 0.44493239  0.44563039  0.44725621  0.44880647  0.44942559]
 [ 0.58811372  0.41162195 -0.00419558 -0.40438199 -0.56669853]]
=================
=================
Recall: infor of the fine discretization:

listOfBorders, self.listOfBorders[str(self.Axis_k)] = [9.999999974752427e-07, 2.0]

listOfPoints, self.listOfTuckerGridNodes_Axis_k[self.Axis_k] = [  9.99999997e-07   2.92894072e-01   1.00000050e+00   1.70710693e+00
   2.00000000e+00]
=================
Orthonormalized eigenvectors, self.finalOrthNormalizedEigVects_Axis_k: [[ 0.70346986  0.70457345  0.70714398  0.70959505  0.71057392]
 [ 1.24803436  0.87350169 -0.00890344 -0.8581378  -1.20258925]]

END for information of KL in the direction = 4

=================
For cross section = macro_scattering010
=================
BEGIN for information of coefficients in Tucker decomposition
self.listOfNbOfBasisFcts = [5, 3, 4, 3, 2]

self.CardinalOfBasisFcts =360

Number of coefficients, len(self.FinalTuckerCoeffs) = 360
=================
Coefficient values, self.FinalTuckerCoeffs =[  8.72884567e-01  -3.65197885e-03  -3.27343310e-04   8.42388102e-05
   2.03061914e-04  -1.33290942e-03  -1.59470230e-03  -1.67077757e-04
  -1.50486474e-04  -1.65488975e-05   1.56406652e-05  -3.76909814e-05
  -1.99163642e-05  -1.11833014e-05  -1.05917865e-06   2.58678175e-03
   3.53108507e-03   2.25224528e-04  -1.29206021e-04  -2.54831600e-05
   1.01279956e-03   1.68269488e-04   4.54323380e-05   1.07212684e-05
  -7.79999915e-07  -4.76264545e-05   5.80123438e-06   7.01553158e-06
   2.02845819e-06  -6.63616344e-07   3.14189157e-04   8.27262509e-05
   5.68804801e-05   3.15345071e-05  -9.95776097e-05  -1.80682621e-04
  -2.87632885e-05   1.94431760e-06  -1.19597121e-06   4.10934249e-06
  -3.22956878e-07  -1.75115832e-06  -1.46818106e-06  -8.04335729e-07
   7.20179172e-07  -3.10317436e-05   1.69880425e-06   1.01125536e-06
  -2.70975716e-06   1.19358952e-05  -5.84951705e-06   2.40628964e-06
   1.14267982e-07  -4.20318967e-07   1.39414383e-06  -5.96866703e-07
   4.60980262e-07  -2.52286893e-07   1.61538023e-07  -2.93394993e-07
   4.53344394e-04   7.33779311e-04  -2.95602887e-04  -2.66694087e-06
   1.75847595e-05   1.72391315e-04   2.44979109e-05   3.98697525e-06
   5.63270751e-06  -2.34377930e-06   2.94475225e-07  -6.36515211e-07
   1.80039538e-07   6.84824435e-07  -1.11438964e-06  -1.02764798e-03
   1.28416249e-04  -8.68843318e-05  -2.78933517e-06  -3.27877945e-06
  -1.89074757e-05   4.83207190e-06   1.79286316e-06  -2.23049084e-06
   5.04232596e-06  -2.05488243e-06   4.96167406e-08   8.92520213e-07
  -9.55081657e-07   2.00668076e-06   1.64751122e-04   2.40405834e-05
  -3.03445604e-05  -2.69263449e-06  -4.29940374e-06   3.93065707e-06
  -7.07988626e-07  -1.39614312e-06   2.15323175e-06  -4.15710105e-06
   4.57543370e-07  -3.72228258e-07  -3.70784131e-07   9.35072994e-07
  -1.87159162e-06   6.45919664e-06  -1.54679992e-05   5.59083562e-06
   1.19017489e-06  -3.08344424e-09  -1.28430277e-06  -7.69429555e-07
   4.82760617e-08   4.61245679e-07  -1.02907462e-06   3.18217890e-07
   1.28584177e-08  -8.09074905e-08   2.49794072e-07  -4.88471734e-07
  -5.89200279e-05   4.13115673e-05  -7.94166468e-07   9.25257819e-06
  -4.46930823e-06  -7.34152185e-06  -2.32497402e-06  -5.84662152e-07
   1.93635486e-07  -9.71183000e-07   5.80375892e-08  -1.59520830e-07
  -2.10041284e-07   2.47268613e-07  -6.12561479e-07   5.88934473e-05
   1.01666686e-05   2.68863131e-06   4.72490840e-07   1.08464524e-06
   3.45278966e-07   3.38591086e-07   4.62875210e-07  -1.07470188e-06
   2.19850863e-06  -3.63648875e-07   8.03386053e-08   1.84796148e-07
  -4.20789761e-07   8.60162878e-07   1.18957819e-05   2.65994377e-06
   9.69977846e-07   1.08273498e-06  -8.48028613e-07   9.68734313e-07
  -1.02629242e-07  -4.58664629e-07   9.41406623e-07  -1.95548205e-06
   4.92815862e-07  -6.27831678e-08  -2.11695965e-07   4.12629001e-07
  -8.93732892e-07  -4.16462104e-06  -2.30014138e-07  -1.97829071e-07
  -5.18809215e-08  -2.88113031e-07   1.50572132e-07  -2.87900302e-08
  -8.34316853e-08   2.36876793e-07  -4.34526617e-07   1.28991754e-07
   2.09690487e-08  -6.06774449e-08   1.45995614e-07  -2.53158632e-07
   9.03786241e-05   5.51205227e-04  -1.21952020e-04   5.30234258e-05
  -1.27698251e-05   5.73448362e-05  -5.20159212e-07   5.66077873e-06
   7.83154537e-07  -1.58932994e-07   7.55964390e-07  -2.44781694e-07
   1.24601179e-07   2.08889206e-07  -3.57440611e-07  -1.22133843e-04
   4.89813238e-05  -3.16522926e-05   4.53835533e-06  -1.39841787e-06
  -3.42121973e-06   1.58239136e-06   4.19800288e-07  -4.60713299e-07
   1.61331545e-06  -3.85228526e-07  -2.86526144e-08   3.18833461e-07
  -2.43605437e-07   6.80299316e-07   1.69816908e-05   2.19619775e-06
  -7.72863256e-06  -8.02667016e-07  -1.56079683e-06  -4.24499671e-07
   9.84248372e-08  -4.04433877e-07   6.50425206e-07  -1.23230728e-06
   2.42975582e-07  -6.47689941e-08  -1.10834984e-07   2.82512039e-07
  -5.51096848e-07  -1.36331214e-05  -3.41861776e-07   3.74197888e-07
   5.20466134e-07   5.63560589e-08   4.55694907e-07  -1.08732260e-07
   1.06270595e-07   1.40752513e-07  -1.97193926e-07   4.17884024e-08
   1.45927803e-08   9.86083171e-09   7.98216248e-08  -1.04855741e-07
  -3.14749513e-04   5.92451223e-06  -1.16088468e-05  -1.30121116e-06
   5.86693445e-07   4.52328681e-06   1.59725553e-06   9.43948688e-07
  -4.90927392e-07   1.32980781e-06  -1.45610639e-09   1.08678413e-07
   1.87781382e-07  -2.79870071e-07   6.13656700e-07  -2.93600664e-05
  -7.43064059e-06  -2.64662769e-06   5.30740310e-08  -9.84533741e-07
  -6.63006735e-08  -1.50977084e-07  -5.33084286e-07   1.18798963e-06
  -2.34171616e-06   6.02414841e-07  -6.05864212e-08  -2.46717575e-07
   5.13586344e-07  -1.09010600e-06  -5.67204157e-06  -1.89279324e-06
  -5.76786378e-07  -7.46811284e-07   9.61021942e-07  -1.30521577e-06
   1.13027753e-07   5.20527662e-07  -1.07519109e-06   2.20011073e-06
  -5.33630134e-07   5.57210319e-08   2.51016541e-07  -5.03916787e-07
   1.02488702e-06  -8.20468291e-07   3.35579574e-07   1.08737445e-07
  -6.02272948e-08   3.52825565e-07  -1.20741436e-07   7.32484969e-08
   1.52985080e-07  -2.74010866e-07   5.42028844e-07  -1.32220462e-07
   8.46416476e-09   5.36210556e-08  -1.33828586e-07   2.40353811e-07
   2.55768252e-05   2.11714576e-06   9.16849146e-07   2.98512094e-07
   9.63781106e-08  -7.91214042e-07  -1.50928018e-07   1.60691161e-07
  -3.21449881e-07   6.66561096e-07  -2.09666171e-07  -1.55709659e-08
   6.35556819e-08  -1.61376227e-07   2.94249809e-07   2.28195566e-06
   7.75253912e-07   8.50139862e-08   2.59336087e-07  -4.99120165e-07
   6.82699222e-07  -8.86393262e-08  -2.65760229e-07   5.46089670e-07
  -1.10576035e-06   3.01472964e-07  -2.30140458e-08  -1.05162386e-07
   2.90379739e-07  -5.41595366e-07   7.33159266e-07   2.75012403e-07
   1.79063268e-07  -1.58464846e-07   3.67675916e-07  -5.01318755e-07
   5.98184312e-08   2.33649135e-07  -5.02046960e-07   1.00329659e-06
  -2.59034325e-07   3.22692334e-08   1.16676673e-07  -2.35248391e-07
   4.85028249e-07  -1.28995036e-07  -2.91409445e-08   1.14862408e-08
  -1.08164093e-07   1.57812025e-07  -1.57009123e-07   5.71958471e-09
   5.31548542e-08  -1.25103138e-07   2.59644281e-07  -3.73957620e-08
   1.12592742e-08   3.37770636e-08  -3.87240502e-08   9.53535314e-08]:

=================
Coefficient indexes under array format :

self.listOfFinalCoefIndexes_arr = [[0, 0, 0, 0, 0], [1, 0, 0, 0, 0], [2, 0, 0, 0, 0], [3, 0, 0, 0, 0], [4, 0, 0, 0, 0], [0, 1, 0, 0, 0], [1, 1, 0, 0, 0], [2, 1, 0, 0, 0], [3, 1, 0, 0, 0], [4, 1, 0, 0, 0], [0, 2, 0, 0, 0], [1, 2, 0, 0, 0], [2, 2, 0, 0, 0], [3, 2, 0, 0, 0], [4, 2, 0, 0, 0], [0, 0, 1, 0, 0], [1, 0, 1, 0, 0], [2, 0, 1, 0, 0], [3, 0, 1, 0, 0], [4, 0, 1, 0, 0], [0, 1, 1, 0, 0], [1, 1, 1, 0, 0], [2, 1, 1, 0, 0], [3, 1, 1, 0, 0], [4, 1, 1, 0, 0], [0, 2, 1, 0, 0], [1, 2, 1, 0, 0], [2, 2, 1, 0, 0], [3, 2, 1, 0, 0], [4, 2, 1, 0, 0], [0, 0, 2, 0, 0], [1, 0, 2, 0, 0], [2, 0, 2, 0, 0], [3, 0, 2, 0, 0], [4, 0, 2, 0, 0], [0, 1, 2, 0, 0], [1, 1, 2, 0, 0], [2, 1, 2, 0, 0], [3, 1, 2, 0, 0], [4, 1, 2, 0, 0], [0, 2, 2, 0, 0], [1, 2, 2, 0, 0], [2, 2, 2, 0, 0], [3, 2, 2, 0, 0], [4, 2, 2, 0, 0], [0, 0, 3, 0, 0], [1, 0, 3, 0, 0], [2, 0, 3, 0, 0], [3, 0, 3, 0, 0], [4, 0, 3, 0, 0], [0, 1, 3, 0, 0], [1, 1, 3, 0, 0], [2, 1, 3, 0, 0], [3, 1, 3, 0, 0], [4, 1, 3, 0, 0], [0, 2, 3, 0, 0], [1, 2, 3, 0, 0], [2, 2, 3, 0, 0], [3, 2, 3, 0, 0], [4, 2, 3, 0, 0], [0, 0, 0, 1, 0], [1, 0, 0, 1, 0], [2, 0, 0, 1, 0], [3, 0, 0, 1, 0], [4, 0, 0, 1, 0], [0, 1, 0, 1, 0], [1, 1, 0, 1, 0], [2, 1, 0, 1, 0], [3, 1, 0, 1, 0], [4, 1, 0, 1, 0], [0, 2, 0, 1, 0], [1, 2, 0, 1, 0], [2, 2, 0, 1, 0], [3, 2, 0, 1, 0], [4, 2, 0, 1, 0], [0, 0, 1, 1, 0], [1, 0, 1, 1, 0], [2, 0, 1, 1, 0], [3, 0, 1, 1, 0], [4, 0, 1, 1, 0], [0, 1, 1, 1, 0], [1, 1, 1, 1, 0], [2, 1, 1, 1, 0], [3, 1, 1, 1, 0], [4, 1, 1, 1, 0], [0, 2, 1, 1, 0], [1, 2, 1, 1, 0], [2, 2, 1, 1, 0], [3, 2, 1, 1, 0], [4, 2, 1, 1, 0], [0, 0, 2, 1, 0], [1, 0, 2, 1, 0], [2, 0, 2, 1, 0], [3, 0, 2, 1, 0], [4, 0, 2, 1, 0], [0, 1, 2, 1, 0], [1, 1, 2, 1, 0], [2, 1, 2, 1, 0], [3, 1, 2, 1, 0], [4, 1, 2, 1, 0], [0, 2, 2, 1, 0], [1, 2, 2, 1, 0], [2, 2, 2, 1, 0], [3, 2, 2, 1, 0], [4, 2, 2, 1, 0], [0, 0, 3, 1, 0], [1, 0, 3, 1, 0], [2, 0, 3, 1, 0], [3, 0, 3, 1, 0], [4, 0, 3, 1, 0], [0, 1, 3, 1, 0], [1, 1, 3, 1, 0], [2, 1, 3, 1, 0], [3, 1, 3, 1, 0], [4, 1, 3, 1, 0], [0, 2, 3, 1, 0], [1, 2, 3, 1, 0], [2, 2, 3, 1, 0], [3, 2, 3, 1, 0], [4, 2, 3, 1, 0], [0, 0, 0, 2, 0], [1, 0, 0, 2, 0], [2, 0, 0, 2, 0], [3, 0, 0, 2, 0], [4, 0, 0, 2, 0], [0, 1, 0, 2, 0], [1, 1, 0, 2, 0], [2, 1, 0, 2, 0], [3, 1, 0, 2, 0], [4, 1, 0, 2, 0], [0, 2, 0, 2, 0], [1, 2, 0, 2, 0], [2, 2, 0, 2, 0], [3, 2, 0, 2, 0], [4, 2, 0, 2, 0], [0, 0, 1, 2, 0], [1, 0, 1, 2, 0], [2, 0, 1, 2, 0], [3, 0, 1, 2, 0], [4, 0, 1, 2, 0], [0, 1, 1, 2, 0], [1, 1, 1, 2, 0], [2, 1, 1, 2, 0], [3, 1, 1, 2, 0], [4, 1, 1, 2, 0], [0, 2, 1, 2, 0], [1, 2, 1, 2, 0], [2, 2, 1, 2, 0], [3, 2, 1, 2, 0], [4, 2, 1, 2, 0], [0, 0, 2, 2, 0], [1, 0, 2, 2, 0], [2, 0, 2, 2, 0], [3, 0, 2, 2, 0], [4, 0, 2, 2, 0], [0, 1, 2, 2, 0], [1, 1, 2, 2, 0], [2, 1, 2, 2, 0], [3, 1, 2, 2, 0], [4, 1, 2, 2, 0], [0, 2, 2, 2, 0], [1, 2, 2, 2, 0], [2, 2, 2, 2, 0], [3, 2, 2, 2, 0], [4, 2, 2, 2, 0], [0, 0, 3, 2, 0], [1, 0, 3, 2, 0], [2, 0, 3, 2, 0], [3, 0, 3, 2, 0], [4, 0, 3, 2, 0], [0, 1, 3, 2, 0], [1, 1, 3, 2, 0], [2, 1, 3, 2, 0], [3, 1, 3, 2, 0], [4, 1, 3, 2, 0], [0, 2, 3, 2, 0], [1, 2, 3, 2, 0], [2, 2, 3, 2, 0], [3, 2, 3, 2, 0], [4, 2, 3, 2, 0], [0, 0, 0, 0, 1], [1, 0, 0, 0, 1], [2, 0, 0, 0, 1], [3, 0, 0, 0, 1], [4, 0, 0, 0, 1], [0, 1, 0, 0, 1], [1, 1, 0, 0, 1], [2, 1, 0, 0, 1], [3, 1, 0, 0, 1], [4, 1, 0, 0, 1], [0, 2, 0, 0, 1], [1, 2, 0, 0, 1], [2, 2, 0, 0, 1], [3, 2, 0, 0, 1], [4, 2, 0, 0, 1], [0, 0, 1, 0, 1], [1, 0, 1, 0, 1], [2, 0, 1, 0, 1], [3, 0, 1, 0, 1], [4, 0, 1, 0, 1], [0, 1, 1, 0, 1], [1, 1, 1, 0, 1], [2, 1, 1, 0, 1], [3, 1, 1, 0, 1], [4, 1, 1, 0, 1], [0, 2, 1, 0, 1], [1, 2, 1, 0, 1], [2, 2, 1, 0, 1], [3, 2, 1, 0, 1], [4, 2, 1, 0, 1], [0, 0, 2, 0, 1], [1, 0, 2, 0, 1], [2, 0, 2, 0, 1], [3, 0, 2, 0, 1], [4, 0, 2, 0, 1], [0, 1, 2, 0, 1], [1, 1, 2, 0, 1], [2, 1, 2, 0, 1], [3, 1, 2, 0, 1], [4, 1, 2, 0, 1], [0, 2, 2, 0, 1], [1, 2, 2, 0, 1], [2, 2, 2, 0, 1], [3, 2, 2, 0, 1], [4, 2, 2, 0, 1], [0, 0, 3, 0, 1], [1, 0, 3, 0, 1], [2, 0, 3, 0, 1], [3, 0, 3, 0, 1], [4, 0, 3, 0, 1], [0, 1, 3, 0, 1], [1, 1, 3, 0, 1], [2, 1, 3, 0, 1], [3, 1, 3, 0, 1], [4, 1, 3, 0, 1], [0, 2, 3, 0, 1], [1, 2, 3, 0, 1], [2, 2, 3, 0, 1], [3, 2, 3, 0, 1], [4, 2, 3, 0, 1], [0, 0, 0, 1, 1], [1, 0, 0, 1, 1], [2, 0, 0, 1, 1], [3, 0, 0, 1, 1], [4, 0, 0, 1, 1], [0, 1, 0, 1, 1], [1, 1, 0, 1, 1], [2, 1, 0, 1, 1], [3, 1, 0, 1, 1], [4, 1, 0, 1, 1], [0, 2, 0, 1, 1], [1, 2, 0, 1, 1], [2, 2, 0, 1, 1], [3, 2, 0, 1, 1], [4, 2, 0, 1, 1], [0, 0, 1, 1, 1], [1, 0, 1, 1, 1], [2, 0, 1, 1, 1], [3, 0, 1, 1, 1], [4, 0, 1, 1, 1], [0, 1, 1, 1, 1], [1, 1, 1, 1, 1], [2, 1, 1, 1, 1], [3, 1, 1, 1, 1], [4, 1, 1, 1, 1], [0, 2, 1, 1, 1], [1, 2, 1, 1, 1], [2, 2, 1, 1, 1], [3, 2, 1, 1, 1], [4, 2, 1, 1, 1], [0, 0, 2, 1, 1], [1, 0, 2, 1, 1], [2, 0, 2, 1, 1], [3, 0, 2, 1, 1], [4, 0, 2, 1, 1], [0, 1, 2, 1, 1], [1, 1, 2, 1, 1], [2, 1, 2, 1, 1], [3, 1, 2, 1, 1], [4, 1, 2, 1, 1], [0, 2, 2, 1, 1], [1, 2, 2, 1, 1], [2, 2, 2, 1, 1], [3, 2, 2, 1, 1], [4, 2, 2, 1, 1], [0, 0, 3, 1, 1], [1, 0, 3, 1, 1], [2, 0, 3, 1, 1], [3, 0, 3, 1, 1], [4, 0, 3, 1, 1], [0, 1, 3, 1, 1], [1, 1, 3, 1, 1], [2, 1, 3, 1, 1], [3, 1, 3, 1, 1], [4, 1, 3, 1, 1], [0, 2, 3, 1, 1], [1, 2, 3, 1, 1], [2, 2, 3, 1, 1], [3, 2, 3, 1, 1], [4, 2, 3, 1, 1], [0, 0, 0, 2, 1], [1, 0, 0, 2, 1], [2, 0, 0, 2, 1], [3, 0, 0, 2, 1], [4, 0, 0, 2, 1], [0, 1, 0, 2, 1], [1, 1, 0, 2, 1], [2, 1, 0, 2, 1], [3, 1, 0, 2, 1], [4, 1, 0, 2, 1], [0, 2, 0, 2, 1], [1, 2, 0, 2, 1], [2, 2, 0, 2, 1], [3, 2, 0, 2, 1], [4, 2, 0, 2, 1], [0, 0, 1, 2, 1], [1, 0, 1, 2, 1], [2, 0, 1, 2, 1], [3, 0, 1, 2, 1], [4, 0, 1, 2, 1], [0, 1, 1, 2, 1], [1, 1, 1, 2, 1], [2, 1, 1, 2, 1], [3, 1, 1, 2, 1], [4, 1, 1, 2, 1], [0, 2, 1, 2, 1], [1, 2, 1, 2, 1], [2, 2, 1, 2, 1], [3, 2, 1, 2, 1], [4, 2, 1, 2, 1], [0, 0, 2, 2, 1], [1, 0, 2, 2, 1], [2, 0, 2, 2, 1], [3, 0, 2, 2, 1], [4, 0, 2, 2, 1], [0, 1, 2, 2, 1], [1, 1, 2, 2, 1], [2, 1, 2, 2, 1], [3, 1, 2, 2, 1], [4, 1, 2, 2, 1], [0, 2, 2, 2, 1], [1, 2, 2, 2, 1], [2, 2, 2, 2, 1], [3, 2, 2, 2, 1], [4, 2, 2, 2, 1], [0, 0, 3, 2, 1], [1, 0, 3, 2, 1], [2, 0, 3, 2, 1], [3, 0, 3, 2, 1], [4, 0, 3, 2, 1], [0, 1, 3, 2, 1], [1, 1, 3, 2, 1], [2, 1, 3, 2, 1], [3, 1, 3, 2, 1], [4, 1, 3, 2, 1], [0, 2, 3, 2, 1], [1, 2, 3, 2, 1], [2, 2, 3, 2, 1], [3, 2, 3, 2, 1], [4, 2, 3, 2, 1]]

END for information of coefficients in Tucker decomposition
=================
