1
-1
6.12323e-17
-0.577316
0.658716
-0.83924
0.870029
0.305729
-0.321539
-0.942991
0.952693
0.47955
-0.712639
-0.155814
0.7749
-0.979477
0.161087
0.983331
-0.461253
-0.891861
0.571917
0.912563
-0.649209
0.0797118
-0.242294
0.722267
-0.992656
0.390795
-0.782195
0.994064
-0.397436
0.826374
-0.919986
0.235278
-0.0812775
0.934776
-0.964225
-0.524372
0.528379
-0.749487
0.970809
0.619834
-0.865344
-0.198786
0.348768
-0.997458
0.848676
-0.613651
0.119097
0.997927
-0.359932
0.694332
-0.812145
-0.0395737
0.893418
-0.986222
0.436551
-0.681564
0.797984
-0.491633
0.201557
-0.953549
0.98884
-0.280198
0.747821
-0.90616
0.0392598
0.961942
-0.552432
0.504708
-0.999074
0.273254
-0.120345
0.92412
-0.797415
0.597401
-0.931957
-0.427484
0.999254
-0.730901
0.413232
0.812694
-0.972663
-0.219982
0.676259
-0.852968
0.977268
0.139657
-0.631353
0.881995
-0.060282
-0.995076
0.328075
-0.341102
0.944239
-0.879615
0.551122
-0.696138
0.761018
0.058714
-0.507689
0.991756
-0.959146
0.458184
-0.175332
-0.766695
0.858817
-0.989394
0.639117
0.253251
-0.443603
0.904157
-0.82655
-0.298541
0.996351
-0.91346
0.182441
0.709546
-0.594879
-0.0182202
0.966439
-0.982697
0.370752
-0.665309
0.836841
-0.103174
-0.999676
0.584731
-0.38036
0.980478
-0.937537
0.786482
0.0991113
-0.872496
0.492454
-0.539535
0.929661
-0.260538
-0.740687
0.999737
0.289834
-0.968895
0.734749
0.0194766
-0.804935
0.956895
-0.475686
0.424926
-0.996378
-0.139035
0.648731
-0.898718
0.887703
0.217837
-0.604432
0.986429
-0.411514
-0.948501
0.5398
0.805866
-0.720962
-0.18769
0.918129
-0.976394
0.359639
-0.84584
0.685463
-0.310212
0.995322
0.0693734
-0.565457
-0.998402
0.609177
0.948102
-0.774503
0.150536
-0.070627
-0.92591
0.864398
0.46793
-0.657296
0.974102
-0.369876
-0.991016
0.316775
0.767702
-0.231306
-0.885669
0.998657
-0.0282706
-0.819952
0.561824
0.842471
-0.515786
0.262661
-0.961684
0.939382
-0.688886
0.401468
-0.45203
0.715936
-0.984564
0.10911
0.899268
-0.758157
-0.129696
0.990375
-0.859299
0.516324
-0.270533
-0.999886
0.819772
0.192008
-0.623279
0.62989
-0.909976
0.968583
0.0100529
-0.349651
0.741531
-0.94578
0.999904
-0.585495
0.446979
-0.789962
0.876155
-0.09317
-0.993926
0.338442
0.667651
-0.48368
0.984838
-0.704659
-0.209243
0.226719
-0.974527
0.9088
-0.833211
0.791885
0.0480479
-0.41923
0.959412
-0.928965
0.590831
-0.640565
0.380941
-0.165116
0.997183
-0.987933
0.17131
0.701531
-0.895246
-0.330449
0.853624
-0.545868
0.49873
-0.956254
0.926974
-0.049303
-0.735813
0.754664
-0.999381
0.282007
0.992957
-0.389638
-0.673477
0.129073
0.950375
-0.869098
0.545341
-0.251427
0.831295
-0.966841
0.0292127
0.978839
-0.815976
-0.499819
0.614643
-0.996942
0.41923
-0.289834
0.780627
-0.917004
0.244427
0.999497
-0.571143
-0.111608
0.896223
-0.762443
0.653738
-0.98103
0.0894158
0.941623
-0.435702
-0.84934
0.47375
0.728538
-0.940026
-0.00942464
0.987688
-0.6186
0.298841
-0.786094
0.873109
-0.148051
-0.991877
0.577573
0.964308
-0.531576
0.209243
-0.902405
0.816158
-0.315583
-0.716813
0.365202
0.920845
-0.998027
0.522231
-0.225495
0.998293
-0.951154
-0.468207
0.680874
-0.876458
0.144943
0.975573
-0.669286
-0.0549502
0.801943
-0.970884
0.441913
-0.404056
0.884939
-0.801191
0.322431
-0.181824
0.994728
-0.999958
0.634515
-0.599415
0.0640446
0.932526
-0.923157
-0.745523
0.751356
-0.354944
0.396283
0.981992
-0.977995
-0.0872253
0.845504
-0.830071
0.176879
-0.558701
0.556876
0.954865
-0.888425
-0.265691
0.705327
-0.99565
0.00502653
-0.644898
0.998991
0.486152
-0.700411
0.26781
0.914988
-0.934776
-0.375416
0.771314
-0.987092
0.104112
0.60318
-0.495732
0.97237
-0.856393
-0.204018
0.861541
0.343758
-0.770914
0.663665
-0.957802
-0.0336087
0.9911
-0.456508
0.453151
-0.998784
0.901863
-0.725951
-0.134367
0.823354
-0.303634
0.222433
-0.842302
0.999967
-0.589817
0.533703
-0.983616
0.731544
0.0342367
0.946085
-0.908012
-0.635728
0.310809
-0.237415
0.690251
-0.965545
0.99591
-0.520086
0.124086
-0.808648
0.879017
0.407502
-0.993361
0.937099
-0.423504
0.624752
-0.882587
-0.0756401
0.794754
-0.685234
0.196631
0.985645
-0.944342
-0.33578
0.510393
-0.753839
0.963134
-0.169762
-0.999545
0.834252
0.0844083
0.376289
-0.862496
0.567269
-0.535827
0.906691
-0.990156
-0.285019
0.997525
-0.66084
0.248994
0.764066
-0.927445
-0.0138226
0.644177
-0.793608
0.969668
-0.385584
-0.975435
0.430889
-0.115977
0.856069
-0.609177
0.156434
0.989576
-0.823354
0.719
-0.47955
-0.954771
0.29404
0.890578
-0.70866
-0.193241
0.581413
-0.994566
0.958163
0.0527543
-0.900501
0.809202
-0.439657
0.463482
-0.778265
0.993505
-0.255682
0.672083
-0.969898
0.354063
-0.580902
0.922552
-0.915368
-0.044282
0.783368
-0.999798
0.979666
-0.364909
0.166356
-0.677646
0.525175
-0.836324
0.999635
-0.0984861
0.738573
-0.981813
0.23955
-0.511473
0.867384
-0.936219
0.0238738
0.942886
-0.627447
0.386164
-0.325997
0.606183
-0.874484
0.839753
-0.997741
-0.159847
0.976394
-0.738149
0.333116
0.69794
-0.407789
-0.962796
0.114105
0.996768
-0.561824
0.489443
0.910885
-0.89356
-0.214769
-0.988652
0.757747
0.277784
-0.692748
0.951541
0.074387
-0.814156
0.594121
-0.471535
0.984066
-0.949787
-0.0656121
0.828667
-0.275671
-0.764472
0.548235
-0.99605
0.931043
0.187381
-0.653024
0.999834
-0.921579
0.427768
-0.1437
0.712639
-0.549023
-0.851159
0.889145
-0.00439822
-0.985378
0.651357
-0.345528
0.9674
0.213235
-0.728323
0.789191
-0.447822
-0.941412
0.501722
0.992349
0.134367
-0.999229
-0.246559
0.851159
-0.867227
0.404631
-0.503623
0.916628
-0.788032
0.258414
0.627202
-0.973531
-0.0235598
0.99883
-0.601927
0.744684
-0.294641
-0.904291
0.960644
-0.125022
0.470981
-0.978774
-0.393974
0.874637
-0.751771
0.313794
0.987142
0.0941083
-0.828315
0.683172
-0.999986
-0.573977
0.777673
0.0436543
-0.930584
0.935998
0.56442
-0.431456
-0.70265
0.362275
0.973243
-0.960381
-0.178734
0.814338
-0.884059
0.0147649
0.536622
-0.63815
0.995621
-0.991472
0.231001
0.897751
-0.528112
-0.307224
0.661312
-0.799307
0.450067
-0.106924
0.981333
-0.997183
0.725302
-0.84416
0.285923
-0.487524
0.925673
-0.947199
-0.228249
0.803815
-0.723136
0.153331
0.999381
-0.911791
0.617118
-0.372502
0.949195
-0.967876
-0.0840952
0.41609
-0.663195
0.865816
-0.776487
0.513362
-0.998591
0.205248
0.988319
-0.415519
-0.616129
0.843991
0.0558912
-0.890006
0.587785
-0.152089
-0.980292
0.965382
0.33578
-0.55557
0.769511
-0.860902
-0.0364344
0.905361
-0.993031
0.692294
-0.318562
0.998105
-0.743215
0.373668
-0.212007
-0.93343
0.64153
-0.464595
0.953927
0.131564
-0.81815
0.482579
0.883324
-0.952406
-0.675564
0.302137
0.994401
-0.263267
-0.987491
0.821567
-0.592351
0.0772063
0.707329
-0.878117
-0.0577731
0.97806
-0.352299
0.574491
-0.995353
0.179661
0.940348
-0.806795
-0.542442
0.439093
0.999989
-0.918502
-0.190466
0.749695
-0.714619
0.265388
-0.97178
0.857527
-0.400605
0.919492
0.00753975
-0.999744
0.554263
-0.647056
0.799685
-0.768909
0.393396
0.990719
-0.897058
-0.095672
0.669986
-0.513631
0.106611
-0.977201
0.971557
-0.282609
-0.834771
0.894685
0.351417
-0.938842
0.60042
-0.45427
0.736664
-0.690706
0.982697
0.0267004
-0.990548
0.495732
-0.333116
0.928382
-0.854767
0.24199
-0.625243
0.832863
-0.162637
-0.963556
0.996991
0.163877
-0.75631
0.632327
-0.998219
0.955978
-0.234667
0.460696
-0.568303
0.784928
-0.92448
-0.0210471
0.877665
-0.382974
0.325106
-0.795325
0.999127
-0.984121
0.51928
-0.489717
0.678339
-0.870802
-0.127203
0.946997
0.0966101
-0.956986
0.759385
-0.606932
0.199094
0.992656
-0.733255
-0.201249
0.847344
-0.996666
0.383554
-0.433439
0.913716
-0.908931
-0.0681198
0.611914
-0.655163
0.974878
-0.821925
0.275671
0.720527
-0.999925
-0.300939
0.542442
0.0665525
-0.783954
0.871419
-0.522231
0.999936
-0.946492
0.42208
-0.362275
0.81086
-0.994234
0.142456
0.933655
-0.698165
-0.0467926
-0.886979
0.986013
0.656112
-0.583201
0.220289
-0.966196
0.476791
-0.248994
0.961339
-0.847511
0.773309
-0.141212
-0.985803
0.900638
-0.47375
0.341397
-0.671151
0.699738
0.0367484
0.99772
-0.91448
-0.421226
0.569595
-0.760406
0.838214
-0.998948
0.296442
0.968034
-0.272952
-0.840604
-0.00691145
0.507689
0.989935
-0.974031
-0.533703
0.796277
0.121592
-0.710431
0.886398
-0.929776
-0.172548
0.410369
0.9383
-0.338738
-0.989026
0.646337
-0.6333
0.255682
0.995045
-0.881105
-0.109422
0.730043
-0.803067
0.173786
0.862814
-0.955423
-0.497913
0.531044
0.980908
-0.222433
-0.992271
0.444448
-0.597149
0.909845
-0.863923
-0.0781459
0.687747
-0.391952
0.998489
-0.747404
0.319456
-0.942151
0.81815
0.0869123
-0.999466
0.622296
0.945166
-0.445573
-0.683401
0.367832
-0.901455
0.765685
0.0169638
-0.312899
0.963724
-0.982228
0.579623
-0.780234
0.189849
0.999785
-0.563641
-0.184912
0.892003
-0.960992
0.455669
-0.831644
0.743215
-0.0307827
-0.620819
0.984454
0.23314
-0.995853
0.852476
-0.36754
-0.719
0.559222
-0.922309
0.923277
0.0502443
-0.291938
0.674173
-0.975917
0.993752
-0.481478
0.398877
-0.810492
0.824956
-0.0903545
-0.896084
0.957531
0.14774
-0.642734
0.71418
-0.997886
0.308121
-0.24016
0.976867
-0.544288
-0.950472
0.595636
0.88051
-0.85785
-0.132187
0.433722
-0.413518
0.79054
-0.772711
0.996537
-0.969437
0.116289
0.270533
-0.667183
0.931729
-0.999995
0.63694
-0.459022
-0.0521268
0.970203
-0.935444
0.484504
-0.206785
0.807537
-0.791693
0.356705
-0.587531
0.989165
-0.989801
-0.328075
0.903081
0.211393
-0.873568
0.753219
0.00219911
-0.706662
0.526778
-0.505793
0.999564
-0.979918
0.665543
-0.258111
-0.905228
0.950959
0.0718804
-0.824956
0.868632
0.330449
-0.378035
-0.993647
0.703544
-0.150226
-0.734536
0.915873
0.465707
-0.611417
0.991472
-0.958522
0.136857
0.77925
-0.926621
-0.118161
0.607681
-0.55086
0.841115
0.246864
-0.837871
