197 63 
1000
0 0   
0 -1  0 
-1 0 0  
-1 -1 0 0 
1 0 1  
1 -1 1 0 
0 -0.5  01 
-1 -0.5 0 01 
0 1  1 
1 -0.5 1 01 
-1 1 0 1 
1 1 1 1 
-0.5 0 01  
-0.5 -1 01 0 
0.5 0 10  
0.5 -1 10 0 
0 -0.75  010 
-0.5 -0.5 01 01 
0.5 -0.5 10 01 
-0.5 1 01 1 
0 -0.25  011 
0.5 1 10 1 
-0.75 0 010  
-0.75 -1 010 0 
0 0.5  10 
0.75 0 101  
0.75 -1 101 0 
-0.875 0 0100  
-0.25 0 011  
-0.875 -1 0100 0 
-0.25 -1 011 0 
0.875 0 1011  
0.25 0 100  
0.875 -1 1011 0 
0.25 -1 100 0 
-0.75 -0.5 010 01 
-1 -0.75 0 010 
0.75 -0.5 101 01 
-0.75 1 010 1 
0.75 1 101 1 
1 -0.75 1 010 
-1 0.5 0 10 
1 0.5 1 10 
-0.9375 0 01000  
0 -0.875  0100 
-0.9375 -1 01000 0 
0.9375 0 10111  
0.9375 -1 10111 0 
0 -0.625  0101 
-0.875 -0.5 0100 01 
0.875 -0.5 1011 01 
-0.875 1 0100 1 
-1 -0.25 0 011 
0.875 1 1011 1 
-0.5 0.5 01 10 
0.5 0.5 10 10 
1 -0.25 1 011 
-0.96875 0 010000  
-0.96875 -1 010000 0 
0.96875 0 101111  
0 -0.375  0110 
0.96875 -1 101111 0 
-0.9375 -0.5 01000 01 
0.9375 -0.5 10111 01 
0 -0.125  0111 
-0.9375 1 01000 1 
0.9375 1 10111 1 
-0.625 0 0101  
0 0.25  100 
-0.625 -1 0101 0 
0.625 0 1010  
0.625 -1 1010 0 
0 0.75  101 
-0.25 -0.5 011 01 
0.25 -0.5 100 01 
-0.25 1 011 1 
-0.8125 0 01001  
-0.8125 -1 01001 0 
0.25 1 100 1 
-0.984375 0 0100000  
-0.375 0 0110  
-0.984375 -1 0100000 0 
0.984375 0 1011111  
0.984375 -1 1011111 0 
-0.125 0 0111  
-0.96875 -0.5 010000 01 
0.96875 -0.5 101111 01 
-0.96875 1 010000 1 
0.8125 0 10110  
0.8125 -1 10110 0 
0.96875 1 101111 1 
-0.625 -0.5 0101 01 
0.125 0 1000  
0.625 -0.5 1010 01 
-0.625 1 0101 1 
0.625 1 1010 1 
0.375 0 1001  
-0.992188 0 01000000  
-0.992188 -1 01000000 0 
0.992188 0 10111111  
-0.5 -0.75 01 010 
0.992188 -1 10111111 0 
-0.984375 -0.5 0100000 01 
0.984375 -0.5 1011111 01 
0.5 -0.75 10 010 
-0.984375 1 0100000 1 
0.984375 1 1011111 1 
-0.90625 0 010001  
-1 -0.875 0 0100 
-0.90625 -1 010001 0 
0.90625 0 101110  
0.90625 -1 101110 0 
1 -0.875 1 0100 
-0.8125 -0.5 01001 01 
0.8125 -0.5 10110 01 
-0.8125 1 01001 1 
0 -0.9375  01000 
0.8125 1 10110 1 
-0.996094 0 010000000  
-0.996094 -1 010000000 0 
0 -0.8125  01001 
0.996094 0 101111111  
0.996094 -1 101111111 0 
-0.992188 -0.5 01000000 01 
-1 -0.625 0 0101 
0.992188 -0.5 10111111 01 
-0.992188 1 01000000 1 
0.992188 1 10111111 1 
1 -0.625 1 0101 
-0.953125 0 0100001  
-0.953125 -1 0100001 0 
0.953125 0 1011110  
0 -0.6875  01010 
0.953125 -1 1011110 0 
-0.90625 -0.5 010001 01 
0.90625 -0.5 101110 01 
0 -0.5625  01011 
-0.90625 1 010001 1 
0.90625 1 101110 1 
-0.998047 0 0100000000  
-0.5 -0.25 01 011 
-0.998047 -1 0100000000 0 
0.998047 0 1011111111  
0.998047 -1 1011111111 0 
-0.75 0.5 010 10 
0.75 0.5 101 10 
-0.996094 -0.5 010000000 01 
0.996094 -0.5 101111111 01 
0.5 -0.25 10 011 
-0.996094 1 010000000 1 
0.996094 1 101111111 1 
-0.976562 0 01000001  
-1 -0.375 0 0110 
-0.976562 -1 01000001 0 
0.976562 0 10111110  
0.976562 -1 10111110 0 
1 -0.375 1 0110 
-0.953125 -0.5 0100001 01 
0.953125 -0.5 1011110 01 
-0.953125 1 0100001 1 
0 -0.4375  01100 
0.953125 1 1011110 1 
-0.999023 0 01000000000  
-0.999023 -1 01000000000 0 
0 -0.3125  01101 
0.999023 0 10111111111  
0.999023 -1 10111111111 0 
-0.875 0.5 0100 10 
-1 -0.125 0 0111 
0.875 0.5 1011 10 
-0.998047 -0.5 0100000000 01 
0.998047 -0.5 1011111111 01 
1 -0.125 1 0111 
-0.998047 1 0100000000 1 
0.998047 1 1011111111 1 
-0.988281 0 010000001  
0 -0.1875  01110 
-0.988281 -1 010000001 0 
0.988281 0 101111110  
0.988281 -1 101111110 0 
0 -0.0625  01111 
-0.976562 -0.5 01000001 01 
0.976562 -0.5 10111110 01 
-0.976562 1 01000001 1 
-0.6875 0 01010  
0.976562 1 10111110 1 
-0.999512 0 010000000000  
-0.999512 -1 010000000000 0 
-0.5625 0 01011  
0.999512 0 101111111111  
0.999512 -1 101111111111 0 
-0.9375 0.5 01000 10 
-1 0.25 0 100 
0.9375 0.5 10111 10 
-0.999023 -0.5 01000000000 01 
0.999023 -0.5 10111111111 01 
1 0.25 1 100 
-0.999023 1 01000000000 1 
0.999023 1 10111111111 1 
-0.994141 0 0100000001  
0 0.125  1000 
-0.994141 -1 0100000001 0 
0.994141 0 1011111110  
0.994141 -1 1011111110 0 
0 0.375  1001 
-0.25 0.5 011 10 
0.25 0.5 100 10 
-1 0.75 0 101 
0.5625 0 10100  
1 0.75 1 101 
-0.988281 -0.5 010000001 01 
0.988281 -0.5 101111110 01 
0.6875 0 10101  
-0.988281 1 010000001 1 
0.988281 1 101111110 1 
-0.999756 0 0100000000000  
0 0.625  1010 
-0.999756 -1 0100000000000 0 
0.999756 0 1011111111111  
0.999756 -1 1011111111111 0 
0 0.875  1011 
0.96875 0.5 101111 10 
-0.96875 0.5 010000 10 
-0.999512 -0.5 010000000000 01 
-0.84375 0 010010  
0.999512 -0.5 101111111111 01 
-0.999512 1 010000000000 1 
0.999512 1 101111111111 1 
-0.78125 0 010011  
-0.99707 0 01000000001  
-0.99707 -1 01000000001 0 
0.99707 0 10111111110  
-0.4375 0 01100  
0.99707 -1 10111111110 0 
-0.625 0.5 0101 10 
0.625 0.5 1010 10 
-0.3125 0 01101  
-0.5 0.25 01 100 
0.5 0.25 10 100 
-0.994141 -0.5 0100000001 01 
-0.375 -1 0110 0 
0.994141 -0.5 1011111110 01 
-0.994141 1 0100000001 1 
0.994141 1 1011111110 1 
-0.375 1 0110 1 
-0.999878 0 01000000000000  
-0.999878 -1 01000000000000 0 
0.999878 0 10111111111111  
-0.1875 0 01110  
0.999878 -1 10111111111111 0 
-0.5 0.75 01 101 
0.5 0.75 10 101 
-0.0625 0 01111  
-0.984375 0.5 0100000 10 
0.984375 0.5 1011111 10 
-0.999756 -0.5 0100000000000 01 
-0.125 -1 0111 0 
0.999756 -0.5 1011111111111 01 
-0.999756 1 0100000000000 1 
0.999756 1 1011111111111 1 
-0.125 1 0111 1 
-0.998535 0 010000000001  
-0.998535 -1 010000000001 0 
0.998535 0 101111111110  
0.78125 0 101100  
0.998535 -1 101111111110 0 
-0.8125 0.5 01001 10 
0.8125 0.5 10110 10 
0.84375 0 101101  
-0.99707 -0.5 01000000001 01 
0.99707 -0.5 10111111110 01 
-0.99707 1 01000000001 1 
0.0625 0 10000  
0.99707 1 10111111110 1 
-0.999939 0 010000000000000  
-0.999939 -1 010000000000000 0 
0.1875 0 10001  
0.999939 0 101111111111111  
0.999939 -1 101111111111111 0 
0.992188 0.5 10111111 10 
0.125 -1 1000 0 
-0.992188 0.5 01000000 10 
-0.75 -0.75 010 010 
0.75 -0.75 101 010 
0.125 1 1000 1 
-0.999878 -0.5 01000000000000 01 
0.999878 -0.5 10111111111111 01 
-0.999878 1 01000000000000 1 
0.3125 0 10010  
0.999878 1 10111111111111 1 
0.375 -1 1001 0 
-0.999268 0 0100000000001  
0.4375 0 10011  
-0.999268 -1 0100000000001 0 
0.999268 0 1011111111110  
0.999268 -1 1011111111110 0 
0.375 1 1001 1 
-0.75 -0.25 010 011 
0.75 -0.25 101 011 
-0.6875 -1 01010 0 
-0.25 -0.75 011 010 
0.6875 -1 10101 0 
-0.90625 0.5 010001 10 
0.90625 0.5 101110 10 
0.25 -0.75 100 010 
-0.998535 -0.5 010000000001 01 
0.998535 -0.5 101111111110 01 
-0.998535 1 010000000001 1 
-0.921875 0 0100010  
0.998535 1 101111111110 1 
-0.999969 0 0100000000000000  
-0.999969 -1 0100000000000000 0 
-0.890625 0 0100011  
0.999969 0 1011111111111111  
0.999969 -1 1011111111111111 0 
0.996094 0.5 101111111 10 
-0.5 -0.875 01 0100 
-0.996094 0.5 010000000 10 
-0.999939 -0.5 010000000000000 01 
0.999939 -0.5 101111111111111 01 
0.890625 0 1011100  
-0.875 -0.75 0100 010 
0.875 -0.75 1011 010 
-0.999939 1 010000000000000 1 
0.921875 0 1011101  
0.999939 1 101111111111111 1 
0.5 -0.875 10 0100 
-0.5625 -1 01011 0 
-1 -0.9375 0 01000 
0.5625 -1 10100 0 
-0.5 -0.625 01 0101 
0.5 -0.625 10 0101 
1 -0.9375 1 01000 
-0.999634 0 01000000000001  
-0.999634 -1 01000000000001 0 
0.999634 0 10111111111110  
0 -0.96875  010000 
0.999634 -1 10111111111110 0 
-0.875 -0.25 0100 011 
0.875 -0.25 1011 011 
0 -0.90625  010001 
0.953125 0.5 1011110 10 
-0.953125 0.5 0100001 10 
-0.84375 -1 010010 0 
-1 -0.8125 0 01001 
0.84375 -1 101101 0 
-0.999268 -0.5 0100000000001 01 
0.999268 -0.5 1011111111110 01 
1 -0.8125 1 01001 
-0.999268 1 0100000000001 1 
0.999268 1 1011111111110 1 
-0.999985 0 01000000000000000  
0 -0.84375  010010 
-0.999985 -1 01000000000000000 0 
0.999985 0 10111111111111111  
0.999985 -1 10111111111111111 0 
0 -0.78125  010011 
0.998047 0.5 1011111111 10 
-0.998047 0.5 0100000000 10 
-0.999969 -0.5 0100000000000000 01 
-0.960938 0 01000010  
0.999969 -0.5 1011111111111111 01 
-0.9375 -0.75 01000 010 
0.9375 -0.75 10111 010 
-0.945312 0 01000011  
-0.999969 1 0100000000000000 1 
0.999969 1 1011111111111111 1 
-0.78125 -1 010011 0 
0.945312 0 10111100  
0.78125 -1 101100 0 
-0.999817 0 010000000000001  
-0.999817 -1 010000000000001 0 
0.960938 0 10111101  
0.999817 0 101111111111110  
0.999817 -1 101111111111110 0 
-0.9375 -0.25 01000 011 
-1 -0.6875 0 01010 
0.9375 -0.25 10111 011 
-0.5 -0.375 01 0110 
0.5 -0.375 10 0110 
1 -0.6875 1 01010 
0.976562 0.5 10111110 10 
-0.976562 0.5 01000001 10 
-1 0.125 0 1000 
0 -0.71875  010100 
1 0.125 1 1000 
-0.999634 -0.5 01000000000001 01 
0.999634 -0.5 10111111111110 01 
0 -0.65625  010101 
-0.999634 1 01000000000001 1 
0.999634 1 10111111111110 1 
-0.921875 -1 0100010 0 
-1 -0.5625 0 01011 
0.921875 -1 1011101 0 
-0.5 -0.125 01 0111 
0.5 -0.125 10 0111 
1 -0.5625 1 01011 
-1 0.375 0 1001 
1 0.375 1 1001 
-0.999992 0 010000000000000000  
0 -0.59375  010110 
-0.999992 -1 010000000000000000 0 
0.999992 0 101111111111111111  
0.999992 -1 101111111111111111 0 
0 -0.53125  010111 
-0.75 0.25 010 100 
0.75 0.25 101 100 
-0.375 -0.5 0110 01 
-0.25 -0.25 011 011 
0.375 -0.5 1001 01 
0.25 -0.25 100 011 
-0.999023 0.5 01000000000 10 
-0.980469 0 010000010  
0.999023 0.5 10111111111 10 
-0.999985 -0.5 01000000000000000 01 
0.999985 -0.5 10111111111111111 01 
-0.972656 0 010000011  
-0.999985 1 01000000000000000 1 
0.999985 1 10111111111111111 1 
-0.96875 -0.75 010000 010 
0.972656 0 101111100  
0.96875 -0.75 101111 010 
-0.890625 -1 0100011 0 
0.890625 -1 1011100 0 
0.980469 0 101111101  
-0.75 0.75 010 101 
0.75 0.75 101 101 
-0.999908 0 0100000000000001  
-1 -0.4375 0 01100 
-0.999908 -1 0100000000000001 0 
0.999908 0 1011111111111110  
0.999908 -1 1011111111111110 0 
1 -0.4375 1 01100 
-0.6875 -0.5 01010 01 
0.6875 -0.5 10101 01 
-0.6875 1 01010 1 
0 -0.46875  011000 
0.6875 1 10101 1 
-0.96875 -0.25 010000 011 
0.96875 -0.25 101111 011 
0 -0.40625  011001 
0.988281 0.5 101111110 10 
-0.988281 0.5 010000001 10 
-0.625 -0.75 0101 010 
-1 -0.3125 0 01101 
0.625 -0.75 1010 010 
-0.999817 -0.5 010000000000001 01 
0.999817 -0.5 101111111111110 01 
1 -0.3125 1 01101 
-0.999817 1 010000000000001 1 
0.999817 1 101111111111110 1 
-0.960938 -1 01000010 0 
0 -0.34375  011010 
0.960938 -1 10111101 0 
-0.999996 0 0100000000000000000  
-0.999996 -1 0100000000000000000 0 
0 -0.28125  011011 
0.999996 0 1011111111111111111  
0.999996 -1 1011111111111111111 0 
-0.125 -0.5 0111 01 
-0.990234 0 0100000010  
0.125 -0.5 1000 01 
-0.625 -0.25 0101 011 
0.625 -0.25 1010 011 
-0.986328 0 0100000011  
-0.875 0.25 0100 100 
0.875 0.25 1011 100 
-0.5 0.125 01 1000 
-1 -0.1875 0 01110 
0.5 0.125 10 1000 
-0.5625 -0.5 01011 01 
0.5625 -0.5 10100 01 
1 -0.1875 1 01110 
-1 0.625 0 1010 
1 0.625 1 1010 
-0.999512 0.5 010000000000 10 
0 -0.21875  011100 
0.999512 0.5 101111111111 10 
-0.5625 1 01011 1 
0.5625 1 10100 1 
0 -0.15625  011101 
-0.999992 -0.5 010000000000000000 01 
0.999992 -0.5 101111111111111111 01 
-0.999992 1 010000000000000000 1 
0.986328 0 1011111100  
0.999992 1 101111111111111111 1 
-0.984375 -0.75 0100000 010 
0.984375 -0.75 1011111 010 
0.990234 0 1011111101  
-0.5 0.375 01 1001 
0.5 0.375 10 1001 
-1 0.875 0 1011 
-1 -0.0625 0 01111 
1 0.875 1 1011 
-0.945312 -1 01000011 0 
0.945312 -1 10111100 0 
1 -0.0625 1 01111 
-0.875 0.75 0100 101 
0.875 0.75 1011 101 
-0.999954 0 01000000000000001  
0 -0.09375  011110 
-0.999954 -1 01000000000000001 0 
0.999954 0 10111111111111110  
0.999954 -1 10111111111111110 0 
0 -0.03125  011111 
-0.84375 -0.5 010010 01 
0.84375 -0.5 101101 01 
-0.984375 -0.25 0100000 011 
-0.71875 0 010100  
0.984375 -0.25 1011111 011 
-0.84375 1 010010 1 
0.84375 1 101101 1 
-0.65625 0 010101  
0.994141 0.5 1011111110 10 
-0.994141 0.5 0100000001 10 
-0.999908 -0.5 0100000000000001 01 
-0.59375 0 010110  
0.999908 -0.5 1011111111111110 01 
-0.8125 -0.75 01001 010 
0.8125 -0.75 10110 010 
-0.53125 0 010111  
-0.999908 1 0100000000000001 1 
0.999908 1 1011111111111110 1 
-0.980469 -1 010000010 0 
-0.995117 0 01000000010  
0.980469 -1 101111101 0 
-0.4375 -1 01100 0 
0.4375 -1 10011 0 
-0.993164 0 01000000011  
-0.999998 0 01000000000000000000  
-0.999998 -1 01000000000000000000 0 
0.999998 0 10111111111111111111  
0 0.0625  10000 
0.999998 -1 10111111111111111111 0 
-0.8125 -0.25 01001 011 
0.8125 -0.25 10110 011 
0 0.1875  10001 
-0.9375 0.25 01000 100 
0.9375 0.25 10111 100 
0.999756 0.5 1011111111111 10 
0.993164 0 10111111100  
-0.999756 0.5 0100000000000 10 
-0.78125 -0.5 010011 01 
0.78125 -0.5 101100 01 
0.995117 0 10111111101  
-0.999996 -0.5 0100000000000000000 01 
0.999996 -0.5 1011111111111111111 01 
-0.78125 1 010011 1 
0 0.3125  10010 
0.78125 1 101100 1 
-0.999996 1 0100000000000000000 1 
0.999996 1 1011111111111111111 1 
0 0.4375  10011 
-0.992188 -0.75 01000000 010 
0.992188 -0.75 10111111 010 
-0.3125 -1 01101 0 
0.53125 0 101000  
0.3125 -1 10010 0 
-0.972656 -1 010000011 0 
0.972656 -1 101111100 0 
0.59375 0 101001  
-0.999977 0 010000000000000001  
-0.999977 -1 010000000000000001 0 
0.999977 0 101111111111111110  
0.65625 0 101010  
0.999977 -1 101111111111111110 0 
-0.9375 0.75 01000 101 
0.9375 0.75 10111 101 
0.71875 0 101011  
-0.5 0.625 01 1010 
0.5 0.625 10 1010 
-0.75 -0.875 010 0100 
0 0.5625  10100 
0.75 -0.875 101 0100 
-0.71875 -1 010100 0 
0.71875 -1 101011 0 
0 0.6875  10101 
-0.992188 -0.25 01000000 011 
0.992188 -0.25 10111111 011 
-0.921875 -0.5 0100010 01 
0 0.8125  10110 
0.921875 -0.5 1011101 01 
-0.25 0.25 011 100 
0.25 0.25 100 100 
0 0.9375  10111 
-0.921875 1 0100010 1 
0.921875 1 1011101 1 
-0.99707 0.5 01000000001 10 
-0.859375 0 0100100  
0.99707 0.5 10111111110 10 
-0.999954 -0.5 01000000000000001 01 
0.999954 -0.5 10111111111111110 01 
-0.828125 0 0100101  
-0.5 0.875 01 1011 
0.5 0.875 10 1011 
-0.75 -0.625 010 0101 
-0.796875 0 0100110  
0.75 -0.625 101 0101 
-0.90625 -0.75 010001 010 
0.90625 -0.75 101110 010 
-0.765625 0 0100111  
-0.999954 1 01000000000000001 1 
0.999954 1 10111111111111110 1 
-0.990234 -1 0100000010 0 
-0.997559 0 010000000010  
0.990234 -1 1011111101 0 
-0.999999 0 010000000000000000000  
-0.999999 -1 010000000000000000000 0 
-0.996582 0 010000000011  
0.999999 0 101111111111111111111  
0.999999 -1 101111111111111111111 0 
-0.65625 -1 010101 0 
0.996582 0 101111111100  
0.65625 -1 101010 0 
-0.25 0.75 011 101 
0.25 0.75 100 101 
0.997559 0 101111111101  
-0.96875 0.25 010000 100 
0.96875 0.25 101111 100 
-0.90625 -0.25 010001 011 
-0.46875 0 011000  
0.90625 -0.25 101110 011 
-0.999878 0.5 01000000000000 10 
0.999878 0.5 10111111111111 10 
-0.40625 0 011001  
-0.999998 -0.5 01000000000000000000 01 
0.999998 -0.5 10111111111111111111 01 
-0.890625 -0.5 0100011 01 
-0.34375 0 011010  
0.890625 -0.5 1011100 01 
-0.999998 1 01000000000000000000 1 
0.999998 1 10111111111111111111 1 
-0.28125 0 011011  
0.996094 -0.75 101111111 010 
-0.996094 -0.75 010000000 010 
-0.890625 1 0100011 1 
-0.4375 1 01100 1 
0.890625 1 1011100 1 
-0.986328 -1 0100000011 0 
0.986328 -1 1011111100 0 
-0.3125 1 01101 1 
-0.999989 0 0100000000000000001  
-0.999989 -1 0100000000000000001 0 
0.999989 0 1011111111111111110  
-0.375 0.5 0110 10 
0.999989 -1 1011111111111111110 0 
-0.96875 0.75 010000 101 
0.96875 0.75 101111 101 
-0.21875 0 011100  
-0.875 -0.875 0100 0100 
0.875 -0.875 1011 0100 
-0.625 0.25 0101 100 
-0.15625 0 011101  
0.625 0.25 1010 100 
0.996094 -0.25 101111111 011 
-0.996094 -0.25 010000000 011 
-0.09375 0 011110  
-0.960938 -0.5 01000010 01 
0.960938 -0.5 10111101 01 
-0.859375 -1 0100100 0 
-0.03125 0 011111  
-0.960938 1 01000010 1 
0.960938 1 10111101 1 
-0.998535 0.5 010000000001 10 
-0.1875 -1 01110 0 
0.998535 0.5 101111111110 10 
-0.999977 -0.5 010000000000000001 01 
0.999977 -0.5 101111111111111110 01 
-0.0625 -1 01111 0 
-0.999977 1 010000000000000001 1 
0.999977 1 101111111111111110 1 
-0.953125 -0.75 0100001 010 
-0.1875 1 01110 1 
0.953125 -0.75 1011110 010 
-0.875 -0.625 0100 0101 
0.875 -0.625 1011 0101 
-0.0625 1 01111 1 
-0.995117 -1 01000000010 0 
0.995117 -1 10111111101 0 
-1 0 0100000000000000000000  
-0.125 0.5 0111 10 
-1 -1 0100000000000000000000 0 
1 0 1011111111111111111111  
1 -1 1011111111111111111111 0 
-0.998779 0 0100000000010  
-0.5 -0.9375 01 01000 
0.5 -0.9375 10 01000 
-0.625 0.75 0101 101 
-0.998291 0 0100000000011  
0.625 0.75 1010 101 
-0.828125 -1 0100101 0 
-0.5 -0.8125 01 01001 
0.998291 0 1011111111100  
0.5 -0.8125 10 01001 
-0.75 -0.375 010 0110 
0.75 -0.375 101 0110 
0.998779 0 1011111111101  
0.984375 0.25 1011111 100 
-0.984375 0.25 0100000 100 
-0.953125 -0.25 0100001 011 
0.765625 0 1011000  
0.953125 -0.25 1011110 011 
0.999939 0.5 101111111111111 10 
-0.999939 0.5 010000000000000 10 
0.796875 0 1011001  
-0.999999 -0.5 010000000000000000000 01 
0.999999 -0.5 101111111111111111111 01 
-0.75 -0.125 010 0111 
0.828125 0 1011010  
0.828125 -1 1011010 0 
0.75 -0.125 101 0111 
-0.999999 1 010000000000000000000 1 
0.859375 0 1011011  
0.859375 -1 1011011 0 
0.999999 1 101111111111111111111 1 
-0.998047 -0.75 0100000000 010 
0.03125 0 100000  
0.998047 -0.75 1011111111 010 
-0.945312 -0.5 01000011 01 
0.945312 -0.5 10111100 01 
0.09375 0 100001  
-0.945312 1 01000011 1 
0.945312 1 10111100 1 
-0.993164 -1 01000000011 0 
0.15625 0 100010  
0.993164 -1 10111111100 0 
-0.999994 0 01000000000000000001  
-0.999994 -1 01000000000000000001 0 
0.21875 0 100011  
0.999994 0 10111111111111111110  
0.999994 -1 10111111111111111110 0 
0.984375 0.75 1011111 101 
0.0625 -1 10000 0 
-0.984375 0.75 0100000 101 
-0.998047 -0.25 0100000000 011 
0.998047 -0.25 1011111111 011 
0.1875 -1 10001 0 
-0.9375 -0.875 01000 0100 
0.9375 -0.875 10111 0100 
-0.8125 0.25 01001 100 
0.0625 1 10000 1 
0.8125 0.25 10110 100 
-0.5 -0.6875 01 01010 
0.5 -0.6875 10 01010 
0.1875 1 10001 1 
-0.980469 -0.5 010000010 01 
0.980469 -0.5 101111101 01 
-0.4375 -0.5 01100 01 
0.125 0.5 1000 10 
0.4375 -0.5 10011 01 
-0.980469 1 010000010 1 
0.980469 1 101111101 1 
0.28125 0 100100  
-0.999268 0.5 0100000000001 10 
0.999268 0.5 1011111111110 10 
0.4375 1 10011 1 
0.34375 0 100101  
-0.999989 -0.5 0100000000000000001 01 
0.999989 -0.5 1011111111111111110 01 
-0.5 -0.5625 01 01011 
-0.99939 0 01000000000010  
0.5 -0.5625 10 01011 
-0.999989 1 0100000000000000001 1 
0.999989 1 1011111111111111110 1 
-0.999146 0 01000000000011  
-0.976562 -0.75 01000001 010 
0.976562 -0.75 10111110 010 
-0.9375 -0.625 01000 0101 
0.40625 0 100110  
0.9375 -0.625 10111 0101 
-0.997559 -1 010000000010 0 
0.997559 -1 101111111101 0 
0.46875 0 100111  
-1 0 01000000000000000000000  
-1 -1 01000000000000000000000 0 
1 0 10111111111111111111111  
0.999146 0 10111111111100  
1 -1 10111111111111111111111 0 
-0.8125 0.75 01001 101 
0.8125 0.75 10110 101 
0.99939 0 10111111111101  
-0.875 -0.375 0100 0110 
0.875 -0.375 1011 0110 
-0.3125 -0.5 01101 01 
0.3125 1 10010 1 
0.3125 -0.5 10010 01 
-0.59375 -1 010110 0 
0.59375 -1 101001 0 
0.375 0.5 1001 10 
0.992188 0.25 10111111 100 
-0.992188 0.25 01000000 100 
-0.976562 -0.25 01000001 011 
-0.929688 0 01000100  
-0.929688 -1 01000100 0 
0.976562 -0.25 10111110 011 
-0.25 -0.875 011 0100 
-0.914062 0 01000101  
-0.914062 -1 01000101 0 
0.25 -0.875 100 0100 
-0.999969 0.5 0100000000000000 10 
-0.898438 0 01000110  
0.999969 0.5 1011111111111111 10 
-1 -0.5 0100000000000000000000 01 
1 -0.5 1011111111111111111111 01 
-0.882812 0 01000111  
-0.875 -0.125 0100 0111 
0.875 -0.125 1011 0111 
-1 1 0100000000000000000000 1 
0.882812 0 10111000  
1 1 1011111111111111111111 1 
0.999023 -0.75 10111111111 010 
-0.999023 -0.75 01000000000 010 
0.898438 0 10111001  
-0.972656 -0.5 010000011 01 
0.972656 -0.5 101111100 01 
-0.972656 1 010000011 1 
0.914062 0 10111010  
0.914062 -1 10111010 0 
0.972656 1 101111100 1 
-0.25 -0.625 011 0101 
0.929688 0 10111011  
0.929688 -1 10111011 0 
0.25 -0.625 100 0101 
-0.5 -0.4375 01 01100 
-0.999695 0 010000000000010  
0.5 -0.4375 10 01100 
-0.53125 -1 010111 0 
0.53125 -1 101000 0 
-0.999573 0 010000000000011  
-1 0.0625 0 10000 
1 0.0625 1 10000 
-0.996582 -1 010000000011 0 
0.999573 0 101111111111100  
0.996582 -1 101111111100 0 
-0.999997 0 010000000000000000001  
-0.999997 -1 010000000000000000001 0 
0.999695 0 101111111111101  
0.999997 0 101111111111111111110  
0.999997 -1 101111111111111111110 0 
-0.71875 -0.5 010100 01 
-1 -0.96875 0 010000 
0.71875 -0.5 101011 01 
-0.5 -0.3125 01 01101 
0.5 -0.3125 10 01101 
1 -0.96875 1 010000 
0.75 0.125 101 1000 
-0.75 0.125 010 1000 
-0.71875 1 010100 1 
0 -0.984375  0100000 
0.71875 1 101011 1 
-0.992188 0.75 01000000 101 
0.992188 0.75 10111111 101 
0 -0.953125  0100001 
-1 0.1875 0 10001 
1 0.1875 1 10001 
0.999023 -0.25 10111111111 011 
-1 -0.90625 0 010001 
-0.999023 -0.25 01000000000 011 
0.96875 -0.875 101111 0100 
-0.96875 -0.875 010000 0100 
1 -0.90625 1 010001 
-0.75 0.375 010 1001 
0.75 0.375 101 1001 
-0.90625 0.25 010001 100 
0 -0.921875  0100010 
0.90625 0.25 101110 100 
-0.990234 -0.5 0100000010 01 
0.990234 -0.5 1011111101 01 
0 -0.890625  0100011 
-0.990234 1 0100000010 1 
0.990234 1 1011111101 1 
-0.999634 0.5 01000000000001 10 
-1 -0.84375 0 010010 
0.999634 0.5 10111111111110 10 
-0.999994 -0.5 01000000000000000001 01 
0.999994 -0.5 10111111111111111110 01 
1 -0.84375 1 010010 
-0.999994 1 01000000000000000001 1 
0.999994 1 10111111111111111110 1 
-0.988281 -0.75 010000001 010 
0 -0.859375  0100100 
0.988281 -0.75 101111110 010 
-0.96875 -0.625 010000 0101 
0.96875 -0.625 101111 0101 
0 -0.828125  0100101 
-0.65625 -0.5 010101 01 
0.65625 -0.5 101010 01 
-0.998779 -1 0100000000010 0 
-1 -0.78125 0 010011 
0.998779 -1 1011111111101 0 
-0.65625 1 010101 1 
0.65625 1 101010 1 
1 -0.78125 1 010011 
-1 0 010000000000000000000000  
-1 -1 010000000000000000000000 0 
1 0 101111111111111111111111  
0 -0.796875  0100110 
1 -1 101111111111111111111111 0 
-0.90625 0.75 010001 101 
0.90625 0.75 101110 101 
0 -0.765625  0100111 
-0.9375 -0.375 01000 0110 
0.9375 -0.375 10111 0110 
-0.5 -0.1875 01 01110 
-0.964844 0 010000100  
-0.964844 -1 010000100 0 
0.5 -0.1875 10 01110 
-0.625 -0.875 0101 0100 
-0.957031 0 010000101  
-0.957031 -1 010000101 0 
0.625 -0.875 1010 0100 
-0.996094 0.25 010000000 100 
-0.949219 0 010000110  
0.996094 0.25 101111111 100 
-0.796875 -1 0100110 0 
0.796875 -1 1011001 0 
-0.941406 0 010000111  
-0.988281 -0.25 010000001 011 
0.988281 -0.25 101111110 011 
-1 0.3125 0 10010 
0.941406 0 101111000  
1 0.3125 1 10010 
0.999985 0.5 10111111111111111 10 
-0.999985 0.5 01000000000000000 10 
0.949219 0 101111001  
-0.5 -0.0625 01 01111 
0.5 -0.0625 10 01111 
-1 -0.5 01000000000000000000000 01 
-0.999847 0 0100000000000010  
1 -0.5 10111111111111111111111 01 
-1 0.4375 0 10011 
1 0.4375 1 10011 
-0.999786 0 0100000000000011  
-1 1 01000000000000000000000 1 
1 1 10111111111111111111111 1 
-0.9375 -0.125 01000 0111 
0.957031 0 101111010  
0.957031 -1 101111010 0 
0.9375 -0.125 10111 0111 
-0.999512 -0.75 010000000000 010 
0.964844 0 101111011  
0.964844 -1 101111011 0 
0.999512 -0.75 101111111111 010 
-0.986328 -0.5 0100000011 01 
0.999786 0 1011111111111100  
0.986328 -0.5 1011111100 01 
-0.625 -0.625 0101 0101 
0.625 -0.625 1010 0101 
0.999847 0 1011111111111101  
-0.986328 1 0100000011 1 
0.986328 1 1011111100 1 
-0.765625 -1 0100111 0 
-1 -0.71875 0 010100 
0.765625 -1 1011000 0 
-0.998291 -1 0100000000011 0 
0.998291 -1 1011111111100 0 
1 -0.71875 1 010100 
-0.999999 0 0100000000000000000001  
-0.999999 -1 0100000000000000000001 0 
0.999999 0 1011111111111111111110  
0 -0.734375  0101000 
0.999999 -1 1011111111111111111110 0 
0.875 0.125 1011 1000 
-0.875 0.125 0100 1000 
0 -0.703125  0101001 
0.996094 0.75 101111111 101 
-0.996094 0.75 010000000 101 
-0.859375 -0.5 0100100 01 
-1 -0.65625 0 010101 
0.859375 -0.5 1011011 01 
-0.6875 0.5 01010 10 
0.6875 0.5 10101 10 
1 -0.65625 1 010101 
-0.859375 1 0100100 1 
0.859375 1 1011011 1 
-0.25 -0.375 011 0110 
0 -0.671875  0101010 
0.25 -0.375 100 0110 
-0.999512 -0.25 010000000000 011 
0.999512 -0.25 101111111111 011 
0 -0.640625  0101011 
-0.984375 -0.875 0100000 0100 
0.984375 -0.875 1011111 0100 
0.953125 0.25 1011110 100 
-1 -0.59375 0 010110 
-0.953125 0.25 0100001 100 
-0.875 0.375 0100 1001 
0.875 0.375 1011 1001 
1 -0.59375 1 010110 
-0.995117 -0.5 01000000010 01 
0.995117 -0.5 10111111101 01 
-0.995117 1 01000000010 1 
0 -0.609375  0101100 
0.995117 1 10111111101 1 
-0.999817 0.5 010000000000001 10 
0.999817 0.5 101111111111110 10 
0 -0.578125  0101101 
-0.999997 -0.5 010000000000000000001 01 
0.999997 -0.5 101111111111111111110 01 
-0.25 -0.125 011 0111 
(1.000000)  ; (1.718282)  ; (-1.000000)  ; (-1.718282)  ; (-1.000000)  ; (-1.718282)  ; (-0.639990)  ; (0.639990)  ; (-0.632121)  ; (0.639990)  ; (0.632121)  ; (0.632121)  ; (0.616025)  ; (1.058505)  ; (0.616025)  ; (1.058505)  ; (-0.013897)  ; (-0.394250)  ; (-0.394250)  ; (-0.389402)  ; (0.012270)  ; (-0.389402)  ; (0.136919)  ; (0.235265)  ; (0.080621)  ; (0.136919)  ; (0.235265)  ; (0.096298)  ; (-0.056273)  ; (0.165467)  ; (-0.096693)  ; (0.096298)  ; (-0.056273)  ; (0.165467)  ; (-0.096693)  ; (-0.087627)  ; (0.013897)  ; (-0.087627)  ; (-0.086549)  ; (-0.086549)  ; (0.013897)  ; (-0.080621)  ; (-0.080621)  ; (0.067573)  ; (-0.002140)  ; (0.116109)  ; (0.067573)  ; (0.116109)  ; (0.002011)  ; (-0.061630)  ; (-0.061630)  ; (-0.060872)  ; (-0.012270)  ; (-0.060872)  ; (0.049665)  ; (0.049665)  ; (-0.012270)  ; (0.047566)  ; (0.081731)  ; (0.047566)  ; (-0.001298)  ; (0.081731)  ; (-0.043246)  ; (-0.043246)  ; (0.001220)  ; (-0.042714)  ; (-0.042714)  ; (-0.040213)  ; (-0.005112)  ; (-0.069098)  ; (-0.040213)  ; (-0.069098)  ; (0.004514)  ; (0.036014)  ; (0.036014)  ; (0.035571)  ; (-0.028170)  ; (-0.048404)  ; (0.035571)  ; (0.033554)  ; (0.001081)  ; (0.057655)  ; (0.033554)  ; (0.057655)  ; (-0.000774)  ; (-0.030442)  ; (-0.030442)  ; (-0.030067)  ; (-0.028170)  ; (-0.048404)  ; (-0.030067)  ; (0.025736)  ; (-0.000774)  ; (0.025736)  ; (0.025420)  ; (0.025420)  ; (0.001081)  ; (0.023697)  ; (0.040718)  ; (0.023697)  ; (-0.008561)  ; (0.040718)  ; (-0.021474)  ; (-0.021474)  ; (-0.008561)  ; (-0.021210)  ; (-0.021210)  ; (-0.019793)  ; (0.002140)  ; (-0.034010)  ; (-0.019793)  ; (-0.034010)  ; (0.002140)  ; (0.018029)  ; (0.018029)  ; (0.017807)  ; (-0.000298)  ; (0.017807)  ; (0.016746)  ; (0.028774)  ; (0.000289)  ; (0.016746)  ; (0.028774)  ; (-0.015166)  ; (-0.002011)  ; (-0.015166)  ; (-0.014979)  ; (-0.014979)  ; (-0.002011)  ; (-0.013947)  ; (-0.023965)  ; (-0.013947)  ; (-0.000232)  ; (-0.023965)  ; (0.012667)  ; (0.012667)  ; (0.000225)  ; (0.012511)  ; (0.012511)  ; (0.011837)  ; (0.007558)  ; (0.020340)  ; (0.011837)  ; (0.020340)  ; (0.011039)  ; (0.011039)  ; (-0.010717)  ; (-0.010717)  ; (0.007558)  ; (-0.010585)  ; (-0.010585)  ; (-0.009844)  ; (0.001298)  ; (-0.016915)  ; (-0.009844)  ; (-0.016915)  ; (0.001298)  ; (0.008926)  ; (0.008926)  ; (0.008816)  ; (-0.000181)  ; (0.008816)  ; (0.008369)  ; (0.014380)  ; (0.000175)  ; (0.008369)  ; (0.014380)  ; (0.007764)  ; (-0.001220)  ; (0.007764)  ; (-0.007576)  ; (-0.007576)  ; (-0.001220)  ; (-0.007483)  ; (-0.007483)  ; (-0.006955)  ; (-0.000141)  ; (-0.011950)  ; (-0.006955)  ; (-0.011950)  ; (0.000136)  ; (0.006300)  ; (0.006300)  ; (0.006223)  ; (0.000930)  ; (0.006223)  ; (0.005917)  ; (0.010168)  ; (-0.000751)  ; (0.005917)  ; (0.010168)  ; (0.005448)  ; (0.005112)  ; (0.005448)  ; (-0.005356)  ; (-0.005356)  ; (0.005112)  ; (-0.005290)  ; (-0.005290)  ; (-0.004915)  ; (-0.000787)  ; (-0.008446)  ; (-0.004915)  ; (-0.008446)  ; (0.000740)  ; (-0.004537)  ; (-0.004537)  ; (-0.004514)  ; (-0.000751)  ; (-0.004514)  ; (0.004451)  ; (0.004451)  ; (0.000930)  ; (0.004396)  ; (0.004396)  ; (0.004184)  ; (-0.000478)  ; (0.007189)  ; (0.004184)  ; (0.007189)  ; (0.000449)  ; (0.003835)  ; (0.003835)  ; (-0.003787)  ; (0.000649)  ; (-0.003787)  ; (-0.003740)  ; (-0.003740)  ; (-0.000526)  ; (-0.003475)  ; (-0.005971)  ; (-0.003475)  ; (0.000221)  ; (-0.005971)  ; (-0.003242)  ; (-0.003242)  ; (-0.000190)  ; (-0.003149)  ; (-0.003149)  ; (0.003146)  ; (0.001857)  ; (0.003146)  ; (0.003107)  ; (0.003107)  ; (-0.000683)  ; (0.002958)  ; (0.005084)  ; (0.002958)  ; (0.000055)  ; (0.005084)  ; (0.002781)  ; (0.002781)  ; (-0.000042)  ; (0.002705)  ; (0.002705)  ; (-0.002678)  ; (-0.001331)  ; (-0.002678)  ; (-0.002645)  ; (-0.002645)  ; (0.000490)  ; (-0.002457)  ; (-0.004222)  ; (-0.002457)  ; (-0.000526)  ; (-0.004222)  ; (-0.002271)  ; (-0.002271)  ; (0.000649)  ; (0.002224)  ; (0.002224)  ; (0.002197)  ; (-0.000042)  ; (0.002197)  ; (0.002092)  ; (0.003595)  ; (0.000055)  ; (0.002092)  ; (0.003595)  ; (0.001910)  ; (-0.001331)  ; (0.001910)  ; (-0.001903)  ; (-0.001903)  ; (0.000490)  ; (-0.001893)  ; (-0.001893)  ; (-0.001870)  ; (-0.000190)  ; (-0.001870)  ; (0.001857)  ; (-0.001737)  ; (0.000221)  ; (-0.002985)  ; (-0.001737)  ; (-0.002985)  ; (-0.000683)  ; (0.001680)  ; (0.001680)  ; (0.001598)  ; (0.000782)  ; (0.001598)  ; (-0.001596)  ; (-0.001596)  ; (0.000782)  ; (0.001572)  ; (0.001572)  ; (0.001553)  ; (0.000452)  ; (0.001553)  ; (0.001479)  ; (0.002542)  ; (-0.000366)  ; (0.001479)  ; (0.002542)  ; (0.001350)  ; (-0.001318)  ; (0.001350)  ; (-0.001339)  ; (-0.001339)  ; (-0.000366)  ; (-0.001338)  ; (-0.001338)  ; (-0.001322)  ; (0.000452)  ; (-0.001322)  ; (-0.001318)  ; (-0.001291)  ; (0.000298)  ; (-0.001291)  ; (0.001239)  ; (0.001239)  ; (0.000298)  ; (-0.001228)  ; (-0.002111)  ; (-0.001228)  ; (-0.000039)  ; (-0.002111)  ; (0.001182)  ; (0.001182)  ; (0.000039)  ; (-0.001124)  ; (-0.001124)  ; (0.001115)  ; (-0.000289)  ; (0.001115)  ; (0.001112)  ; (0.001112)  ; (-0.000289)  ; (0.001098)  ; (0.001098)  ; (0.001046)  ; (-0.000035)  ; (0.001797)  ; (0.001046)  ; (0.001797)  ; (0.000034)  ; (0.000954)  ; (0.000954)  ; (-0.000947)  ; (0.000316)  ; (-0.000947)  ; (-0.000939)  ; (-0.000939)  ; (-0.000256)  ; (-0.000935)  ; (-0.000935)  ; (-0.000905)  ; (-0.000256)  ; (-0.000905)  ; (-0.000869)  ; (-0.001492)  ; (0.000316)  ; (-0.000869)  ; (-0.001492)  ; (0.000829)  ; (0.000232)  ; (0.000829)  ; (-0.000800)  ; (-0.000800)  ; (0.000232)  ; (-0.000794)  ; (-0.000794)  ; (0.000787)  ; (-0.000031)  ; (0.000787)  ; (0.000786)  ; (0.000786)  ; (0.000030)  ; (0.000776)  ; (0.000776)  ; (0.000776)  ; (-0.000225)  ; (0.000776)  ; (0.000751)  ; (0.000751)  ; (-0.000225)  ; (-0.000740)  ; (-0.000740)  ; (0.000740)  ; (-0.000027)  ; (0.001271)  ; (0.000740)  ; (0.001271)  ; (0.000027)  ; (-0.000700)  ; (-0.000700)  ; (-0.000692)  ; (-0.000690)  ; (-0.000692)  ; (-0.000690)  ; (0.000675)  ; (0.000223)  ; (0.000675)  ; (-0.000669)  ; (-0.000669)  ; (-0.000180)  ; (-0.000661)  ; (-0.000661)  ; (-0.000661)  ; (-0.000180)  ; (-0.000661)  ; (-0.000629)  ; (-0.000629)  ; (0.000223)  ; (0.000618)  ; (0.000618)  ; (-0.000614)  ; (0.000181)  ; (-0.001055)  ; (-0.000614)  ; (-0.001055)  ; (0.000181)  ; (-0.000595)  ; (-0.000595)  ; (-0.000588)  ; (-0.000024)  ; (-0.000588)  ; (0.000584)  ; (0.000584)  ; (0.000023)  ; (-0.000561)  ; (-0.000561)  ; (0.000559)  ; (-0.000175)  ; (0.000559)  ; (0.000556)  ; (0.000556)  ; (-0.000175)  ; (0.000549)  ; (0.000549)  ; (0.000544)  ; (-0.000021)  ; (0.000544)  ; (0.000523)  ; (0.000899)  ; (0.000021)  ; (0.000523)  ; (0.000899)  ; (0.000496)  ; (0.000157)  ; (0.000496)  ; (-0.000493)  ; (-0.000493)  ; (-0.000127)  ; (-0.000492)  ; (-0.000492)  ; (-0.000485)  ; (0.000141)  ; (-0.000485)  ; (0.000481)  ; (0.000481)  ; (0.000141)  ; (0.000478)  ; (0.000478)  ; (0.000477)  ; (-0.000019)  ; (0.000477)  ; (0.000475)  ; (0.000475)  ; (0.000018)  ; (-0.000473)  ; (-0.000473)  ; (-0.000468)  ; (-0.000127)  ; (-0.000468)  ; (-0.000466)  ; (-0.000466)  ; (0.000157)  ; (0.000456)  ; (0.000456)  ; (-0.000449)  ; (-0.000136)  ; (-0.000449)  ; (-0.000440)  ; (-0.000440)  ; (-0.000136)  ; (0.000435)  ; (0.000435)  ; (-0.000434)  ; (-0.000016)  ; (-0.000746)  ; (-0.000434)  ; (-0.000746)  ; (0.000016)  ; (-0.000415)  ; (-0.000415)  ; (0.000412)  ; (0.000169)  ; (0.000412)  ; (-0.000410)  ; (-0.000410)  ; (-0.000149)  ; (-0.000396)  ; (-0.000396)  ; (0.000393)  ; (0.000071)  ; (0.000393)  ; (0.000391)  ; (0.000391)  ; (-0.000064)  ; (0.000388)  ; (0.000388)  ; (0.000382)  ; (0.000111)  ; (0.000382)  ; (0.000380)  ; (0.000380)  ; (-0.000090)  ; (0.000370)  ; (0.000635)  ; (0.000370)  ; (-0.000110)  ; (0.000635)  ; (-0.000346)  ; (-0.000346)  ; (0.000106)  ; (-0.000345)  ; (-0.000345)  ; (0.000337)  ; (-0.000090)  ; (0.000337)  ; (0.000337)  ; (0.000337)  ; (0.000111)  ; (-0.000335)  ; (-0.000335)  ; (0.000333)  ; (-0.000085)  ; (0.000333)  ; (-0.000331)  ; (-0.000331)  ; (0.000083)  ; (-0.000329)  ; (-0.000329)  ; (-0.000326)  ; (-0.000064)  ; (-0.000326)  ; (-0.000310)  ; (-0.000310)  ; (0.000071)  ; (-0.000307)  ; (-0.000528)  ; (-0.000307)  ; (-0.000149)  ; (-0.000528)  ; (0.000305)  ; (0.000305)  ; (0.000169)  ; (-0.000294)  ; (-0.000294)  ; (-0.000293)  ; (-0.000066)  ; (-0.000293)  ; (0.000291)  ; (0.000291)  ; (0.000064)  ; (0.000291)  ; (0.000291)  ; (-0.000289)  ; (-0.000052)  ; (-0.000289)  ; (0.000288)  ; (0.000288)  ; (0.000050)  ; (-0.000286)  ; (-0.000286)  ; (-0.000280)  ; (0.000118)  ; (-0.000280)  ; (0.000278)  ; (0.000278)  ; (-0.000104)  ; (0.000276)  ; (0.000276)  ; (0.000275)  ; (0.000050)  ; (0.000275)  ; (0.000275)  ; (0.000275)  ; (-0.000046)  ; (0.000275)  ; (0.000275)  ; (0.000270)  ; (0.000078)  ; (0.000270)  ; (0.000261)  ; (0.000449)  ; (-0.000063)  ; (0.000261)  ; (0.000449)  ; (-0.000257)  ; (-0.000063)  ; (-0.000257)  ; (-0.000254)  ; (-0.000254)  ; (0.000078)  ; (-0.000243)  ; (-0.000243)  ; (-0.000243)  ; (0.000036)  ; (-0.000243)  ; (0.000239)  ; (0.000239)  ; (-0.000033)  ; (-0.000237)  ; (-0.000237)  ; (0.000234)  ; (0.000019)  ; (0.000234)  ; (-0.000234)  ; (-0.000234)  ; (-0.000018)  ; (-0.000233)  ; (-0.000233)  ; (0.000231)  ; (-0.000140)  ; (0.000231)  ; (-0.000218)  ; (-0.000218)  ; (0.000120)  ; (-0.000217)  ; (-0.000373)  ; (-0.000217)  ; (0.000087)  ; (-0.000373)  ; (0.000215)  ; (0.000215)  ; (0.000010)  ; (-0.000206)  ; (-0.000206)  ; (0.000206)  ; (-0.000009)  ; (0.000206)  ; (0.000205)  ; (0.000205)  ; (0.000003)  ; (-0.000202)  ; (-0.000202)  ; (0.000202)  ; (-0.000003)  ; (-0.000200)  ; (-0.000200)  ; (-0.000198)  ; (0.000094)  ; (-0.000198)  ; (0.000197)  ; (0.000197)  ; (-0.000072)  ; (0.000194)  ; (0.000194)  ; (0.000194)  ; (-0.000035)  ; (0.000194)  ; (0.000194)  ; (0.000194)  ; (0.000026)  ; (0.000190)  ; (0.000190)  ; (0.000185)  ; (-0.000062)  ; (0.000318)  ; (0.000185)  ; (0.000318)  ; (0.000055)  ; (-0.000183)  ; (-0.000183)  ; (-0.000182)  ; (-0.000045)  ; (-0.000182)  ; (-0.000179)  ; (0.000178)  ; (-0.000045)  ; (0.000178)  ; (-0.000178)  ; (-0.000178)  ; (0.000055)  ; (-0.000172)  ; (-0.000172)  ; (-0.000171)  ; (-0.000046)  ; (-0.000171)  ; (0.000169)  ; (0.000169)  ; (0.000050)  ; (-0.000167)  ; (-0.000167)  ; (0.000167)  ; (-0.000104)  ; (-0.000179)  ; (0.000167)  ; (-0.000165)  ; (0.000118)  ; (0.000202)  ; (-0.000165)  ; (-0.000165)  ; (-0.000003)  ; (-0.000165)  ; (0.000164)  ; (0.000164)  ; (0.000003)  ; (0.000162)  ; (0.000162)  ; (-0.000154)  ; (-0.000009)  ; (-0.000154)  ; (-0.000154)  ; (-0.000264)  ; (0.000010)  ; (-0.000154)  ; (-0.000264)  ; (0.000151)  ; (-0.000072)  ; (0.000151)  ; (0.000145)  ; (0.000145)  ; (0.000094)  ; (-0.000145)  ; (-0.000145)  ; (0.000144)  ; (0.000026)  ; (0.000144)  ; (-0.000143)  ; (-0.000143)  ; (-0.000035)  ; (-0.000142)  ; (-0.000142)  ; (-0.000141)  ; (-0.000062)  ; (-0.000141)  ; (-0.000141)  ; (-0.000141)  ; (-0.000018)  ; (-0.000140)  ; (-0.000140)  ; (-0.000140)  ; (0.000019)  ; (0.000139)  ; (0.000139)  ; (0.000138)  ; (0.000039)  ; (0.000138)  ; (0.000137)  ; (0.000137)  ; (-0.000032)  ; (0.000137)  ; (0.000137)  ; (0.000136)  ; (-0.000033)  ; (0.000136)  ; (0.000135)  ; (0.000135)  ; (0.000036)  ; (0.000131)  ; (0.000225)  ; (0.000131)  ; (-0.000032)  ; (0.000225)  ; (-0.000127)  ; (-0.000127)  ; (0.000039)  ; (-0.000125)  ; (-0.000125)  ; (0.000122)  ; (0.000120)  ; (0.000122)  ; (0.000121)  ; (0.000121)  ; (0.000087)  ; (-0.000121)  ; (-0.000121)  ; (-0.000121)  ; (0.000082)  ; (0.000141)  ; (-0.000121)  ; (0.000120)  ; (-0.000072)  ; (-0.000124)  ; (0.000120)  ; (0.000119)  ; (0.000035)  ; (0.000119)  ; (-0.000118)  ; (-0.000118)  ; (-0.000032)  ; (0.000117)  ; (0.000117)  ; (-0.000117)  ; (-0.000032)  ; (-0.000117)  ; (-0.000116)  ; (-0.000116)  ; (0.000035)  ; (0.000115)  ; (0.000115)  ; (0.000114)  ; (-0.000072)  ; (-0.000124)  ; (0.000114)  ; (-0.000113)  ; (0.000082)  ; (0.000141)  ; (-0.000113)  ; (-0.000111)  ; (0.000028)  ; (-0.000111)  ; (-0.000110)  ; (-0.000110)  ; (-0.000022)  ; (0.000110)  ; (0.000110)  ; (-0.000109)  ; (-0.000022)  ; (-0.000109)  ; (-0.000109)  ; (-0.000187)  ; (0.000028)  ; (-0.000109)  ; (-0.000187)  ; (-0.000108)  ; (0.000039)  ; (-0.000108)  ; (0.000108)  ; (0.000108)  ; (0.000039)  ; (-0.000108)  ; (-0.000108)  ; (-0.000107)  ; (-0.000005)  ; (-0.000107)  ; (0.000107)  ; (0.000107)  ; (0.000005)  ; (-0.000106)  ; (-0.000106)  ; (0.000103)  ; (-0.000039)  ; (0.000103)  ; (-0.000102)  ; (-0.000102)  ; (-0.000039)  ; (0.000101)  ; (0.000101)  ; (0.000101)  ; (-0.000005)  ; (0.000101)  ; (-0.000100)  ; (-0.000100)  ; (0.000005)  ; (-0.000099)  ; (-0.000099)  ; (-0.000099)  ; (0.000035)  ; (-0.000099)  ; (0.000098)  ; (0.000098)  ; (0.000035)  ; (0.000097)  ; (0.000097)  ; (0.000097)  ; (-0.000004)  ; (0.000097)  ; (0.000096)  ; (0.000096)  ; (0.000004)  ; (0.000096)  ; (0.000096)  ; (0.000095)  ; (-0.000034)  ; (0.000095)  ; (0.000094)  ; (0.000094)  ; (-0.000034)  ; (0.000092)  ; (0.000159)  ; (0.000092)  ; (-0.000004)  ; (0.000159)  ; (-0.000089)  ; (-0.000089)  ; (0.000004)  ; (-0.000088)  ; (-0.000088)  ; (-0.000087)  ; (0.000057)  ; (0.000099)  ; (-0.000087)  ; (0.000086)  ; (-0.000051)  ; (-0.000087)  ; (0.000086)  ; (-0.000086)  ; (0.000024)  ; (-0.000086)  ; (0.000086)  ; (0.000086)  ; (-0.000022)  ; (-0.000085)  ; (-0.000085)  ; (0.000085)  ; (-0.000022)  ; (0.000085)  ; (0.000084)  ; (0.000084)  ; (0.000024)  ; (0.000084)  ; (0.000084)  ; (-0.000084)  ; (0.000020)  ; (-0.000084)  ; (-0.000083)  ; (-0.000083)  ; (-0.000016)  ; (-0.000083)  ; (-0.000083)  ; (0.000082)  ; (-0.000051)  ; (-0.000087)  ; (0.000082)  ; (-0.000082)  ; (0.000057)  ; (0.000099)  ; (-0.000082)  ; (0.000081)  ; (-0.000016)  ; (0.000081)  ; (-0.000081)  ; (-0.000081)  ; (0.000020)  ; (0.000080)  ; (0.000080)  ; (-0.000078)  ; (0.000031)  ; (-0.000078)  ; (-0.000077)  ; (-0.000077)  ; (0.000031)  ; (-0.000077)  ; (-0.000132)  ; (-0.000077)  ; (-0.000004)  ; (-0.000132)  ; (-0.000076)  ; (-0.000076)  ; (0.000004)  ; (0.000076)  ; (0.000076)  ; (-0.000075)  ; (-0.000030)  ; (-0.000075)  ; (0.000075)  ; (0.000075)  ; (-0.000030)  ; (-0.000074)  ; (-0.000074)  ; (0.000073)  ; (-0.000004)  ; (0.000073)  ; (0.000073)  ; (0.000073)  ; (0.000004)  ; (-0.000072)  ; (-0.000072)  ; (0.000071)  ; (0.000027)  ; (0.000071)  ; (0.000071)  ; (0.000071)  ; (0.000027)  ; (-0.000071)  ; (-0.000071)  ; (-0.000070)  ; (-0.000003)  ; (-0.000070)  ; (-0.000070)  ; (-0.000070)  ; (0.000003)  ; (0.000069)  ; (0.000069)  ; (-0.000069) 
