For cross section = macro_fission0
=================
0. BEGIN for information of KL in the DIRECTION = 0
In KL, to select the first eigenvectors, eps = 1e-10
=================
=================
Total number of eigenvalues: 21
=================
Eigenvalues in decreasing values, decreasedEigenVals = : [  3.47345388e-02   1.42819964e-07   3.93530039e-10   1.99462204e-11
   9.97307181e-13   2.98196642e-14   5.83959177e-15   1.67908395e-15
   1.05373584e-15   8.12723250e-16   4.41555993e-16   1.44269287e-16
   6.68629500e-17   4.16723095e-17   1.49482502e-17   4.72164312e-18
   1.53902433e-19   1.02071678e-20   4.41434297e-25   5.15153930e-32
  -1.11138824e-19]
=================
Eigenvectors corresponding to decreasing eigenvalues, decreasedEigenVects = : [[  2.38340166e-01   2.38218299e-01   2.38124382e-01   2.38124382e-01
    2.37772296e-01   2.36815386e-01   2.35307054e-01   2.33475540e-01
    2.31608315e-01   2.30003018e-01   2.28920548e-01   2.28538661e-01
    2.28538661e-01   2.25802064e-01   2.17843678e-01   2.05728285e-01
    1.91544613e-01   1.77828032e-01   1.66759637e-01   1.59704823e-01
    1.57291948e-01]
 [  3.06173835e-01   3.04824824e-01   3.03556734e-01   3.03556734e-01
    2.97856519e-01   2.83308964e-01   2.62864494e-01   2.39792865e-01
    2.17729652e-01   1.99614431e-01   1.87826336e-01   1.83664767e-01
    1.83664767e-01   1.55434800e-01   8.30671261e-02  -4.07006525e-03
   -8.06508214e-02  -1.33322760e-01  -1.62011489e-01  -1.74274811e-01
   -1.77463260e-01]
 [  3.73711255e-01   3.60589568e-01   3.42845690e-01   3.42845690e-01
    2.50858690e-01   8.44001913e-02  -2.32465231e-02  -7.97624182e-02
   -1.09073079e-01  -1.21406946e-01  -1.25462103e-01  -1.26235788e-01
   -1.26235788e-01  -1.21683603e-01  -5.70014210e-02   8.04544407e-02
    1.64073023e-01   8.58597871e-02  -1.19439144e-01  -3.24148709e-01
   -4.07266012e-01]
 [  4.46648885e-01   4.35347658e-01   4.20761337e-01   4.20761337e-01
    3.63381096e-01   2.48193059e-01   1.55626294e-01   8.72818707e-02
    3.65264000e-02   3.75090751e-03  -1.34574260e-02  -1.97605423e-02
   -1.97605423e-02  -5.61747607e-02  -1.01646716e-01  -8.47511293e-02
   -8.67038590e-03   4.83335723e-02   6.09005862e-02   3.93087592e-02
    2.77058007e-02]
 [  4.99474604e-01   4.74728696e-01   4.40669329e-01   4.40669329e-01
    2.77340017e-01   3.56570540e-02  -7.82803910e-02  -9.29273942e-02
   -8.09893538e-02  -6.92496586e-02  -5.73715802e-02  -5.27956060e-02
   -5.27956060e-02  -2.40181645e-02   2.75790718e-02   4.39816117e-02
   -7.00304862e-03  -4.85695304e-02  -1.11599063e-02   6.53518796e-02
    1.16319753e-01]
 [  4.54404049e-01   4.60204966e-01   4.50445791e-01   4.50445791e-01
    1.08196592e-01  -7.29768830e-02  -1.28207028e-01  -9.04265793e-02
   -8.03239661e-02  -3.97553156e-02   4.58928730e-03   2.55268453e-02
    2.55268453e-02   7.51474624e-02   8.71663154e-02  -3.27054527e-02
   -9.80090387e-02   7.70548109e-02   9.14568173e-02  -1.37083861e-01
   -2.60592331e-01]
 [  2.98277240e-01   4.11255512e-01   5.05849510e-01   5.05849514e-01
    8.76223300e-03  -1.04327727e-01  -1.53814734e-01  -2.98627038e-02
   -2.54570412e-02   4.36597811e-02   1.19189757e-01   1.95630213e-01
    1.95630213e-01   9.12190828e-02   3.77593316e-02  -1.45058555e-01
    1.36086456e-01  -6.97448383e-02   1.25610227e-02   2.85531003e-02
   -2.14876561e-01]
 [ -2.42463370e-02   1.04027446e-01  -9.78730349e-02  -9.78730292e-02
    6.50138923e-02  -2.48262533e-01   5.31600656e-01  -1.15643070e-01
   -1.00340153e-01  -3.47888259e-01  -3.18892675e-01  -2.73046797e-01
   -2.73046797e-01  -2.04792325e-02   1.77049359e-01  -1.10360356e-01
   -4.93929883e-03   1.22301932e-01  -1.96769161e-01   1.97631688e-01
   -2.98326359e-01]
 [ -2.50756280e-01  -6.77263988e-02  -7.98296400e-02  -7.98296697e-02
   -1.39617503e-01   6.89882716e-02   3.66020689e-01  -2.49172109e-01
   -2.37323451e-01   2.12041644e-01  -1.56788889e-01  -3.54950895e-03
   -3.54950895e-03  -6.28742079e-02   7.86504704e-02  -4.17136803e-02
    3.58870473e-02  -5.85409284e-02   8.93134576e-02  -1.65004634e-01
    7.22349702e-01]
 [  5.11022359e-01   4.07989601e-01   4.52066470e-01   4.52066464e-01
    5.46382124e-03  -2.87977008e-01   1.05834730e-01   8.08302021e-02
   -9.61947552e-02   6.63431646e-02   1.25879270e-01   9.52817596e-02
    9.52817596e-02   3.19022237e-02  -5.44727678e-02   2.41066409e-02
   -6.54744235e-03   7.83321902e-03  -1.04484680e-02  -4.51382675e-03
    1.02565726e-01]
 [ -8.97280252e-02   8.16441341e-03   5.19174043e-01   5.19174030e-01
   -1.06511363e-01   1.10144562e-01  -2.38754902e-01   1.98746618e-01
   -1.46242641e-01   2.49591516e-01   1.46337453e-01  -9.53223248e-02
   -9.53223248e-02  -9.23151684e-02   6.46238957e-02  -4.38656158e-02
   -1.08538333e-02   7.60015781e-02  -9.58074911e-02   1.35656181e-02
    4.23873086e-01]
 [ -2.14217720e-01  -1.77278840e-01  -5.70871488e-01  -5.70871658e-01
    1.88854602e-01  -4.04757447e-02   2.51745377e-02  -8.15718551e-03
   -1.11443299e-01   1.71908421e-01   1.64913070e-01   1.82528528e-01
    1.82528528e-01  -9.79492799e-02   2.17260784e-02   6.48616037e-03
   -6.69801693e-03  -8.44140632e-03   1.25562394e-02   2.85184768e-02
   -2.93074449e-01]
 [  1.18713875e-01   5.85520669e-01  -5.48268753e-02  -5.48274873e-02
   -3.30733385e-01   1.58475589e-01   8.26931769e-02   1.82062984e-01
   -1.82529205e-01  -3.81862782e-01   5.00136681e-01  -8.42111213e-02
   -8.42111213e-02  -6.57652797e-02   3.39006258e-02   1.07891205e-02
    3.65401575e-03  -3.82453117e-02   4.39389935e-02  -1.25543090e-02
   -9.98273241e-02]
 [ -6.00251340e-01  -5.06569201e-02   3.95121451e-01   3.95123302e-01
   -2.21613360e-01   2.29194674e-01   4.02011916e-02  -1.06216166e-01
   -2.69934181e-01   1.51637264e-01  -5.86622927e-02  -5.41282205e-02
   -5.41282205e-02   1.22776606e-01  -5.22075186e-02   2.15604714e-02
   -8.53516063e-03   8.29433433e-03  -2.25998805e-02   6.05116472e-02
   -2.87419872e-01]
 [ -5.48822654e-01  -5.09099359e-01   3.96692307e-01   3.96691863e-01
    3.60986518e-02   2.30418421e-03   2.48539730e-03   6.50153412e-02
   -4.95525972e-02  -8.50282033e-02  -1.12571634e-01   2.19913670e-01
    2.19913670e-01  -9.43408028e-03   5.96293325e-03   2.50417232e-03
   -1.19843672e-03  -4.41834933e-03   6.33008359e-03  -4.66508737e-03
    6.74023086e-03]
 [  8.34517480e-01   6.82173824e-02  -3.40716554e-01  -3.40716089e-01
    5.40593646e-04  -4.59530774e-03  -1.39401692e-02   1.11655119e-01
   -6.87435540e-02   1.28630773e-02  -2.02556636e-01  -5.74024773e-02
   -5.74024773e-02   1.29474837e-02   5.24161361e-03  -6.89593547e-04
    4.06125413e-03  -1.08645495e-02   1.20132511e-02  -3.46921993e-03
   -3.27452137e-02]
 [ -2.25176580e-01   7.04751346e-01  -3.31091739e-01  -3.31051542e-01
   -9.21268249e-02   4.88808783e-02  -1.71487920e-02  -3.63843401e-02
    1.47013701e-02  -2.28779531e-02  -8.12624808e-02   3.22848509e-01
    3.22848509e-01  -4.40870555e-03  -6.36502783e-03   1.21861721e-03
   -5.44469583e-03   1.58770847e-02  -2.01513633e-02   6.39269924e-03
    6.56813765e-02]
 [  9.60743954e-01   5.71565254e-02   7.78964429e-02   7.78326986e-02
   -1.02936027e-01   3.31945253e-02   6.14413522e-03  -3.76981468e-02
    3.04014948e-02   6.65834691e-03  -1.75536566e-02   1.51912977e-01
    1.51912977e-01  -2.29104784e-02   8.92471165e-04   2.87767717e-03
   -3.71778876e-03   5.36893154e-03  -7.24728831e-03   8.14847868e-03
   -1.71593209e-02]
 [  4.32282106e-01   4.40918243e-02   8.42438842e-01  -2.89077628e-01
   -4.09778420e-02   1.85015402e-02   1.17166838e-04  -2.00900926e-02
    9.35788943e-03  -3.30062441e-03  -4.28735393e-03   8.73041834e-02
    8.73041682e-02  -6.16239642e-03  -8.26432029e-04   7.04038361e-04
   -1.77522835e-03   4.12202367e-03  -5.37241989e-03   3.33224003e-03
    5.80958932e-03]
 [ -7.87348861e-02  -2.59848740e-02  -9.22313653e-01   3.65449845e-01
    1.87917358e-03  -6.97001246e-03   2.66976754e-03   6.83275998e-03
    2.73949608e-03   7.04332519e-03  -3.03086684e-03  -8.79186692e-02
   -2.75447835e-02  -3.13104861e-03   1.40250495e-03   4.78225965e-04
    4.22753657e-04  -2.48248275e-03   3.12060060e-03  -2.56820114e-04
   -1.48580770e-02]
 [ -6.63655805e-01   1.78569002e-01   4.64676772e-01   4.64676234e-01
   -8.53127874e-02  -3.73211968e-02   2.40627996e-02   4.08453855e-02
    5.75732181e-02   7.41705124e-02  -9.61766217e-02  -1.45048869e-01
   -1.45048869e-01  -5.14784185e-02   1.32088757e-02   7.92101559e-03
   -1.51259326e-04  -1.72079482e-02   2.12762732e-02   4.86563944e-03
   -1.45269080e-01]]
=================
Number of kept eigenvectors: 4/21
=================
Kepts eigenvectors, finalEigVects: [[ 0.23834017  0.2382183   0.23812438  0.23812438  0.2377723   0.23681539
   0.23530705  0.23347554  0.23160832  0.23000302  0.22892055  0.22853866
   0.22853866  0.22580206  0.21784368  0.20572829  0.19154461  0.17782803
   0.16675964  0.15970482  0.15729195]
 [ 0.30617383  0.30482482  0.30355673  0.30355673  0.29785652  0.28330896
   0.26286449  0.23979286  0.21772965  0.19961443  0.18782634  0.18366477
   0.18366477  0.1554348   0.08306713 -0.00407007 -0.08065082 -0.13332276
  -0.16201149 -0.17427481 -0.17746326]
 [ 0.37371126  0.36058957  0.34284569  0.34284569  0.25085869  0.08440019
  -0.02324652 -0.07976242 -0.10907308 -0.12140695 -0.1254621  -0.12623579
  -0.12623579 -0.1216836  -0.05700142  0.08045444  0.16407302  0.08585979
  -0.11943914 -0.32414871 -0.40726601]
 [ 0.44664888  0.43534766  0.42076134  0.42076134  0.3633811   0.24819306
   0.15562629  0.08728187  0.0365264   0.00375091 -0.01345743 -0.01976054
  -0.01976054 -0.05617476 -0.10164672 -0.08475113 -0.00867039  0.04833357
   0.06090059  0.03930876  0.0277058 ]]
=================
=================
Recall: infor of the fine discretization:

listOfBorders, self.listOfBorders[str(self.Axis_k)] = [0.0, 150, 10000, 80000.0]

listOfPoints, self.listOfTuckerGridNodes_Axis_k[self.Axis_k] = [  0.00000000e+00   7.50000000e+01   1.50000000e+02   1.50000000e+02
   5.24893302e+02   1.59249910e+03   3.19028410e+03   5.07500000e+03
   6.95971590e+03   8.55750090e+03   9.62510670e+03   1.00000000e+04
   1.00000000e+04   1.26642164e+04   2.02512627e+04   3.16060799e+04
   4.50000000e+04   5.83939201e+04   6.97487373e+04   7.73357836e+04
   8.00000000e+04]
=================
Orthonormalized eigenvectors, self.finalOrthNormalizedEigVects_Axis_k: [[ 0.00424181  0.00423964  0.00423797  0.00423797  0.0042317   0.00421467
   0.00418783  0.00415523  0.004122    0.00409343  0.00407417  0.00406737
   0.00406737  0.00401867  0.00387703  0.00366141  0.00340898  0.00316486
   0.00296787  0.00284231  0.00279937]
 [ 0.00777271  0.00773847  0.00770627  0.00770627  0.00756157  0.00719225
   0.00667324  0.00608753  0.00552742  0.00506753  0.00476827  0.00466262
   0.00466262  0.00394596  0.00210879 -0.00010333 -0.00204745 -0.00338461
  -0.00411292 -0.00442425 -0.00450519]
 [ 0.00939274  0.00906295  0.00861698  0.00861698  0.006305    0.00212129
  -0.00058427 -0.00200472 -0.00274141 -0.0030514  -0.00315333 -0.00317277
  -0.00317277 -0.00305836 -0.00143266  0.00202212  0.00412376  0.00215797
  -0.00300195 -0.00814705 -0.0102361 ]
 [ 0.0187731   0.01829809  0.01768502  0.01768502  0.01527327  0.0104318
   0.00654113  0.00366854  0.00153524  0.00015765 -0.00056563 -0.00083056
  -0.00083056 -0.00236108 -0.00427231 -0.00356217 -0.00036442  0.00203151
   0.00255971  0.00165219  0.0011645 ]]

END for information of KL in the direction = 0

=================
For cross section = macro_fission0
=================
1. BEGIN for information of KL in the DIRECTION = 1
In KL, to select the first eigenvectors, eps = 1e-10
=================
=================
Total number of eigenvalues: 5
=================
Eigenvalues in decreasing values, decreasedEigenVals = : [  3.59080748e-02   1.51927170e-07   1.14504743e-11   9.66168351e-13
   4.09772030e-15]
=================
Eigenvectors corresponding to decreasing eigenvalues, decreasedEigenVects = : [[ 0.44804428  0.44793686  0.44730715  0.44655755  0.44621918]
 [-0.71067516 -0.4046912   0.05686986  0.35333468  0.45065095]
 [ 0.50723586  0.14122548 -0.37254447  0.26494724  0.71678499]
 [-0.95829377  0.19718934 -0.04414236 -0.03612391  0.19883645]
 [ 0.14039877 -0.04895813  0.06794674 -0.19147192  0.9677877 ]]
=================
Number of kept eigenvectors: 3/5
=================
Kepts eigenvectors, finalEigVects: [[ 0.44804428  0.44793686  0.44730715  0.44655755  0.44621918]
 [-0.71067516 -0.4046912   0.05686986  0.35333468  0.45065095]
 [ 0.50723586  0.14122548 -0.37254447  0.26494724  0.71678499]]
=================
=================
Recall: infor of the fine discretization:

listOfBorders, self.listOfBorders[str(self.Axis_k)] = [20.0, 1800.0]

listOfPoints, self.listOfTuckerGridNodes_Axis_k[self.Axis_k] = [   20.           280.67496474   910.          1539.32503526  1800.        ]
=================
Orthonormalized eigenvectors, self.finalOrthNormalizedEigVects_Axis_k: [[ 0.02374363  0.02373794  0.02370457  0.02366484  0.02364691]
 [-0.05277775 -0.03005408  0.0042234   0.02624013  0.03346725]
 [ 0.03705756  0.01031763 -0.0272173   0.01935648  0.05236677]]

END for information of KL in the direction = 1

=================
For cross section = macro_fission0
=================
2. BEGIN for information of KL in the DIRECTION = 2
In KL, to select the first eigenvectors, eps = 1e-10
=================
=================
Total number of eigenvalues: 10
=================
Eigenvalues in decreasing values, decreasedEigenVals = : [  3.69520803e-02   5.70780481e-08   1.56394025e-09   1.25221270e-12
   8.14598150e-13   1.60411105e-14   5.40600003e-15   6.01403422e-16
   1.70319068e-16   7.84028544e-29]
=================
Eigenvectors corresponding to decreasing eigenvalues, decreasedEigenVects = : [[  2.87454660e-01   2.94150006e-01   3.06820804e-01   3.16176985e-01
    3.19385600e-01   3.19385600e-01   3.21995927e-01   3.27498258e-01
    3.32137713e-01   3.33874873e-01]
 [ -6.03377323e-01  -4.69214879e-01  -2.10865788e-01  -1.57213033e-02
    5.31782663e-02   5.31782663e-02   1.10575460e-01   2.37894449e-01
    3.58011667e-01   4.10381229e-01]
 [ -4.44085271e-01  -2.49436984e-01   1.04758061e-01   2.55069035e-01
    2.56288926e-01   2.56288926e-01   2.23055869e-01   1.73214885e-02
   -3.66173962e-01  -5.90787311e-01]
 [  5.56833428e-01   9.97055733e-02  -2.16552883e-01  -8.68516920e-02
    1.03321413e-02   1.03321413e-02   1.09602035e-01   2.39262674e-01
   -1.07847688e-01  -7.37870653e-01]
 [ -5.61142772e-01   1.63212065e-02   1.51194322e-01  -1.36704183e-01
   -1.87079883e-01  -1.87079883e-01  -1.51792855e-01   1.16577656e-01
    7.68633037e-02  -7.28537917e-01]
 [ -1.09861526e-01   1.22504966e-02   2.21923751e-02   2.57149845e-02
   -4.53592240e-02  -4.53592240e-02  -2.73242914e-01   2.68716386e-01
   -2.90569246e-01   8.66724303e-01]
 [  6.86060620e-01  -1.98224599e-01   1.72641581e-01  -2.73206054e-01
    4.35297463e-01   4.35297463e-01   9.83454119e-03   1.98262015e-02
   -2.23874252e-02   7.49827694e-02]
 [ -6.12897678e-01   1.51840850e-01  -5.70812963e-02  -1.51463831e-01
    5.18765961e-01   5.18765961e-01   8.64474466e-02  -1.37276285e-02
   -4.28037137e-02   1.65442481e-01]
 [ -1.51674131e-01   1.49459667e-02   6.09659977e-02  -1.91595745e-01
   -5.87071401e-01  -5.87071401e-01   3.05628753e-01   1.52433777e-02
   -1.03568267e-01   3.77720072e-01]
 [ -2.86596001e-04   6.30606522e-05  -7.53972174e-07  -1.20595846e-04
    6.66135975e-01  -7.45830208e-01   1.39715363e-04   1.50424795e-06
   -5.37552363e-05   1.98488043e-04]]
=================
Number of kept eigenvectors: 3/10
=================
Kepts eigenvectors, finalEigVects: [[ 0.28745466  0.29415001  0.3068208   0.31617698  0.3193856   0.3193856
   0.32199593  0.32749826  0.33213771  0.33387487]
 [-0.60337732 -0.46921488 -0.21086579 -0.0157213   0.05317827  0.05317827
   0.11057546  0.23789445  0.35801167  0.41038123]
 [-0.44408527 -0.24943698  0.10475806  0.25506903  0.25628893  0.25628893
   0.22305587  0.01732149 -0.36617396 -0.59078731]]
=================
=================
Recall: infor of the fine discretization:

listOfBorders, self.listOfBorders[str(self.Axis_k)] = [0.4000000059604645, 0.71692097187, 1.0]

listOfPoints, self.listOfTuckerGridNodes_Axis_k[self.Axis_k] = [ 0.40000001  0.44641201  0.55846049  0.67050897  0.71692097  0.71692097
  0.75837694  0.85846049  0.95854404  1.        ]
=================
Orthonormalized eigenvectors, self.finalOrthNormalizedEigVects_Axis_k: [[ 1.1739355   1.20127861  1.25302486  1.29123455  1.3043382   1.3043382
   1.31499851  1.33746947  1.35641653  1.36351092]
 [-2.7902363  -2.16982034 -0.97512013 -0.07270103  0.24591565  0.24591565
   0.51134117  1.1001105   1.65557622  1.89775213]
 [-2.45393211 -1.3783421   0.57887344  1.40946376  1.41620465  1.41620465
   1.232565    0.0957153  -2.0234088  -3.26458014]]

END for information of KL in the direction = 2

=================
For cross section = macro_fission0
=================
3. BEGIN for information of KL in the DIRECTION = 3
In KL, to select the first eigenvectors, eps = 1e-10
=================
=================
Total number of eigenvalues: 7
=================
Eigenvalues in decreasing values, decreasedEigenVals = : [  3.58937443e-02   1.45129432e-08   4.07200158e-13   1.20175755e-14
   3.08672952e-15   4.54771886e-16   5.56570911e-17]
=================
Eigenvectors corresponding to decreasing eigenvalues, decreasedEigenVects = : [[ 0.37750302  0.37757497  0.37776123  0.37799252  0.37819943  0.37833597
   0.37838314]
 [-0.51270043 -0.44072074 -0.24828794  0.00608211  0.25079897  0.42504234
   0.4875023 ]
 [-0.62108905 -0.3668437   0.10002126  0.2893934   0.03075377 -0.33309717
  -0.52347089]
 [-0.08872908 -0.25316662  0.22970108  0.16079329 -0.58860391  0.52604434
   0.47564645]
 [-0.05691088  0.47508637 -0.63726422  0.49737752 -0.19790397  0.04606517
  -0.27618115]
 [ 0.90275314 -0.11082147 -0.02788018  0.04264666  0.00228766 -0.07767356
   0.40511839]
 [-0.43107168  0.0489884   0.00486648  0.00803282 -0.0109916  -0.1065709
   0.89454511]]
=================
Number of kept eigenvectors: 2/7
=================
Kepts eigenvectors, finalEigVects: [[ 0.37750302  0.37757497  0.37776123  0.37799252  0.37819943  0.37833597
   0.37838314]
 [-0.51270043 -0.44072074 -0.24828794  0.00608211  0.25079897  0.42504234
   0.4875023 ]]
=================
=================
Recall: infor of the fine discretization:

listOfBorders, self.listOfBorders[str(self.Axis_k)] = [0.0, 1.748352951835841e-05]

listOfPoints, self.listOfTuckerGridNodes_Axis_k[self.Axis_k] = [  0.00000000e+00   1.17117440e-06   4.37088238e-06   8.74176476e-06
   1.31126471e-05   1.63123551e-05   1.74835295e-05]
=================
Orthonormalized eigenvectors, self.finalOrthNormalizedEigVects_Axis_k: [[ 238.85888873  238.90441413  239.02226514  239.1686142   239.29952944
   239.38592741  239.41577148]
 [-425.01057101 -365.34194802 -205.82194178    5.04185797  207.90349798
   352.34510887  404.12221189]]

END for information of KL in the direction = 3

=================
For cross section = macro_fission0
=================
4. BEGIN for information of KL in the DIRECTION = 4
In KL, to select the first eigenvectors, eps = 1e-10
=================
=================
Total number of eigenvalues: 5
=================
Eigenvalues in decreasing values, decreasedEigenVals = : [  3.58894331e-02   2.19086351e-09   1.68189333e-14   7.58727448e-16
   5.14335177e-16]
=================
Eigenvectors corresponding to decreasing eigenvalues, decreasedEigenVects = : [[ 0.44665807  0.4468279   0.44722428  0.44760244  0.44775429]
 [ 0.59014622  0.41158868 -0.00613559 -0.40472695 -0.56434089]
 [-0.6179714  -0.24754422  0.44901679 -0.283181   -0.52442887]
 [-0.91164018  0.16671967 -0.05022132  0.06831248 -0.36596168]
 [-0.365286    0.07150441  0.00889522 -0.15359963  0.91530393]]
=================
Number of kept eigenvectors: 2/5
=================
Kepts eigenvectors, finalEigVects: [[ 0.44665807  0.4468279   0.44722428  0.44760244  0.44775429]
 [ 0.59014622  0.41158868 -0.00613559 -0.40472695 -0.56434089]]
=================
=================
Recall: infor of the fine discretization:

listOfBorders, self.listOfBorders[str(self.Axis_k)] = [9.999999974752427e-07, 2.0]

listOfPoints, self.listOfTuckerGridNodes_Axis_k[self.Axis_k] = [  9.99999997e-07   2.92894072e-01   1.00000050e+00   1.70710693e+00
   2.00000000e+00]
=================
Orthonormalized eigenvectors, self.finalOrthNormalizedEigVects_Axis_k: [[ 0.70622113  0.70648964  0.70711637  0.70771429  0.70795438]
 [ 1.251975    0.87317129 -0.01301645 -0.85861435 -1.19722987]]

END for information of KL in the direction = 4

=================
For cross section = macro_fission0
=================
BEGIN for information of coefficients in Tucker decomposition
self.listOfNbOfBasisFcts = [4, 3, 3, 2, 2]

self.CardinalOfBasisFcts =144

Number of coefficients, len(self.FinalTuckerCoeffs) = 144
=================
Coefficient values, self.FinalTuckerCoeffs =[  1.89135866e-01   1.36131139e-04   6.24319282e-06  -1.16364273e-05
  -1.27650991e-04   2.12751614e-04  -3.26025600e-07  -9.43391293e-08
  -3.52353404e-06  -6.35258992e-07  -1.29527837e-06   1.55975132e-06
   5.43211495e-05  -2.96144021e-06  -1.06063656e-05  -3.37511640e-07
   1.02548406e-04   5.56548440e-06  -4.65070561e-07   7.85414625e-07
   1.64031819e-06  -7.96662530e-07  -1.32880950e-08   1.67892035e-08
  -3.36938772e-06   2.16523459e-05   2.78940310e-06  -3.86698934e-06
   7.08055241e-06   4.88857412e-07   6.89198604e-09   1.30504805e-08
   2.65161777e-08  -5.25289652e-08  -3.67380020e-08   4.06040129e-08
  -3.16862492e-06  -5.72234131e-06  -1.21513769e-06   2.30010701e-06
  -5.10425072e-06   9.28144014e-08  -9.72431931e-08   6.91234577e-08
  -3.93148058e-07  -4.19074185e-08  -6.71299681e-10   1.89285579e-08
   6.36604244e-05   4.53333382e-08   7.67230189e-08  -2.52182309e-08
   1.15154696e-07   6.07100871e-08  -2.74029933e-08   1.94626856e-08
  -5.47887157e-08   1.94258090e-09  -1.10128381e-08   1.09680099e-08
  -5.25092045e-06  -7.38527901e-07  -8.65048713e-08   5.05900370e-08
  -6.12309084e-08  -2.96999102e-09  -4.52055328e-10  -4.85568237e-09
  -9.87835955e-09   1.23020080e-09   3.72715136e-09   7.78290345e-09
   7.02631631e-06  -2.42876440e-06  -8.78712820e-07   1.54706465e-07
   3.03612371e-06   8.88129507e-09   6.63371996e-08  -3.08024732e-08
   3.14646254e-07   2.08344193e-08   3.22341078e-09  -5.60378774e-09
  -2.25875074e-05  -1.64096971e-06  -2.60965934e-07   2.26416868e-07
   9.95734739e-08   2.10995193e-09   1.85449168e-08  -1.79058515e-08
   4.11608241e-08   5.35080487e-09   1.75006523e-09   6.12171907e-10
   3.85373045e-06   6.06537218e-07   7.53846430e-08  -8.07814550e-08
   3.81235666e-08   5.44304466e-09  -4.46788100e-09   3.05034547e-09
  -2.62684999e-09  -6.57886911e-10  -1.31626446e-09   1.86803601e-09
   6.19072131e-06  -3.32150319e-07   5.44740434e-08   1.57816674e-08
  -1.50812278e-07   3.80738346e-08   2.40554745e-09  -8.75949323e-09
  -1.38636025e-08   1.76500348e-09   1.82071259e-10  -2.27797328e-09
   1.10736223e-06   2.82892097e-08   3.58206637e-08  -2.87956184e-08
   3.76128182e-09   6.32232497e-09  -4.37667469e-10  -7.37281891e-10
  -1.60306953e-09   3.61900979e-09  -7.05583188e-10  -6.47822586e-10
  -3.21287368e-07  -1.68979563e-08  -1.05884264e-08   9.26917187e-09
  -6.20997896e-10  -2.18406467e-09   9.83173875e-10  -6.80456334e-10
   1.22750656e-09  -9.00241546e-10   4.05100877e-10  -3.49349584e-10]:

=================
Coefficient indexes under array format :

self.listOfFinalCoefIndexes_arr = [[0, 0, 0, 0, 0], [1, 0, 0, 0, 0], [2, 0, 0, 0, 0], [3, 0, 0, 0, 0], [0, 1, 0, 0, 0], [1, 1, 0, 0, 0], [2, 1, 0, 0, 0], [3, 1, 0, 0, 0], [0, 2, 0, 0, 0], [1, 2, 0, 0, 0], [2, 2, 0, 0, 0], [3, 2, 0, 0, 0], [0, 0, 1, 0, 0], [1, 0, 1, 0, 0], [2, 0, 1, 0, 0], [3, 0, 1, 0, 0], [0, 1, 1, 0, 0], [1, 1, 1, 0, 0], [2, 1, 1, 0, 0], [3, 1, 1, 0, 0], [0, 2, 1, 0, 0], [1, 2, 1, 0, 0], [2, 2, 1, 0, 0], [3, 2, 1, 0, 0], [0, 0, 2, 0, 0], [1, 0, 2, 0, 0], [2, 0, 2, 0, 0], [3, 0, 2, 0, 0], [0, 1, 2, 0, 0], [1, 1, 2, 0, 0], [2, 1, 2, 0, 0], [3, 1, 2, 0, 0], [0, 2, 2, 0, 0], [1, 2, 2, 0, 0], [2, 2, 2, 0, 0], [3, 2, 2, 0, 0], [0, 0, 0, 1, 0], [1, 0, 0, 1, 0], [2, 0, 0, 1, 0], [3, 0, 0, 1, 0], [0, 1, 0, 1, 0], [1, 1, 0, 1, 0], [2, 1, 0, 1, 0], [3, 1, 0, 1, 0], [0, 2, 0, 1, 0], [1, 2, 0, 1, 0], [2, 2, 0, 1, 0], [3, 2, 0, 1, 0], [0, 0, 1, 1, 0], [1, 0, 1, 1, 0], [2, 0, 1, 1, 0], [3, 0, 1, 1, 0], [0, 1, 1, 1, 0], [1, 1, 1, 1, 0], [2, 1, 1, 1, 0], [3, 1, 1, 1, 0], [0, 2, 1, 1, 0], [1, 2, 1, 1, 0], [2, 2, 1, 1, 0], [3, 2, 1, 1, 0], [0, 0, 2, 1, 0], [1, 0, 2, 1, 0], [2, 0, 2, 1, 0], [3, 0, 2, 1, 0], [0, 1, 2, 1, 0], [1, 1, 2, 1, 0], [2, 1, 2, 1, 0], [3, 1, 2, 1, 0], [0, 2, 2, 1, 0], [1, 2, 2, 1, 0], [2, 2, 2, 1, 0], [3, 2, 2, 1, 0], [0, 0, 0, 0, 1], [1, 0, 0, 0, 1], [2, 0, 0, 0, 1], [3, 0, 0, 0, 1], [0, 1, 0, 0, 1], [1, 1, 0, 0, 1], [2, 1, 0, 0, 1], [3, 1, 0, 0, 1], [0, 2, 0, 0, 1], [1, 2, 0, 0, 1], [2, 2, 0, 0, 1], [3, 2, 0, 0, 1], [0, 0, 1, 0, 1], [1, 0, 1, 0, 1], [2, 0, 1, 0, 1], [3, 0, 1, 0, 1], [0, 1, 1, 0, 1], [1, 1, 1, 0, 1], [2, 1, 1, 0, 1], [3, 1, 1, 0, 1], [0, 2, 1, 0, 1], [1, 2, 1, 0, 1], [2, 2, 1, 0, 1], [3, 2, 1, 0, 1], [0, 0, 2, 0, 1], [1, 0, 2, 0, 1], [2, 0, 2, 0, 1], [3, 0, 2, 0, 1], [0, 1, 2, 0, 1], [1, 1, 2, 0, 1], [2, 1, 2, 0, 1], [3, 1, 2, 0, 1], [0, 2, 2, 0, 1], [1, 2, 2, 0, 1], [2, 2, 2, 0, 1], [3, 2, 2, 0, 1], [0, 0, 0, 1, 1], [1, 0, 0, 1, 1], [2, 0, 0, 1, 1], [3, 0, 0, 1, 1], [0, 1, 0, 1, 1], [1, 1, 0, 1, 1], [2, 1, 0, 1, 1], [3, 1, 0, 1, 1], [0, 2, 0, 1, 1], [1, 2, 0, 1, 1], [2, 2, 0, 1, 1], [3, 2, 0, 1, 1], [0, 0, 1, 1, 1], [1, 0, 1, 1, 1], [2, 0, 1, 1, 1], [3, 0, 1, 1, 1], [0, 1, 1, 1, 1], [1, 1, 1, 1, 1], [2, 1, 1, 1, 1], [3, 1, 1, 1, 1], [0, 2, 1, 1, 1], [1, 2, 1, 1, 1], [2, 2, 1, 1, 1], [3, 2, 1, 1, 1], [0, 0, 2, 1, 1], [1, 0, 2, 1, 1], [2, 0, 2, 1, 1], [3, 0, 2, 1, 1], [0, 1, 2, 1, 1], [1, 1, 2, 1, 1], [2, 1, 2, 1, 1], [3, 1, 2, 1, 1], [0, 2, 2, 1, 1], [1, 2, 2, 1, 1], [2, 2, 2, 1, 1], [3, 2, 2, 1, 1]]

END for information of coefficients in Tucker decomposition
=================
