For cross section = macro_fission1
=================
0. BEGIN for information of KL in the DIRECTION = 0
In KL, to select the first eigenvectors, eps = 1e-10
=================
=================
Total number of eigenvalues: 21
=================
Eigenvalues in decreasing values, decreasedEigenVals = : [  4.52496036e+01   1.04807856e-04   2.60192217e-07   1.64808359e-08
   5.03721380e-10   3.16256257e-11   1.15135284e-11   1.83027390e-12
   5.95951560e-13   4.72042137e-13   3.89210591e-13   1.36904806e-13
   8.66156689e-14   5.40311020e-14   1.49153667e-14   3.84457594e-15
   3.65391675e-16   4.26854689e-22   1.33040811e-29  -7.77020380e-17
  -1.42670009e-16]
=================
Eigenvectors corresponding to decreasing eigenvalues, decreasedEigenVects = : [[  2.44036269e-01   2.43830878e-01   2.43644849e-01   2.43644849e-01
    2.42853196e-01   2.40992297e-01   2.38619036e-01   2.36011583e-01
    2.33455134e-01   2.31295560e-01   2.29853289e-01   2.29346780e-01
    2.29346780e-01   2.25747332e-01   2.15530718e-01   2.00530541e-01
    1.83620070e-01   1.67827332e-01   1.55442963e-01   1.47706968e-01
    1.45087178e-01]
 [  3.22486108e-01   3.15870105e-01   3.10322978e-01   3.10322978e-01
    2.87707130e-01   2.46932084e-01   2.16366166e-01   1.96465671e-01
    1.81959547e-01   1.71196348e-01   1.64354963e-01   1.61995798e-01
    1.61995798e-01   1.45667117e-01   1.00179413e-01   2.99009615e-02
   -5.57548390e-02  -1.40357949e-01  -2.08501535e-01  -2.51522844e-01
   -2.66184871e-01]
 [  1.78655803e-01   2.08673371e-01   2.28440321e-01   2.28440321e-01
    2.58413493e-01   3.28952867e-01   3.36621100e-01   2.97161442e-01
    2.42587500e-01   1.95878143e-01   1.63808024e-01   1.54193094e-01
    1.54193094e-01   8.08235139e-02  -8.55615284e-02  -2.00828334e-01
   -1.70868851e-01  -3.02221744e-02   1.37573018e-01   2.65826567e-01
    3.13169999e-01]
 [  5.16317630e-01   4.66843696e-01   4.28957790e-01   4.28957790e-01
    3.31511907e-01   1.21834780e-01   1.21739623e-03  -4.48958109e-02
   -5.71562505e-02  -5.98009352e-02  -5.89154576e-02  -5.77461909e-02
   -5.77461909e-02  -5.19350058e-02  -2.29672627e-02   5.20135931e-03
    1.38482835e-02   9.69284780e-03   1.90018087e-03  -6.76160420e-03
   -1.15068632e-02]
 [ -4.75674935e-01  -2.30536931e-01  -1.22368753e-01  -1.22368753e-01
   -1.34104017e-01   6.77281233e-02   1.73083091e-01   2.09866600e-01
    1.75339412e-01   1.48943357e-01   1.00327561e-01   9.93282583e-02
    9.93282583e-02  -9.72359077e-04  -1.86717427e-01  -1.66763120e-01
    1.21904789e-01   2.36484810e-01   2.57679497e-03  -3.49815476e-01
   -5.05471695e-01]
 [ -5.50132347e-01  -1.43837948e-01   5.71495495e-02   5.71495499e-02
   -4.37772458e-01   2.10929052e-01   3.91919895e-01   1.99952728e-01
    2.47436000e-02  -5.32392419e-02  -1.21366388e-01  -1.52933834e-01
   -1.52933834e-01  -2.14254770e-01  -7.58662357e-02   2.99157115e-02
    1.40260293e-01  -7.61398426e-02  -1.24876849e-01   1.47307014e-01
    2.45237206e-01]
 [ -1.70522274e-01   3.61359307e-01   6.28553223e-01   6.28553221e-01
   -2.72392147e-02  -8.03304518e-02  -9.45158530e-02  -3.98732475e-02
    3.38563223e-02   3.43173713e-02   5.32710083e-02   2.02507665e-02
    2.02507665e-02   7.20540481e-02  -7.33524786e-03  -3.89461251e-02
    3.29771975e-02   9.57598028e-03  -6.35851341e-02   5.95419166e-02
    1.04658521e-01]
 [ -3.20927293e-03  -2.51307537e-01  -1.49479625e-01  -1.49479597e-01
   -2.06443764e-01   3.47484350e-01   2.65548262e-02  -1.38886230e-01
   -7.99505607e-02  -7.33829210e-02  -1.95896587e-02  -2.93622031e-02
   -2.93622031e-02  -4.17352972e-01   5.38223243e-01  -2.75864663e-01
   -6.43000219e-02   2.14154780e-01  -1.63717277e-01   9.66386267e-02
   -2.62285308e-01]
 [ -1.55145546e-01  -1.77811550e-01  -2.68446859e-01  -2.68446897e-01
    1.99564064e-02  -2.75244555e-02   4.35606820e-01  -4.56717712e-01
   -1.22190694e-01  -1.49956546e-01   2.16625055e-01  -3.57511392e-01
   -3.57511392e-01   1.56839637e-01   4.02553682e-02  -8.75558956e-02
    7.64413545e-02  -6.82917241e-02   6.34860360e-02  -3.15445018e-02
   -1.06276643e-01]
 [  1.74585951e-01  -3.06564576e-01  -6.27706708e-01  -6.27706739e-01
    8.51019640e-02   1.10557937e-01  -3.51839726e-02  -1.24899235e-01
    1.62503249e-01  -3.55689258e-02  -8.33634170e-02  -8.71452235e-03
   -8.71452235e-03   2.63057769e-02  -2.86697504e-02   1.38893533e-02
   -5.48115956e-03   2.29769352e-02  -4.76388851e-02   5.47382602e-02
   -9.43341297e-02]
 [  2.64605559e-01   3.50670380e-01  -3.19675687e-02  -3.19674563e-02
    2.62833792e-01  -4.96236899e-01   2.69015554e-01  -1.40927204e-01
    1.83239567e-01   2.25194723e-01   5.14434233e-01  -2.95655948e-02
   -2.95655948e-02  -1.66203592e-01  -2.38382965e-02   5.92962563e-02
   -5.49294251e-02   5.21215306e-02  -4.81964811e-02   2.29327010e-02
    8.02306065e-02]
 [ -2.56855801e-02  -2.29846710e-01  -6.30178472e-01  -6.30178464e-01
    2.25654404e-01  -9.53755114e-02   2.14936460e-02   1.36650216e-01
   -1.55237365e-01  -7.14509248e-02   1.73808668e-02  -1.03504733e-01
   -1.03504733e-01   4.56146772e-02   7.90329791e-04  -1.34962621e-02
    6.18442116e-03   2.13013065e-02  -4.39708507e-02   2.23386651e-02
    1.30341613e-01]
 [ -2.67522043e-01  -5.00467275e-01  -3.13238746e-01  -3.13238772e-01
    5.80931048e-02   2.13265075e-01  -1.83029882e-01  -4.24832474e-02
   -1.41671397e-01   2.68636893e-01   5.45670803e-01  -1.57741215e-02
   -1.57741215e-02  -4.29458188e-02  -2.12577606e-02  -6.69602051e-03
    3.42556495e-02  -3.16531717e-02   2.25228298e-03   2.08656110e-02
   -4.60231462e-02]
 [ -8.55024327e-01   2.50468814e-02   2.82556854e-01   2.82556601e-01
   -9.33632361e-02   6.18094918e-02   7.89442993e-02  -2.93182559e-02
   -1.44045661e-01  -3.33878247e-02   4.52798658e-02   1.07635158e-01
    1.07635158e-01   3.18655450e-02  -2.16837644e-02   3.06917592e-02
   -3.88116544e-02   3.63701903e-02  -2.53142277e-02   3.43712703e-02
   -1.86646304e-01]
 [ -1.96681133e-01  -3.17124876e-01  -8.57837149e-02  -8.57828648e-02
    1.15610316e-01  -3.31031343e-02   2.31421783e-02  -5.04394891e-02
   -1.32516193e-02  -1.19684000e-01   3.67443142e-02   6.29910301e-01
    6.29910301e-01  -2.54812420e-02  -7.30141377e-04  -1.61213136e-02
    2.58829208e-02  -1.84525093e-02   1.96170362e-03  -9.03244796e-03
    1.30613828e-01]
 [  2.86809729e-01   3.28303414e-01  -4.26833495e-01  -4.26838375e-01
    3.32902764e-02  -4.31092489e-02   6.27234006e-02  -8.29983039e-02
   -1.41728752e-01   4.15356792e-01  -4.31723535e-01   1.60159882e-01
    1.60159882e-01   5.76114494e-03  -5.91566326e-04  -1.09428319e-02
    1.25212018e-02  -5.60524762e-03  -7.58379090e-03   1.60959550e-02
   -2.89076996e-02]
 [ -8.77236340e-01  -3.55342159e-01   2.11403744e-01   2.11397996e-01
    8.33373183e-02  -1.38206499e-02  -1.14343049e-03  -2.36684025e-03
    1.95554547e-02   2.52592275e-02  -5.82313679e-02  -3.97162570e-02
   -3.97162570e-02  -6.45213493e-03   3.48007759e-03  -3.00853621e-04
    1.54376600e-03  -3.21731151e-03   3.06733977e-03  -2.20647762e-03
    4.21062814e-03]
 [ -6.17741407e-01  -3.36089004e-02  -7.39086107e-01   2.61067844e-01
    3.59886987e-02  -1.44722053e-03  -3.70094808e-03  -2.34345446e-03
    1.21782549e-02   9.08004457e-03  -2.25279068e-02  -1.75120592e-02
   -1.75120654e-02  -3.89052899e-03   2.03299657e-03  -3.18377351e-04
    8.74843363e-04  -1.93562659e-03   2.35217447e-03  -3.15888618e-03
    1.24028989e-02]
 [  7.72140414e-01   1.94768872e-02   5.77951787e-01  -1.96669762e-01
   -3.80372299e-02  -4.49445182e-03   3.94272707e-03   6.75791774e-03
   -1.39746358e-02  -1.16845555e-02   2.60044285e-02  -1.55321416e-01
    4.74623923e-02   4.12584970e-03  -2.17704264e-03  -2.44186970e-04
    1.24835333e-04   8.67265065e-04  -2.31998813e-03   7.31131538e-03
   -4.14418266e-02]
 [  9.58665165e-01  -4.88275833e-02   2.27150108e-02   2.27100840e-02
   -9.50642487e-02   5.73552607e-02   1.74941470e-02  -3.63524631e-02
   -2.95894150e-02   1.55830275e-03   3.10912896e-02   5.24469824e-03
    5.24469824e-03   1.29239516e-02  -6.46829855e-03   7.63304858e-03
   -1.41795396e-02   1.92116956e-02  -1.06273485e-02  -2.87404700e-02
    2.44775380e-01]
 [ -9.94468110e-01   5.03555192e-02  -3.09943993e-02  -3.09973804e-02
    5.70104949e-02  -1.01807274e-02  -9.35236525e-03   3.87484939e-03
    2.09856579e-02   8.53507907e-03  -2.88218486e-02  -1.96557569e-02
   -1.96557569e-02  -7.37535114e-03   3.77647849e-03  -1.99091772e-03
    3.89650638e-03  -6.22890542e-03   5.24915762e-03   1.02203120e-03
   -2.91176950e-02]]
=================
Number of kept eigenvectors: 4/21
=================
Kepts eigenvectors, finalEigVects: [[ 0.24403627  0.24383088  0.24364485  0.24364485  0.2428532   0.2409923
   0.23861904  0.23601158  0.23345513  0.23129556  0.22985329  0.22934678
   0.22934678  0.22574733  0.21553072  0.20053054  0.18362007  0.16782733
   0.15544296  0.14770697  0.14508718]
 [ 0.32248611  0.31587011  0.31032298  0.31032298  0.28770713  0.24693208
   0.21636617  0.19646567  0.18195955  0.17119635  0.16435496  0.1619958
   0.1619958   0.14566712  0.10017941  0.02990096 -0.05575484 -0.14035795
  -0.20850154 -0.25152284 -0.26618487]
 [ 0.1786558   0.20867337  0.22844032  0.22844032  0.25841349  0.32895287
   0.3366211   0.29716144  0.2425875   0.19587814  0.16380802  0.15419309
   0.15419309  0.08082351 -0.08556153 -0.20082833 -0.17086885 -0.03022217
   0.13757302  0.26582657  0.31317   ]
 [ 0.51631763  0.4668437   0.42895779  0.42895779  0.33151191  0.12183478
   0.0012174  -0.04489581 -0.05715625 -0.05980094 -0.05891546 -0.05774619
  -0.05774619 -0.05193501 -0.02296726  0.00520136  0.01384828  0.00969285
   0.00190018 -0.0067616  -0.01150686]]
=================
=================
Recall: infor of the fine discretization:

listOfBorders, self.listOfBorders[str(self.Axis_k)] = [0.0, 150, 10000, 80000.0]

listOfPoints, self.listOfTuckerGridNodes_Axis_k[self.Axis_k] = [  0.00000000e+00   7.50000000e+01   1.50000000e+02   1.50000000e+02
   5.24893302e+02   1.59249910e+03   3.19028410e+03   5.07500000e+03
   6.95971590e+03   8.55750090e+03   9.62510670e+03   1.00000000e+04
   1.00000000e+04   1.26642164e+04   2.02512627e+04   3.16060799e+04
   4.50000000e+04   5.83939201e+04   6.97487373e+04   7.73357836e+04
   8.00000000e+04]
=================
Orthonormalized eigenvectors, self.finalOrthNormalizedEigVects_Axis_k: [[  4.46121777e-03   4.45746303e-03   4.45406224e-03   4.45406224e-03
    4.43959007e-03   4.40557104e-03   4.36218555e-03   4.31451879e-03
    4.26778444e-03   4.22830536e-03   4.20193926e-03   4.19267979e-03
    4.19267979e-03   4.12687842e-03   3.94010889e-03   3.66589122e-03
    3.35675154e-03   3.06804508e-03   2.84164691e-03   2.70022549e-03
    2.65233320e-03]
 [  7.69109518e-03   7.53330759e-03   7.40101202e-03   7.40101202e-03
    6.86163797e-03   5.88917823e-03   5.16019989e-03   4.68558532e-03
    4.33962320e-03   4.08292752e-03   3.91976470e-03   3.86350008e-03
    3.86350008e-03   3.47407108e-03   2.38921735e-03   7.13119528e-04
   -1.32971859e-03  -3.34745069e-03  -4.97263329e-03  -5.99866502e-03
   -6.34834533e-03]
 [  3.64436245e-03   4.25668455e-03   4.65990644e-03   4.65990644e-03
    5.27132291e-03   6.71024089e-03   6.86666357e-03   6.06173424e-03
    4.94849178e-03   3.99567736e-03   3.34148570e-03   3.14535275e-03
    3.14535275e-03   1.64870199e-03  -1.74535176e-03  -4.09665527e-03
   -3.48551803e-03  -6.16495828e-04   2.80632329e-03   5.42254068e-03
    6.38828945e-03]
 [  3.74822600e-02   3.38906824e-02   3.11403417e-02   3.11403417e-02
    2.40662235e-02   8.84463874e-03   8.83773145e-05  -3.25922718e-03
   -4.14927811e-03  -4.34126992e-03  -4.27698837e-03  -4.19210504e-03
   -4.19210504e-03  -3.77024002e-03  -1.66731652e-03   3.77594505e-04
    1.00532101e-03   7.03655696e-04   1.37944302e-04  -4.90861030e-04
   -8.35344775e-04]]

END for information of KL in the direction = 0

=================
For cross section = macro_fission1
=================
1. BEGIN for information of KL in the DIRECTION = 1
In KL, to select the first eigenvectors, eps = 1e-10
=================
=================
Total number of eigenvalues: 5
=================
Eigenvalues in decreasing values, decreasedEigenVals = : [  4.87596153e+01   4.91447034e-05   1.66608609e-08   6.70025464e-10
   6.46796915e-13]
=================
Eigenvectors corresponding to decreasing eigenvalues, decreasedEigenVects = : [[ 0.44502432  0.44565399  0.44723163  0.44876501  0.44937703]
 [ 0.65607255  0.42441854 -0.04066503 -0.38028898 -0.49311699]
 [-0.6805502  -0.10629362  0.32429882 -0.21845829 -0.61045831]
 [-0.8963152   0.19334186 -0.06662012 -0.03040784  0.39226919]
 [ 0.25369717 -0.07840679  0.08534747 -0.19876844  0.93951958]]
=================
Number of kept eigenvectors: 3/5
=================
Kepts eigenvectors, finalEigVects: [[ 0.44502432  0.44565399  0.44723163  0.44876501  0.44937703]
 [ 0.65607255  0.42441854 -0.04066503 -0.38028898 -0.49311699]
 [-0.6805502  -0.10629362  0.32429882 -0.21845829 -0.61045831]]
=================
=================
Recall: infor of the fine discretization:

listOfBorders, self.listOfBorders[str(self.Axis_k)] = [20.0, 1800.0]

listOfPoints, self.listOfTuckerGridNodes_Axis_k[self.Axis_k] = [   20.           280.67496474   910.          1539.32503526  1800.        ]
=================
Orthonormalized eigenvectors, self.finalOrthNormalizedEigVects_Axis_k: [[ 0.02358593  0.0236193   0.02370291  0.02378418  0.02381662]
 [ 0.04694714  0.03037048 -0.0029099  -0.02721266 -0.03528639]
 [-0.0551115  -0.00860774  0.02626198 -0.01769093 -0.0494354 ]]

END for information of KL in the direction = 1

=================
For cross section = macro_fission1
=================
2. BEGIN for information of KL in the DIRECTION = 2
In KL, to select the first eigenvectors, eps = 1e-10
=================
=================
Total number of eigenvalues: 10
=================
Eigenvalues in decreasing values, decreasedEigenVals = : [  4.95326910e+01   2.69464192e-04   6.38273802e-06   3.02175120e-07
   3.35169751e-09   1.99211200e-10   7.61388596e-12   3.57012370e-13
   1.73456538e-13   1.40912839e-23]
=================
Eigenvectors corresponding to decreasing eigenvalues, decreasedEigenVects = : [[  3.07778654e-01   3.10419846e-01   3.15067458e-01   3.17644060e-01
    3.18177149e-01   3.18177149e-01   3.18402213e-01   3.18286119e-01
    3.18401902e-01   3.19698885e-01]
 [  4.35844424e-01   3.88165925e-01   2.74806168e-01   1.17415009e-01
    3.12272207e-02   3.12272207e-02  -5.91585031e-02  -3.05663706e-01
   -5.02521633e-01  -4.67604362e-01]
 [  1.06564794e-01   9.95984026e-02   4.94210461e-02  -5.38620806e-02
   -1.07163741e-01  -1.07163741e-01  -1.56900938e-01  -1.96415516e-01
    2.19739190e-01   9.15931293e-01]
 [ -6.20498643e-01  -3.63306079e-01   1.41413757e-01   2.99019605e-01
    2.48375134e-01   2.48375134e-01   1.41153619e-01  -1.79678985e-01
   -8.08911313e-02   4.37546433e-01]
 [ -7.33884596e-01  -3.42624533e-02   2.46926385e-01  -1.15951877e-01
   -2.25122391e-01  -2.25122391e-01  -2.19959006e-01   6.78589429e-02
    9.29094821e-02  -4.72062339e-01]
 [ -4.80066426e-01   7.68327665e-02   1.36523512e-02  -1.46382771e-01
   -7.38837569e-02  -7.38837569e-02   8.55230386e-02   1.31821227e-01
   -2.42730032e-01   8.04668961e-01]
 [ -8.61509102e-01   2.17223593e-01  -1.16664138e-01  -9.83542070e-03
    6.06552439e-02   6.06552439e-02   2.06914689e-01  -1.46215613e-01
    1.22268322e-01  -3.32277546e-01]
 [  4.09154649e-01  -1.33457055e-01   1.68818727e-01  -4.45306631e-01
    4.75671887e-01   4.75671887e-01   3.03735325e-01  -1.12280401e-01
    6.61507386e-02  -1.61921232e-01]
 [ -1.63206936e-01   4.45460383e-02  -3.50411778e-02  -4.51009335e-03
    6.83486329e-01   6.83486329e-01  -1.81922076e-01   3.29153658e-02
   -1.63267837e-02   3.71237188e-02]
 [  1.23440847e-04  -3.51470181e-05   3.19879184e-05  -4.63311058e-05
    6.66039831e-01  -7.45916161e-01   6.79487328e-05  -1.36948281e-05
    5.79666156e-06  -1.21292198e-05]]
=================
Number of kept eigenvectors: 4/10
=================
Kepts eigenvectors, finalEigVects: [[ 0.30777865  0.31041985  0.31506746  0.31764406  0.31817715  0.31817715
   0.31840221  0.31828612  0.3184019   0.31969889]
 [ 0.43584442  0.38816592  0.27480617  0.11741501  0.03122722  0.03122722
  -0.0591585  -0.30566371 -0.50252163 -0.46760436]
 [ 0.10656479  0.0995984   0.04942105 -0.05386208 -0.10716374 -0.10716374
  -0.15690094 -0.19641552  0.21973919  0.91593129]
 [-0.62049864 -0.36330608  0.14141376  0.29901961  0.24837513  0.24837513
   0.14115362 -0.17967899 -0.08089113  0.43754643]]
=================
=================
Recall: infor of the fine discretization:

listOfBorders, self.listOfBorders[str(self.Axis_k)] = [0.4000000059604645, 0.71692097187, 1.0]

listOfPoints, self.listOfTuckerGridNodes_Axis_k[self.Axis_k] = [ 0.40000001  0.44641201  0.55846049  0.67050897  0.71692097  0.71692097
  0.75837694  0.85846049  0.95854404  1.        ]
=================
Orthonormalized eigenvectors, self.finalOrthNormalizedEigVects_Axis_k: [[ 1.25627595  1.26705664  1.28602703  1.29654408  1.29872002  1.29872002
   1.29963868  1.29916481  1.29963741  1.30493137]
 [ 1.81810548  1.61921676  1.14634161  0.48979145  0.13026295  0.13026295
  -0.24677704 -1.27506245 -2.09624647 -1.95059063]
 [ 0.76252857  0.71268029  0.35363424 -0.38541224 -0.76681436 -0.76681436
  -1.12271083 -1.40545895  1.57235241  6.55398238]
 [-3.36474501 -1.97008056  0.76683686  1.62147772  1.34685064  1.34685064
   0.76542623 -0.97433568 -0.43864404  2.37265978]]

END for information of KL in the direction = 2

=================
For cross section = macro_fission1
=================
3. BEGIN for information of KL in the DIRECTION = 3
In KL, to select the first eigenvectors, eps = 1e-10
=================
=================
Total number of eigenvalues: 7
=================
Eigenvalues in decreasing values, decreasedEigenVals = : [  4.87558890e+01   4.45986532e-06   2.75818589e-10   2.14209220e-12
   6.77841503e-13   3.98373013e-13   6.45727733e-14]
=================
Eigenvectors corresponding to decreasing eigenvalues, decreasedEigenVects = : [[ 0.37831571  0.37826773  0.37813723  0.3779615   0.37778817  0.37766293
   0.37761739]
 [-0.51161509 -0.44014004 -0.24807032  0.00608322  0.25135333  0.42556872
   0.48853212]
 [-0.59325061 -0.36770831  0.09605548  0.28253765  0.05612819 -0.35784259
  -0.54091445]
 [ 0.14409416 -0.48134603  0.61499339 -0.42841381  0.06829405  0.15792705
  -0.3951994 ]
 [-0.57429647 -0.13245172  0.13142708  0.21969633 -0.54566076  0.46114705
   0.27694456]
 [ 0.89275022 -0.12892469 -0.00727286  0.04460243 -0.02880965 -0.04591054
   0.42590542]
 [ 0.42429954 -0.01807618 -0.04587125  0.02448968 -0.00280922  0.1087076
  -0.89728145]]
=================
Number of kept eigenvectors: 2/7
=================
Kepts eigenvectors, finalEigVects: [[ 0.37831571  0.37826773  0.37813723  0.3779615   0.37778817  0.37766293
   0.37761739]
 [-0.51161509 -0.44014004 -0.24807032  0.00608322  0.25135333  0.42556872
   0.48853212]]
=================
=================
Recall: infor of the fine discretization:

listOfBorders, self.listOfBorders[str(self.Axis_k)] = [0.0, 1.748352951835841e-05]

listOfPoints, self.listOfTuckerGridNodes_Axis_k[self.Axis_k] = [  0.00000000e+00   1.17117440e-06   4.37088238e-06   8.74176476e-06
   1.31126471e-05   1.63123551e-05   1.74835295e-05]
=================
Orthonormalized eigenvectors, self.finalOrthNormalizedEigVects_Axis_k: [[ 239.38133153  239.35097142  239.26840041  239.15720505  239.0475279
   238.96828439  238.93946955]
 [-424.03618504 -364.79631795 -205.60533458    5.04188528  208.32635141
   352.71933466  404.90458065]]

END for information of KL in the direction = 3

=================
For cross section = macro_fission1
=================
4. BEGIN for information of KL in the DIRECTION = 4
In KL, to select the first eigenvectors, eps = 1e-10
=================
=================
Total number of eigenvalues: 5
=================
Eigenvalues in decreasing values, decreasedEigenVals = : [  4.87431949e+01   6.05482213e-05   2.83821712e-10   6.70090386e-13
   4.19417806e-13]
=================
Eigenvectors corresponding to decreasing eigenvalues, decreasedEigenVects = : [[ 0.45095693  0.44982782  0.44715815  0.44456543  0.44351318]
 [-0.58297291 -0.40834207  0.00516533  0.40800113  0.57175846]
 [-0.63846462 -0.158291    0.32234762 -0.16279397 -0.66098186]
 [ 0.88459819 -0.20354172  0.10681505 -0.11586458  0.38887369]
 [-0.47595104  0.0684135   0.034274   -0.16781975  0.85991396]]
=================
Number of kept eigenvectors: 2/5
=================
Kepts eigenvectors, finalEigVects: [[ 0.45095693  0.44982782  0.44715815  0.44456543  0.44351318]
 [-0.58297291 -0.40834207  0.00516533  0.40800113  0.57175846]]
=================
=================
Recall: infor of the fine discretization:

listOfBorders, self.listOfBorders[str(self.Axis_k)] = [9.999999974752427e-07, 2.0]

listOfPoints, self.listOfTuckerGridNodes_Axis_k[self.Axis_k] = [  9.99999997e-07   2.92894072e-01   1.00000050e+00   1.70710693e+00
   2.00000000e+00]
=================
Orthonormalized eigenvectors, self.finalOrthNormalizedEigVects_Axis_k: [[ 0.71306498  0.71127959  0.70705824  0.70295857  0.70129473]
 [-1.23678071 -0.86630027  0.01095829  0.86557697  1.21298918]]

END for information of KL in the direction = 4

=================
For cross section = macro_fission1
=================
BEGIN for information of coefficients in Tucker decomposition
self.listOfNbOfBasisFcts = [4, 3, 4, 2, 2]

self.CardinalOfBasisFcts =192

Number of coefficients, len(self.FinalTuckerCoeffs) = 192
=================
Coefficient values, self.FinalTuckerCoeffs =[  6.78434164e+00   1.03146952e-03  -1.73874811e-03  -4.51580122e-04
  -3.43920922e-03   6.28967702e-04   2.00349930e-04   1.03222194e-05
  -1.36805605e-05   1.04253406e-06   2.91095239e-06   1.41325487e-06
   5.09384758e-03  -7.77747426e-03   2.95332005e-05   1.15852831e-04
  -3.08010108e-03   1.71854577e-04   4.82389458e-06  -1.02071156e-05
   3.54242094e-05  -4.37632655e-05  -1.17188591e-06   2.08528163e-06
  -1.40435936e-03  -6.04705658e-04   5.22263718e-04   1.48895869e-04
   9.15184370e-04  -1.60910741e-04  -4.41788167e-07   9.47664268e-06
  -2.78438933e-06   7.19186478e-06   1.32261258e-06  -1.65453298e-07
   1.18799747e-03  -1.74531004e-04  -5.53322742e-04  -6.26143160e-05
   1.54958678e-04   1.34148375e-05  -4.43920612e-06  -1.53858087e-06
   1.89952111e-05  -4.19317474e-06  -8.32337830e-07   2.50181686e-09
   1.70383061e-03  -5.12989964e-04   4.07860756e-06  -3.55933701e-06
  -1.17915683e-04  -1.98557421e-05   7.10950431e-07   8.94999754e-07
   8.18337751e-06  -5.80983783e-06   4.92858621e-08   2.89523790e-07
  -1.80149462e-03   2.37612541e-04   6.63424292e-05  -2.68288452e-06
   5.39563485e-05  -1.19366137e-05   9.16621615e-07   7.11759414e-07
  -1.43795228e-06   6.50503637e-07   1.52610795e-07  -1.88963889e-08
  -4.81876314e-04   1.20039740e-04  -1.27936354e-06  -8.40449776e-06
  -4.26214079e-05   8.11688926e-06   1.36789590e-07  -4.47189407e-07
  -8.59900425e-07  -1.03342199e-07  -5.12991566e-08   9.41670474e-09
   2.42961274e-04  -6.67006662e-05  -6.50627769e-06   3.88046036e-06
   1.14427693e-05  -1.29983671e-06  -9.14962606e-08  -4.71218996e-09
   6.89762791e-08   1.93249428e-07   8.72442900e-08  -1.47967842e-08
   3.95768291e-03  -2.35370097e-03  -1.61602009e-04   4.64630082e-05
  -2.09703073e-04  -1.00635562e-05   1.15935942e-06  -5.79251596e-08
  -3.65670474e-06  -3.80510478e-06  -8.54683417e-08   1.22546567e-07
   3.12103998e-03   2.36297508e-04   4.91236079e-05  -4.72784573e-06
   3.10114479e-05  -4.54264114e-06   5.75057351e-08   3.02952000e-07
   2.83392126e-07   3.12192253e-09  -6.20081924e-08   2.74010319e-08
  -7.56930818e-04   2.22558219e-05   5.04801786e-06  -1.83703332e-06
  -1.58716477e-05   3.19674547e-06   3.35713241e-07  -1.65257794e-07
  -3.05935502e-07   2.64001565e-08  -3.91100994e-08  -4.76629763e-09
   8.19695757e-05  -3.38043466e-05  -9.31522881e-06   1.58478140e-06
   4.93690477e-06  -9.83117207e-07  -3.31691013e-07   2.47337625e-08
   1.26549871e-07  -2.45566927e-09  -7.92746774e-08  -1.24977541e-08
   3.16529430e-04   2.75503044e-05   3.06381894e-06  -3.52719959e-07
   4.39035265e-06  -2.19883385e-07  -1.20927737e-07   2.09524407e-08
  -1.09218651e-08   4.65547095e-08   1.88055398e-08  -2.55927701e-08
  -2.76244028e-05  -2.76357960e-06  -1.50479271e-06   3.51656895e-08
  -7.95014853e-07   2.06352512e-07   1.23669439e-07   3.26239691e-08
   2.68066034e-09   4.03868675e-08   7.88068979e-08  -2.32512426e-08
   2.80168079e-05  -1.43342398e-06  -1.74233878e-07   1.35352108e-07
   7.49659133e-07  -2.12167889e-07  -1.54913390e-08   1.86244402e-08
   2.90314554e-08   2.65529884e-08  -1.03121293e-10  -1.98035362e-09
  -1.28155052e-05   7.18998893e-07   2.19888211e-07  -6.31466809e-08
  -4.24029244e-07   8.41926542e-08   7.74344338e-08   2.77038662e-08
  -8.56418849e-08  -6.98578132e-09   4.44850041e-08  -1.16734512e-09]:

=================
Coefficient indexes under array format :

self.listOfFinalCoefIndexes_arr = [[0, 0, 0, 0, 0], [1, 0, 0, 0, 0], [2, 0, 0, 0, 0], [3, 0, 0, 0, 0], [0, 1, 0, 0, 0], [1, 1, 0, 0, 0], [2, 1, 0, 0, 0], [3, 1, 0, 0, 0], [0, 2, 0, 0, 0], [1, 2, 0, 0, 0], [2, 2, 0, 0, 0], [3, 2, 0, 0, 0], [0, 0, 1, 0, 0], [1, 0, 1, 0, 0], [2, 0, 1, 0, 0], [3, 0, 1, 0, 0], [0, 1, 1, 0, 0], [1, 1, 1, 0, 0], [2, 1, 1, 0, 0], [3, 1, 1, 0, 0], [0, 2, 1, 0, 0], [1, 2, 1, 0, 0], [2, 2, 1, 0, 0], [3, 2, 1, 0, 0], [0, 0, 2, 0, 0], [1, 0, 2, 0, 0], [2, 0, 2, 0, 0], [3, 0, 2, 0, 0], [0, 1, 2, 0, 0], [1, 1, 2, 0, 0], [2, 1, 2, 0, 0], [3, 1, 2, 0, 0], [0, 2, 2, 0, 0], [1, 2, 2, 0, 0], [2, 2, 2, 0, 0], [3, 2, 2, 0, 0], [0, 0, 3, 0, 0], [1, 0, 3, 0, 0], [2, 0, 3, 0, 0], [3, 0, 3, 0, 0], [0, 1, 3, 0, 0], [1, 1, 3, 0, 0], [2, 1, 3, 0, 0], [3, 1, 3, 0, 0], [0, 2, 3, 0, 0], [1, 2, 3, 0, 0], [2, 2, 3, 0, 0], [3, 2, 3, 0, 0], [0, 0, 0, 1, 0], [1, 0, 0, 1, 0], [2, 0, 0, 1, 0], [3, 0, 0, 1, 0], [0, 1, 0, 1, 0], [1, 1, 0, 1, 0], [2, 1, 0, 1, 0], [3, 1, 0, 1, 0], [0, 2, 0, 1, 0], [1, 2, 0, 1, 0], [2, 2, 0, 1, 0], [3, 2, 0, 1, 0], [0, 0, 1, 1, 0], [1, 0, 1, 1, 0], [2, 0, 1, 1, 0], [3, 0, 1, 1, 0], [0, 1, 1, 1, 0], [1, 1, 1, 1, 0], [2, 1, 1, 1, 0], [3, 1, 1, 1, 0], [0, 2, 1, 1, 0], [1, 2, 1, 1, 0], [2, 2, 1, 1, 0], [3, 2, 1, 1, 0], [0, 0, 2, 1, 0], [1, 0, 2, 1, 0], [2, 0, 2, 1, 0], [3, 0, 2, 1, 0], [0, 1, 2, 1, 0], [1, 1, 2, 1, 0], [2, 1, 2, 1, 0], [3, 1, 2, 1, 0], [0, 2, 2, 1, 0], [1, 2, 2, 1, 0], [2, 2, 2, 1, 0], [3, 2, 2, 1, 0], [0, 0, 3, 1, 0], [1, 0, 3, 1, 0], [2, 0, 3, 1, 0], [3, 0, 3, 1, 0], [0, 1, 3, 1, 0], [1, 1, 3, 1, 0], [2, 1, 3, 1, 0], [3, 1, 3, 1, 0], [0, 2, 3, 1, 0], [1, 2, 3, 1, 0], [2, 2, 3, 1, 0], [3, 2, 3, 1, 0], [0, 0, 0, 0, 1], [1, 0, 0, 0, 1], [2, 0, 0, 0, 1], [3, 0, 0, 0, 1], [0, 1, 0, 0, 1], [1, 1, 0, 0, 1], [2, 1, 0, 0, 1], [3, 1, 0, 0, 1], [0, 2, 0, 0, 1], [1, 2, 0, 0, 1], [2, 2, 0, 0, 1], [3, 2, 0, 0, 1], [0, 0, 1, 0, 1], [1, 0, 1, 0, 1], [2, 0, 1, 0, 1], [3, 0, 1, 0, 1], [0, 1, 1, 0, 1], [1, 1, 1, 0, 1], [2, 1, 1, 0, 1], [3, 1, 1, 0, 1], [0, 2, 1, 0, 1], [1, 2, 1, 0, 1], [2, 2, 1, 0, 1], [3, 2, 1, 0, 1], [0, 0, 2, 0, 1], [1, 0, 2, 0, 1], [2, 0, 2, 0, 1], [3, 0, 2, 0, 1], [0, 1, 2, 0, 1], [1, 1, 2, 0, 1], [2, 1, 2, 0, 1], [3, 1, 2, 0, 1], [0, 2, 2, 0, 1], [1, 2, 2, 0, 1], [2, 2, 2, 0, 1], [3, 2, 2, 0, 1], [0, 0, 3, 0, 1], [1, 0, 3, 0, 1], [2, 0, 3, 0, 1], [3, 0, 3, 0, 1], [0, 1, 3, 0, 1], [1, 1, 3, 0, 1], [2, 1, 3, 0, 1], [3, 1, 3, 0, 1], [0, 2, 3, 0, 1], [1, 2, 3, 0, 1], [2, 2, 3, 0, 1], [3, 2, 3, 0, 1], [0, 0, 0, 1, 1], [1, 0, 0, 1, 1], [2, 0, 0, 1, 1], [3, 0, 0, 1, 1], [0, 1, 0, 1, 1], [1, 1, 0, 1, 1], [2, 1, 0, 1, 1], [3, 1, 0, 1, 1], [0, 2, 0, 1, 1], [1, 2, 0, 1, 1], [2, 2, 0, 1, 1], [3, 2, 0, 1, 1], [0, 0, 1, 1, 1], [1, 0, 1, 1, 1], [2, 0, 1, 1, 1], [3, 0, 1, 1, 1], [0, 1, 1, 1, 1], [1, 1, 1, 1, 1], [2, 1, 1, 1, 1], [3, 1, 1, 1, 1], [0, 2, 1, 1, 1], [1, 2, 1, 1, 1], [2, 2, 1, 1, 1], [3, 2, 1, 1, 1], [0, 0, 2, 1, 1], [1, 0, 2, 1, 1], [2, 0, 2, 1, 1], [3, 0, 2, 1, 1], [0, 1, 2, 1, 1], [1, 1, 2, 1, 1], [2, 1, 2, 1, 1], [3, 1, 2, 1, 1], [0, 2, 2, 1, 1], [1, 2, 2, 1, 1], [2, 2, 2, 1, 1], [3, 2, 2, 1, 1], [0, 0, 3, 1, 1], [1, 0, 3, 1, 1], [2, 0, 3, 1, 1], [3, 0, 3, 1, 1], [0, 1, 3, 1, 1], [1, 1, 3, 1, 1], [2, 1, 3, 1, 1], [3, 1, 3, 1, 1], [0, 2, 3, 1, 1], [1, 2, 3, 1, 1], [2, 2, 3, 1, 1], [3, 2, 3, 1, 1]]

END for information of coefficients in Tucker decomposition
=================
