For cross section = macro_totale1
=================
0. BEGIN for information of KL in the DIRECTION = 0
In KL, to select the first eigenvectors, eps = 1e-10
=================
=================
Total number of eigenvalues: 21
=================
Eigenvalues in decreasing values, decreasedEigenVals = : [  8.22056085e+03   1.63973327e-01   1.45269916e-05   1.08719214e-07
   2.41555502e-08   4.32142530e-10   3.01517288e-10   1.77107838e-10
   1.22608871e-10   8.23062781e-11   1.56123729e-11   1.00288518e-11
   5.26634883e-12   1.84582862e-12   5.07798638e-13   1.17167998e-13
   7.81198700e-18  -1.72218342e-27  -6.44475986e-16  -1.13791437e-14
  -1.74944010e-14]
=================
Eigenvectors corresponding to decreasing eigenvalues, decreasedEigenVects = : [[ -2.21589821e-01  -2.21580641e-01  -2.21576735e-01  -2.21576735e-01
   -2.21575663e-01  -2.21509147e-01  -2.21293094e-01  -2.20982232e-01
   -2.20651391e-01  -2.20364603e-01  -2.20171252e-01  -2.20103099e-01
   -2.20103099e-01  -2.19617001e-01  -2.18234040e-01  -2.16222247e-01
   -2.13988790e-01  -2.11926197e-01  -2.10316391e-01  -2.09312322e-01
   -2.08972631e-01]
 [  2.67298891e-01   2.66946961e-01   2.66554026e-01   2.66554026e-01
    2.64754945e-01   2.59144465e-01   2.49288190e-01   2.36765027e-01
    2.23802455e-01   2.12618789e-01   2.05093077e-01   2.02443053e-01
    2.02443053e-01   1.83530992e-01   1.29590600e-01   5.02302263e-02
   -4.04713238e-02  -1.28045553e-01  -1.99762003e-01  -2.46266048e-01
   -2.62346209e-01]
 [ -1.90773222e-01  -1.90925749e-01  -1.96603827e-01  -1.96603827e-01
   -2.52177480e-01  -3.07927737e-01  -3.11351912e-01  -2.75770473e-01
   -2.32603259e-01  -1.91329343e-01  -1.64856545e-01  -1.56560275e-01
   -1.56560275e-01  -9.34016184e-02   5.71870948e-02   1.86801874e-01
    1.91766100e-01   5.95832727e-02  -1.41284572e-01  -3.14261849e-01
   -3.81572986e-01]
 [  4.66967632e-01   4.71859810e-01   4.61314910e-01   4.61314910e-01
    3.17181528e-01   1.25034530e-01   3.07780624e-02  -5.36225957e-03
   -2.23373568e-02  -2.92057903e-02  -3.35153586e-02  -3.32274127e-02
   -3.32274127e-02  -4.42508450e-02  -4.74012071e-02  -1.89641303e-02
    2.48969341e-02   3.26934107e-02  -4.69466933e-04  -4.18158945e-02
   -6.13788746e-02]
 [ -4.73158515e-01  -4.50716256e-01  -4.48092785e-01  -4.48092785e-01
   -2.34180260e-01  -2.34403160e-02   1.05698005e-01   1.25794699e-01
    9.53309999e-02   9.08637438e-02   5.46052577e-02   6.00503753e-02
    6.00503753e-02   1.14235623e-02  -5.24602794e-02  -6.92613715e-02
    2.46544314e-02   8.06674969e-02   1.69596087e-02  -1.16226240e-01
   -1.81345947e-01]
 [ -2.91880766e-01  -4.65808524e-01  -4.51457820e-01  -4.51457846e-01
    7.69360159e-02   1.09332801e-01  -7.49915058e-02   2.05153711e-01
   -8.70141227e-02   6.07502767e-02  -1.08423493e-01   6.09634167e-02
    6.09634167e-02   2.02110787e-02  -1.11765072e-01   2.46871689e-02
    1.48687584e-01  -2.53321151e-01   2.33210052e-01  -1.51631866e-01
    1.30369441e-01]
 [  3.14787241e-01   4.85737765e-01   4.68478788e-01   4.68478801e-01
   -1.36156570e-01  -5.81314436e-02  -1.48910271e-01   7.22398533e-02
   -9.14062080e-03   8.19713510e-02  -1.51238243e-01   1.72062547e-01
    1.72062547e-01   1.39676951e-02   9.17859775e-02  -1.68980241e-01
    1.49660470e-01  -3.91251582e-02  -9.26924287e-02   1.11338494e-01
    7.57241617e-02]
 [  3.30010958e-01   4.31488225e-01   4.96884300e-01   4.96884411e-01
    1.02919745e-02  -1.65547149e-01  -2.48946720e-01   9.82170048e-02
   -2.98574065e-02   1.09352722e-01   1.48820165e-01   1.27774281e-01
    1.27774281e-01   1.32131393e-01  -7.24298093e-02   1.67320877e-02
   -2.17750037e-02   2.41435072e-02  -5.91149704e-03  -2.35129631e-02
    1.40394634e-01]
 [  3.51679492e-01   1.51785227e-02  -2.74552626e-01  -2.74553175e-01
    1.82770837e-01  -3.11900105e-01   9.50384993e-03   4.62273874e-01
    1.73278962e-02   3.53721141e-01   2.55924225e-01   6.80336302e-03
    6.80336302e-03  -3.72161406e-01  -3.75687837e-03   7.07986874e-02
    1.51477691e-03  -8.43812110e-03  -6.30626413e-02   6.55670343e-02
    1.94857522e-01]
 [ -2.38217450e-01  -4.94789401e-01  -1.94052969e-01  -1.94052881e-01
   -3.23429021e-01   3.72705067e-01   1.82170351e-02   1.93148437e-01
    1.72526245e-01  -3.00738183e-01  -1.58901711e-01  -8.33772446e-02
   -8.33772446e-02   3.94170472e-02  -1.87794316e-01   8.63603337e-02
    6.51187380e-02  -3.09507098e-03  -1.66692274e-01   1.59753330e-01
    2.84202765e-01]
 [ -1.28319785e-01  -3.00809530e-02  -5.13447726e-01  -5.13447959e-01
    1.77268244e-01   8.57223776e-02  -3.56683555e-01   4.30819713e-02
    3.68558584e-01  -7.43053740e-02  -1.61260914e-01   1.01400400e-03
    1.01400400e-03  -4.13969977e-02   3.06087959e-02  -2.87096968e-03
   -2.19766173e-02   4.15070398e-03   2.82778912e-02   7.54744506e-03
   -3.40794236e-01]
 [ -9.14134855e-02   2.65362829e-01  -3.17557467e-01  -3.17556654e-01
    1.76618301e-01  -2.62500486e-01   1.18869605e-01  -3.94245986e-02
    8.97806961e-02   5.88108283e-02   5.19297632e-02  -4.67066943e-01
   -4.67066943e-01   8.09829611e-02  -4.75431330e-02   1.28497282e-03
    3.32651920e-02  -2.72642664e-02  -1.65596858e-02   8.06141466e-02
   -3.68502775e-01]
 [ -1.77986774e-01  -3.14722342e-01  -3.20663676e-01  -3.20662101e-01
    9.66477740e-02   5.18331437e-02   5.56535838e-03  -2.16308325e-01
   -1.00744570e-02   2.73499275e-01   2.18945669e-02   4.81568188e-01
    4.81568188e-01  -1.24459312e-02  -5.71404547e-02   1.89320999e-02
    1.55879646e-02  -9.90389283e-03  -2.64786366e-02   6.68822652e-02
   -2.37236389e-01]
 [  3.81514717e-01   4.45971359e-01   1.58411204e-01   1.58405586e-01
    2.37967321e-02  -2.83175760e-01   1.66449265e-01  -6.25186503e-02
    2.42114521e-01  -1.49705918e-01  -2.91836875e-01   3.53914718e-01
    3.53914718e-01  -1.20240030e-02  -1.84230394e-02   1.21660983e-02
    3.86437810e-03  -9.82493478e-03   9.33566451e-03  -3.83757957e-02
    2.72004146e-01]
 [  3.30260919e-01   4.10720471e-01  -3.26996551e-01  -3.26954716e-01
   -8.86852231e-02   8.17636858e-02  -1.22867752e-02  -2.44753946e-02
   -4.50412912e-03   2.99684959e-01  -4.78504995e-01  -2.52801880e-01
   -2.52801880e-01   1.32790582e-02  -6.85214937e-04   1.16279205e-02
   -1.57376270e-02   1.45204837e-02  -4.50470867e-03  -2.80527385e-02
    2.11934329e-01]
 [  8.70531405e-01  -3.27142076e-01   1.05544661e-01   1.05556914e-01
    2.41171671e-02  -3.34971383e-02   1.35796233e-02   9.09492937e-02
   -8.84471417e-02  -3.45052568e-02  -1.95146029e-01   7.78223036e-02
    7.78223036e-02   1.89949327e-02   3.72403776e-03   5.97974969e-03
   -1.15964371e-02   4.29100336e-03   2.51209155e-03   2.16029621e-02
   -2.06074974e-01]
 [  8.19475420e-01   2.03717251e-01  -3.23425339e-01  -4.00674004e-01
   -6.88508302e-03   8.71123473e-04   5.95742242e-03   3.96270811e-02
   -5.63637020e-02  -4.81326532e-02  -1.85475922e-02   6.52065419e-02
    6.52065418e-02   9.72629409e-03   1.96666625e-03   5.30247322e-04
   -3.86057704e-03   2.15963329e-03   6.56512831e-04   7.61731440e-03
   -7.51236319e-02]
 [ -7.17188286e-01  -2.16681209e-01   5.66930407e-01   3.11369008e-01
    5.94794948e-03  -4.33217806e-04  -6.28523155e-03  -4.11065777e-02
    5.73994644e-02   4.89186270e-02   2.11162192e-02   1.16012899e-02
   -7.83832500e-02  -9.55978591e-03  -1.98181270e-03  -7.47291672e-04
    4.02053706e-03  -2.16277165e-03  -6.73607535e-04  -7.90188896e-03
    7.72844732e-02]
 [ -7.72380243e-01  -2.27525042e-01   4.03933062e-01   4.03374017e-01
    4.69591469e-03  -3.59064334e-04  -6.51207512e-03  -4.35808860e-02
    6.13190217e-02   5.21076867e-02   2.24072816e-02  -7.13779185e-02
   -7.13779185e-02  -1.04248667e-02  -2.15322450e-03  -6.64404914e-04
    4.23171491e-03  -2.40352505e-03  -5.58627674e-04  -8.28802085e-03
    8.03202399e-02]
 [ -5.31439520e-01   5.42709777e-01  -4.12276903e-01  -4.12423555e-01
   -1.17645203e-03  -4.10319466e-03   1.45638049e-02   8.17568218e-02
   -9.85156480e-02  -8.06911758e-02  -7.12197206e-02   1.28117084e-01
    1.28117084e-01   1.06647227e-02   2.91878066e-03   4.80617817e-03
   -8.45200053e-03   3.01325977e-03   1.62299868e-03   1.56497344e-02
   -1.46520161e-01]
 [ -4.84350884e-01   6.49256261e-01  -3.47406506e-01  -3.47520661e-01
   -4.54427608e-02   1.51580529e-03   1.86785730e-02   8.50567430e-02
   -9.60665992e-02  -8.09089079e-02  -6.83328189e-02   1.34236760e-01
    1.34236760e-01   5.76659193e-03   1.92078759e-03   7.56128208e-03
   -9.57994447e-03   8.70257827e-04   5.33232301e-03   1.79632261e-02
   -1.89041175e-01]]
=================
Number of kept eigenvectors: 3/21
=================
Kepts eigenvectors, finalEigVects: [[-0.22158982 -0.22158064 -0.22157674 -0.22157674 -0.22157566 -0.22150915
  -0.22129309 -0.22098223 -0.22065139 -0.2203646  -0.22017125 -0.2201031
  -0.2201031  -0.219617   -0.21823404 -0.21622225 -0.21398879 -0.2119262
  -0.21031639 -0.20931232 -0.20897263]
 [ 0.26729889  0.26694696  0.26655403  0.26655403  0.26475495  0.25914447
   0.24928819  0.23676503  0.22380245  0.21261879  0.20509308  0.20244305
   0.20244305  0.18353099  0.1295906   0.05023023 -0.04047132 -0.12804555
  -0.199762   -0.24626605 -0.26234621]
 [-0.19077322 -0.19092575 -0.19660383 -0.19660383 -0.25217748 -0.30792774
  -0.31135191 -0.27577047 -0.23260326 -0.19132934 -0.16485654 -0.15656028
  -0.15656028 -0.09340162  0.05718709  0.18680187  0.1917661   0.05958327
  -0.14128457 -0.31426185 -0.38157299]]
=================
=================
Recall: infor of the fine discretization:

listOfBorders, self.listOfBorders[str(self.Axis_k)] = [0.0, 150, 10000, 80000.0]

listOfPoints, self.listOfTuckerGridNodes_Axis_k[self.Axis_k] = [  0.00000000e+00   7.50000000e+01   1.50000000e+02   1.50000000e+02
   5.24893302e+02   1.59249910e+03   3.19028410e+03   5.07500000e+03
   6.95971590e+03   8.55750090e+03   9.62510670e+03   1.00000000e+04
   1.00000000e+04   1.26642164e+04   2.02512627e+04   3.16060799e+04
   4.50000000e+04   5.83939201e+04   6.97487373e+04   7.73357836e+04
   8.00000000e+04]
=================
Orthonormalized eigenvectors, self.finalOrthNormalizedEigVects_Axis_k: [[-0.00364291 -0.00364276 -0.00364269 -0.00364269 -0.00364268 -0.00364158
  -0.00363803 -0.00363292 -0.00362748 -0.00362277 -0.00361959 -0.00361847
  -0.00361847 -0.00361048 -0.00358774 -0.00355467 -0.00351795 -0.00348404
  -0.00345758 -0.00344107 -0.00343548]
 [ 0.00609444  0.00608642  0.00607746  0.00607746  0.00603644  0.00590852
   0.0056838   0.00539827  0.00510272  0.00484773  0.00467614  0.00461572
   0.00461572  0.00418452  0.00295468  0.00114525 -0.00092275 -0.00291945
  -0.00455459 -0.00561489 -0.00598152]
 [-0.00378658 -0.00378961 -0.00390231 -0.00390231 -0.00500537 -0.00611193
  -0.0061799  -0.00547366 -0.00461685 -0.00379762 -0.00327217 -0.0031075
  -0.0031075  -0.00185389  0.00113508  0.00370776  0.00380629  0.00118264
  -0.0028043  -0.00623766 -0.00757369]]

END for information of KL in the direction = 0

=================
For cross section = macro_totale1
=================
1. BEGIN for information of KL in the DIRECTION = 1
In KL, to select the first eigenvectors, eps = 1e-10
=================
=================
Total number of eigenvalues: 5
=================
Eigenvalues in decreasing values, decreasedEigenVals = : [  8.24491672e+03   2.04719329e-03   4.87502234e-07   1.37490464e-09
   3.77307654e-10]
=================
Eigenvectors corresponding to decreasing eigenvalues, decreasedEigenVects = : [[-0.4468559  -0.44695518 -0.44720895 -0.44746855 -0.44757896]
 [-0.60763464 -0.41664561  0.01622087  0.39952724  0.54525357]
 [-0.67062098 -0.14886916  0.33881889 -0.19909279 -0.61128496]
 [ 0.94692878 -0.19793574  0.0658932   0.01126616 -0.24429179]
 [ 0.12393298 -0.04961721  0.07397224 -0.19786826  0.96827424]]
=================
Number of kept eigenvectors: 2/5
=================
Kepts eigenvectors, finalEigVects: [[-0.4468559  -0.44695518 -0.44720895 -0.44746855 -0.44757896]
 [-0.60763464 -0.41664561  0.01622087  0.39952724  0.54525357]]
=================
=================
Recall: infor of the fine discretization:

listOfBorders, self.listOfBorders[str(self.Axis_k)] = [20.0, 1800.0]

listOfPoints, self.listOfTuckerGridNodes_Axis_k[self.Axis_k] = [   20.           280.67496474   910.          1539.32503526  1800.        ]
=================
Orthonormalized eigenvectors, self.finalOrthNormalizedEigVects_Axis_k: [[-0.02368345 -0.02368871 -0.02370216 -0.02371592 -0.02372177]
 [-0.04319356 -0.02961715  0.00115306  0.02840029  0.03875921]]

END for information of KL in the direction = 1

=================
For cross section = macro_totale1
=================
2. BEGIN for information of KL in the DIRECTION = 2
In KL, to select the first eigenvectors, eps = 1e-10
=================
=================
Total number of eigenvalues: 10
=================
Eigenvalues in decreasing values, decreasedEigenVals = : [  7.07129732e+03   2.02937002e-01   3.50377653e-04   3.85178181e-06
   8.86560445e-08   1.80439469e-09   1.37087697e-10   5.55754583e-11
   3.83595288e-11  -5.59064294e-23]
=================
Eigenvectors corresponding to decreasing eigenvalues, decreasedEigenVects = : [[  1.93873892e-01   2.09755829e-01   2.48569807e-01   2.88513876e-01
    3.05597421e-01   3.05597421e-01   3.21242929e-01   3.61338058e-01
    4.07548364e-01   4.32146680e-01]
 [  4.04257811e-01   3.63551368e-01   2.65690303e-01   1.53373566e-01
    9.77113722e-02   9.77113722e-02   4.08246199e-02  -1.36088210e-01
   -4.17176171e-01  -6.30058413e-01]
 [  2.05510366e-01   1.68523794e-01   6.83463709e-02  -5.31281025e-02
   -1.06907058e-01  -1.06907058e-01  -1.53228790e-01  -1.99654138e-01
    1.49322423e-01   9.01873127e-01]
 [ -4.39005591e-01  -2.92963044e-01   9.33553146e-02   2.71290687e-01
    2.44833847e-01   2.44833847e-01   1.54765067e-01  -1.69155997e-01
   -1.46700412e-01   6.67202130e-01]
 [  4.67023973e-01   9.95183013e-02  -2.02975536e-01  -3.12347014e-02
    7.72737827e-02   7.72737827e-02   1.57952256e-01   1.16257098e-01
   -2.54176484e-01   7.84090080e-01]
 [  6.84948427e-01   1.34293585e-02  -1.87057939e-01   1.34460902e-01
    1.97362209e-01   1.97362209e-01   2.16970722e-01  -2.39762282e-01
    2.06899969e-01  -5.02316008e-01]
 [ -8.72962104e-01   1.64155171e-01  -4.24394408e-03  -2.27112686e-01
   -1.03316741e-01  -1.03316741e-01   3.56439373e-01  -1.01558434e-01
    2.38934617e-02  -1.04557930e-02]
 [ -3.34004458e-01   1.02100632e-01  -1.06887104e-01   2.59982242e-01
   -6.31649775e-01  -6.31649775e-01  -2.85504364e-02   1.09977293e-02
    1.52059332e-03  -9.97984177e-03]
 [ -5.44520197e-01   1.53364596e-01  -1.19030922e-01   9.25364139e-02
    5.61815214e-01   5.61815214e-01  -1.57876880e-01   1.89415666e-03
    1.08044134e-02  -3.04566355e-02]
 [ -9.66883266e-04   2.59792314e-04  -1.99911195e-04   3.00300395e-04
    6.65650340e-01  -7.46263017e-01  -1.03306459e-05  -1.95600640e-05
    1.76020495e-05  -3.81022822e-05]]
=================
Number of kept eigenvectors: 4/10
=================
Kepts eigenvectors, finalEigVects: [[ 0.19387389  0.20975583  0.24856981  0.28851388  0.30559742  0.30559742
   0.32124293  0.36133806  0.40754836  0.43214668]
 [ 0.40425781  0.36355137  0.2656903   0.15337357  0.09771137  0.09771137
   0.04082462 -0.13608821 -0.41717617 -0.63005841]
 [ 0.20551037  0.16852379  0.06834637 -0.0531281  -0.10690706 -0.10690706
  -0.15322879 -0.19965414  0.14932242  0.90187313]
 [-0.43900559 -0.29296304  0.09335531  0.27129069  0.24483385  0.24483385
   0.15476507 -0.169156   -0.14670041  0.66720213]]
=================
=================
Recall: infor of the fine discretization:

listOfBorders, self.listOfBorders[str(self.Axis_k)] = [0.4000000059604645, 0.71692097187, 1.0]

listOfPoints, self.listOfTuckerGridNodes_Axis_k[self.Axis_k] = [ 0.40000001  0.44641201  0.55846049  0.67050897  0.71692097  0.71692097
  0.75837694  0.85846049  0.95854404  1.        ]
=================
Orthonormalized eigenvectors, self.finalOrthNormalizedEigVects_Axis_k: [[ 0.80693119  0.87303411  1.0345835   1.2008365   1.27194068  1.27194068
   1.33705955  1.50394128  1.69627526  1.79865701]
 [ 1.9465558   1.7505488   1.27933459  0.73851438  0.47049342  0.47049342
   0.19657604 -0.65528306 -2.00875945 -3.03381611]
 [ 1.46981587  1.20528688  0.48881515 -0.37997367 -0.76460226 -0.76460226
  -1.09589658 -1.42793196  1.06795814  6.45022176]
 [-2.59198885 -1.72972044  0.55119101  1.60176192  1.44555471  1.44555471
   0.91376815 -0.99873548 -0.8661526   3.93931311]]

END for information of KL in the direction = 2

=================
For cross section = macro_totale1
=================
3. BEGIN for information of KL in the DIRECTION = 3
In KL, to select the first eigenvectors, eps = 1e-10
=================
=================
Total number of eigenvalues: 7
=================
Eigenvalues in decreasing values, decreasedEigenVals = : [  8.24274896e+03   2.83591848e-02   2.03353738e-07   3.46525035e-10
   6.33619308e-11   4.92479015e-11   1.04623168e-11]
=================
Eigenvectors corresponding to decreasing eigenvalues, decreasedEigenVects = : [[ 0.37845708  0.37837508  0.37816653  0.37791874  0.37771071  0.3775822
   0.37753987]
 [-0.50793466 -0.43781068 -0.24860099  0.00423415  0.2510454   0.42809511
   0.49215301]
 [-0.57305915 -0.3604486   0.0848048   0.28228547  0.06217741 -0.35403264
  -0.57061189]
 [ 0.5940491  -0.43109138  0.49312689 -0.41154423  0.21202132 -0.05975112
  -0.01413764]
 [-0.11791725 -0.26405816  0.23530989  0.11871052 -0.47954878  0.53797945
  -0.57229097]
 [-0.83964331  0.10579623  0.03268424 -0.06960819  0.04303183  0.05386699
  -0.52262732]
 [ 0.54267416 -0.00494464 -0.06392908  0.00154044  0.05539924  0.04993273
  -0.83416345]]
=================
Number of kept eigenvectors: 2/7
=================
Kepts eigenvectors, finalEigVects: [[ 0.37845708  0.37837508  0.37816653  0.37791874  0.37771071  0.3775822
   0.37753987]
 [-0.50793466 -0.43781068 -0.24860099  0.00423415  0.2510454   0.42809511
   0.49215301]]
=================
=================
Recall: infor of the fine discretization:

listOfBorders, self.listOfBorders[str(self.Axis_k)] = [0.0, 1.748352951835841e-05]

listOfPoints, self.listOfTuckerGridNodes_Axis_k[self.Axis_k] = [  0.00000000e+00   1.17117440e-06   4.37088238e-06   8.74176476e-06
   1.31126471e-05   1.63123551e-05   1.74835295e-05]
=================
Orthonormalized eigenvectors, self.finalOrthNormalizedEigVects_Axis_k: [[ 239.48206833  239.43018012  239.29821239  239.14141625  239.00977716
   238.9284564   238.90167431]
 [-420.90688325 -362.79770602 -206.00654995    3.50868456  208.03214025
   354.74676835  407.82920427]]

END for information of KL in the direction = 3

=================
For cross section = macro_totale1
=================
4. BEGIN for information of KL in the DIRECTION = 4
In KL, to select the first eigenvectors, eps = 1e-10
=================
=================
Total number of eigenvalues: 5
=================
Eigenvalues in decreasing values, decreasedEigenVals = : [  8.24564041e+03   4.22596352e-04   5.49644306e-09   2.19581547e-10
   6.80559462e-11]
=================
Eigenvectors corresponding to decreasing eigenvalues, decreasedEigenVects = : [[-0.44606569 -0.44640984 -0.44722536 -0.44801977 -0.44834297]
 [-0.59386201 -0.41222064  0.00735219  0.40348315  0.560847  ]
 [-0.68324441 -0.15209791  0.33214954 -0.18513698 -0.60451989]
 [ 0.37958249 -0.10587556  0.09526119 -0.19607148  0.89285429]
 [ 0.8575193  -0.1745821   0.04392347  0.06125915 -0.47801652]]
=================
Number of kept eigenvectors: 2/5
=================
Kepts eigenvectors, finalEigVects: [[-0.44606569 -0.44640984 -0.44722536 -0.44801977 -0.44834297]
 [-0.59386201 -0.41222064  0.00735219  0.40348315  0.560847  ]]
=================
=================
Recall: infor of the fine discretization:

listOfBorders, self.listOfBorders[str(self.Axis_k)] = [9.999999974752427e-07, 2.0]

listOfPoints, self.listOfTuckerGridNodes_Axis_k[self.Axis_k] = [  9.99999997e-07   2.92894072e-01   1.00000050e+00   1.70710693e+00
   2.00000000e+00]
=================
Orthonormalized eigenvectors, self.finalOrthNormalizedEigVects_Axis_k: [[-0.70528373 -0.70582788 -0.70711732 -0.70837337 -0.70888439]
 [-1.26046541 -0.87493366  0.01560494  0.85638844  1.19039142]]

END for information of KL in the direction = 4

=================
For cross section = macro_totale1
=================
BEGIN for information of coefficients in Tucker decomposition
self.listOfNbOfBasisFcts = [3, 2, 4, 2, 2]

self.CardinalOfBasisFcts =96

Number of coefficients, len(self.FinalTuckerCoeffs) = 96
=================
Coefficient values, self.FinalTuckerCoeffs =[ -8.39572356e+01   2.35028143e-01   3.75990669e-03   2.13194809e-02
  -1.48219418e-02  -6.30676120e-04   1.50977409e-02   2.44090894e-01
  -2.70978658e-04   1.97317599e-02   7.31082952e-05  -6.59561939e-05
   4.32285192e-03   3.62627700e-03  -1.33254744e-03  -2.37125538e-04
  -4.33354106e-04  -5.55913230e-05  -3.85120152e-04  -2.40844897e-04
   4.06445718e-04  -2.65152686e-04   1.91401459e-05   1.77789612e-05
  -1.27048524e-01   1.35085425e-02   7.43315878e-04   1.28064631e-03
   1.80997263e-04   2.03070088e-05  -9.47073480e-02  -2.21819864e-03
  -1.05317293e-04  -2.59428180e-04  -5.29289267e-05  -1.91075518e-06
   9.50435898e-03   1.43146560e-03   7.57471797e-05   1.51653682e-04
   3.02763852e-05   3.75259584e-06   1.05584287e-05  -3.36002892e-04
  -1.57951115e-05  -3.24108291e-05  -3.02964865e-06  -1.20527816e-06
   1.31529604e-02  -5.23096005e-03  -1.59899442e-03   2.90837541e-04
  -1.18373876e-04  -8.09800433e-06   6.15705715e-03   1.36060600e-03
  -5.59835542e-05   3.15049380e-04   3.41325428e-05  -2.27268619e-06
  -1.30065747e-03  -2.69732709e-04  -2.73831745e-06  -9.65357823e-05
  -1.29219823e-05   2.05826122e-07  -9.49745489e-04   4.86293040e-05
   1.42613911e-05   1.94511622e-05   3.50555277e-06  -2.32093584e-07
  -6.94943645e-04   1.43021764e-04   1.90038220e-05   2.03122806e-05
   3.34001234e-06  -2.49342813e-08  -3.80219718e-04  -4.18440618e-05
   4.98092565e-07  -1.15820106e-05  -3.33518439e-07   1.02194035e-06
   9.99749563e-05   2.35364165e-05   6.81945917e-07   5.34567474e-06
   1.68245963e-06  -2.40240965e-09   1.83282196e-05  -1.34497964e-06
  -1.05266150e-06  -1.33420432e-06   3.03479248e-07   1.07067090e-06]:

=================
Coefficient indexes under array format :

self.listOfFinalCoefIndexes_arr = [[0, 0, 0, 0, 0], [1, 0, 0, 0, 0], [2, 0, 0, 0, 0], [0, 1, 0, 0, 0], [1, 1, 0, 0, 0], [2, 1, 0, 0, 0], [0, 0, 1, 0, 0], [1, 0, 1, 0, 0], [2, 0, 1, 0, 0], [0, 1, 1, 0, 0], [1, 1, 1, 0, 0], [2, 1, 1, 0, 0], [0, 0, 2, 0, 0], [1, 0, 2, 0, 0], [2, 0, 2, 0, 0], [0, 1, 2, 0, 0], [1, 1, 2, 0, 0], [2, 1, 2, 0, 0], [0, 0, 3, 0, 0], [1, 0, 3, 0, 0], [2, 0, 3, 0, 0], [0, 1, 3, 0, 0], [1, 1, 3, 0, 0], [2, 1, 3, 0, 0], [0, 0, 0, 1, 0], [1, 0, 0, 1, 0], [2, 0, 0, 1, 0], [0, 1, 0, 1, 0], [1, 1, 0, 1, 0], [2, 1, 0, 1, 0], [0, 0, 1, 1, 0], [1, 0, 1, 1, 0], [2, 0, 1, 1, 0], [0, 1, 1, 1, 0], [1, 1, 1, 1, 0], [2, 1, 1, 1, 0], [0, 0, 2, 1, 0], [1, 0, 2, 1, 0], [2, 0, 2, 1, 0], [0, 1, 2, 1, 0], [1, 1, 2, 1, 0], [2, 1, 2, 1, 0], [0, 0, 3, 1, 0], [1, 0, 3, 1, 0], [2, 0, 3, 1, 0], [0, 1, 3, 1, 0], [1, 1, 3, 1, 0], [2, 1, 3, 1, 0], [0, 0, 0, 0, 1], [1, 0, 0, 0, 1], [2, 0, 0, 0, 1], [0, 1, 0, 0, 1], [1, 1, 0, 0, 1], [2, 1, 0, 0, 1], [0, 0, 1, 0, 1], [1, 0, 1, 0, 1], [2, 0, 1, 0, 1], [0, 1, 1, 0, 1], [1, 1, 1, 0, 1], [2, 1, 1, 0, 1], [0, 0, 2, 0, 1], [1, 0, 2, 0, 1], [2, 0, 2, 0, 1], [0, 1, 2, 0, 1], [1, 1, 2, 0, 1], [2, 1, 2, 0, 1], [0, 0, 3, 0, 1], [1, 0, 3, 0, 1], [2, 0, 3, 0, 1], [0, 1, 3, 0, 1], [1, 1, 3, 0, 1], [2, 1, 3, 0, 1], [0, 0, 0, 1, 1], [1, 0, 0, 1, 1], [2, 0, 0, 1, 1], [0, 1, 0, 1, 1], [1, 1, 0, 1, 1], [2, 1, 0, 1, 1], [0, 0, 1, 1, 1], [1, 0, 1, 1, 1], [2, 0, 1, 1, 1], [0, 1, 1, 1, 1], [1, 1, 1, 1, 1], [2, 1, 1, 1, 1], [0, 0, 2, 1, 1], [1, 0, 2, 1, 1], [2, 0, 2, 1, 1], [0, 1, 2, 1, 1], [1, 1, 2, 1, 1], [2, 1, 2, 1, 1], [0, 0, 3, 1, 1], [1, 0, 3, 1, 1], [2, 0, 3, 1, 1], [0, 1, 3, 1, 1], [1, 1, 3, 1, 1], [2, 1, 3, 1, 1]]

END for information of coefficients in Tucker decomposition
=================
