129 100
-0.965431 1 0.0172846 0.0345692 0 0.0691384 0.138277 0 0 0.276554 0.553108 0 0 0.893785 0 0 0 0 0 0 0 0 0 0 0 0 0 0 0 0 0.21243 0 0 0 0 0 0 0 0 0 0 0 0 0 0 0 0 0 0 0 0 0 0 0 0 0 0 0 0 0 0 0 0 0 0 0 0 0 0 0 0 0 0 0 0 0 0 0 0 0 0 0 0 0 0 0 0 0 0 0 0 0 0 0 0 0 0 0 0 0 0 0 0 0 0 0 0 0 0 0 0 0 0 0 0 0 0 0 0 0 0 0 0 0 0 0 0 0 0 0 0.259625 0.26066
-0.957448 1 0.0212758 0.0425516 0 0.0851032 0.170206 0 0 0.340413 0.680825 0 0 0.63835 0 0 0 0 0 0 0 0 0 0 0 0 0 0 0 0 0.723301 0 0 0 0 0 0 0 0 0 0 0 0 0 0 0 0 0 0 0 0 0 0 0 0 0 0 0 0 0 0 0 0 0 0 0 0 0 0 0 0 0 0 0 0 0 0 0 0 0 0 0 0 0 0 0 0 0 0 0 0 0 0 0 0 0 0 0 0 0 0 0 0 0 0 0 0 0 0 0 0 0 0 0 0 0 0 0 0 0 0 0 0 0 0 0 0 0 0 0 0.287486 0.288604
-0.956376 1 0.0218121 0.0436242 0 0.0872484 0.174497 0 0 0.348994 0.697987 0 0 0.604026 0 0 0 0 0 0 0 0 0 0 0 0 0 0 0 0 0.791948 0 0 0 0 0 0 0 0 0 0 0 0 0 0 0 0 0 0 0 0 0 0 0 0 0 0 0 0 0 0 0 0 0 0 0 0 0 0 0 0 0 0 0 0 0 0 0 0 0 0 0 0 0 0 0 0 0 0 0 0 0 0 0 0 0 0 0 0 0 0 0 0 0 0 0 0 0 0 0 0 0 0 0 0 0 0 0 0 0 0 0 0 0 0 0 0 0 0 0 0.29123 0.292139
-0.93729 1 0.0313552 0.0627105 0 0.125421 0.250842 0 0 0.501684 0.996632 0 0 0 0 0 0 0 0 0 0 0 0 0 0 0 0 0.00673524 0 0 0 0 0 0 0 0 0 0 0 0 0.0134705 0 0 0 0 0 0 0 0 0 0 0 0 0 0 0 0 0 0 0 0 0 0 0 0 0 0 0 0 0 0 0 0 0 0 0 0 0 0 0 0 0 0 0 0 0 0 0 0 0 0 0 0 0 0 0 0 0 0 0 0 0 0 0 0 0 0 0 0 0 0 0 0 0 0 0 0 0 0 0 0 0 0 0 0 0 0 0 0 0 0.348517 0.348552
-0.916843 1 0.0415784 0.0831567 0 0.166313 0.332627 0 0 0.665254 0.669492 0 0 0 0 0 0 0 0 0 0 0 0 0 0 0 0 0.661015 0 0 0 0 0 0 0 0 0 0 0 0 0.677969 0 0 0 0 0 0 0 0 0 0 0 0 0 0 0 0 0 0 0 0 0 0 0 0 0 0 0 0 0 0 0 0 0 0 0 0 0 0 0 0 0 0 0 0 0 0 0 0 0 0 0 0 0 0 0 0 0 0 0 0 0 0 0 0 0 0 0 0 0 0 0 0 0 0 0 0 0 0 0 0 0 0 0 0 0 0 0 0 0 0.398841 0.399247
-0.911914 1 0.0440428 0.0880856 0 0.176171 0.352342 0 0 0.704685 0.59063 0 0 0 0 0 0 0 0 0 0 0 0 0 0 0 0 0.818739 0 0 0 0 0 0 0 0 0 0 0 0 0.362521 0 0 0 0 0 0 0 0 0 0 0 0 0 0 0 0 0 0 0 0 0 0 0 0 0 0 0 0 0 0 0 0 0 0 0 0 0 0 0 0 0 0 0 0 0 0 0 0 0 0 0 0 0 0 0 0 0 0 0 0 0 0 0 0 0 0 0 0 0 0 0 0 0 0 0 0 0 0 0 0 0 0 0 0 0 0 0 0 0 0.409962 0.41038
-0.897771 1 0.0511146 0.102229 0 0.204458 0.408916 0 0 0.817833 0.364334 0 0 0 0 0 0 0 0 0 0 0 0 0 0 0 0 0.728668 0 0 0 0 0 0 0 0 0 0 0 0 0 0 0 0 0 0 0 0 0 0 0.542663 0 0 0 0 0 0 0 0 0 0 0 0 0 0 0 0 0 0 0 0 0 0 0 0 0 0 0 0 0 0 0 0 0 0 0 0 0 0 0 0 0 0 0 0 0 0 0 0 0 0 0 0 0 0 0 0 0 0 0 0 0 0 0 0 0 0 0 0 0 0 0 0 0 0 0 0 0 0 0 0.440105 0.440463
-0.852904 1 0.0735482 0.147096 0 0.294193 0.588386 0 0 0.823229 0 0 0 0 0 0 0 0 0 0 0.353542 0 0 0 0 0 0 0 0 0 0 0 0 0 0 0.707085 0 0 0 0 0 0 0 0 0 0 0 0 0 0 0 0 0 0 0 0 0.58583 0 0 0 0 0 0 0 0 0 0 0 0 0 0 0 0 0 0 0 0 0 0 0 0 0 0 0 0 0 0 0 0 0 0 0 0 0 0 0 0 0 0 0 0 0 0 0 0 0 0 0 0 0 0 0 0 0 0 0 0 0 0 0 0 0 0 0 0 0 0 0 0 0 0.521862 0.522068
-0.851112 1 0.0744442 0.148888 0 0.297777 0.595553 0 0 0.808894 0 0 0 0 0 0 0 0 0 0 0.382213 0 0 0 0 0 0 0 0 0 0 0 0 0 0 0.764426 0 0 0 0 0 0 0 0 0 0 0 0 0 0 0 0 0 0 0 0 0.471148 0 0 0 0 0 0 0 0 0 0 0 0 0 0 0 0 0 0 0 0 0 0 0 0 0 0 0 0 0 0 0 0 0 0 0 0 0 0 0 0 0 0 0 0 0 0 0 0 0 0 0 0 0 0 0 0 0 0 0 0 0 0 0 0 0 0 0 0 0 0 0 0 0 0.524774 0.524985
-0.83874 1 0.0806299 0.16126 0 0.322519 0.645039 0 0 0.709922 0 0 0 0 0 0 0 0 0 0 0.580156 0 0 0 0 0 0 0 0 0 0 0 0 0 0 0.839688 0 0 0 0 0 0 0 0 0 0 0 0 0 0 0 0 0 0 0 0 0 0 0 0 0 0 0.320623 0 0 0 0 0 0 0 0 0 0 0 0 0 0 0 0 0 0 0 0 0 0 0 0 0 0 0 0 0 0 0 0 0 0 0 0 0 0 0 0 0 0 0 0 0 0 0 0 0 0 0 0 0 0 0 0 0 0 0 0 0 0 0 0 0 0 0 0.544369 0.544532
-0.816693 1 0.0916536 0.183307 0 0.366614 0.733229 0 0 0.533543 0 0 0 0 0 0 0 0 0 0 0.932915 0 0 0 0 0 0 0 0 0 0 0 0 0 0 0.134171 0 0 0 0 0 0 0 0 0 0 0 0 0 0 0 0 0 0 0 0 0 0 0 0 0 0 0.268341 0 0 0 0 0 0 0 0 0 0 0 0 0 0 0 0 0 0 0 0 0 0 0 0 0 0 0 0 0 0 0 0 0 0 0 0 0 0 0 0 0 0 0 0 0 0 0 0 0 0 0 0 0 0 0 0 0 0 0 0 0 0 0 0 0 0 0 0.576946 0.577073
-0.788516 1 0.105742 0.211484 0 0.422967 0.845934 0 0 0.308132 0 0 0 0 0 0 0 0 0 0 0.616263 0 0 0 0 0 0 0 0 0 0 0 0 0 0 0 0 0 0 0 0 0 0 0 0 0.767473 0 0 0 0 0 0 0 0 0 0 0 0 0 0 0 0 0 0 0 0 0 0 0.465053 0 0 0 0 0 0 0 0 0 0 0 0 0 0 0 0 0 0 0 0 0 0 0 0 0 0 0 0 0 0 0 0 0 0 0 0 0 0 0 0 0 0 0 0 0 0 0 0 0 0 0 0 0 0 0 0 0 0 0 0 0 0.614883 0.615014
-0.773069 1 0.113466 0.226931 0 0.453863 0.907725 0 0 0.184549 0 0 0 0 0 0 0 0 0 0 0.369098 0 0 0 0 0 0 0 0 0 0 0 0 0 0 0 0 0 0 0 0 0 0 0 0 0.738196 0 0 0 0 0 0 0 0 0 0 0 0 0 0 0 0 0 0 0 0 0 0 0 0 0 0 0 0 0 0 0 0 0 0 0.523607 0 0 0 0 0 0 0 0 0 0 0 0 0 0 0 0 0 0 0 0 0 0 0 0 0 0 0 0 0 0 0 0 0 0 0 0 0 0 0 0 0 0 0 0 0 0 0 0 0 0.634203 0.634322
-0.764818 1 0.117591 0.235182 0 0.470364 0.940728 0 0 0.118544 0 0 0 0 0 0 0 0 0 0 0.237088 0 0 0 0 0 0 0 0 0 0 0 0 0 0 0 0 0 0 0 0 0 0 0 0 0.474176 0 0 0 0 0 0 0 0 0 0 0 0 0 0 0 0 0 0 0 0 0 0 0 0 0 0 0 0 0 0 0 0 0 0 0.948352 0 0 0 0 0 0 0 0 0 0 0 0 0 0 0 0 0 0 0 0 0 0 0 0 0 0 0 0 0 0 0 0 0 0 0 0 0 0 0 0 0 0 0 0 0 0 0 0 0 0.644225 0.644246
-0.763451 1 0.118275 0.236549 0 0.473099 0.946197 0 0 0.107606 0 0 0 0 0 0 0 0 0 0 0.215212 0 0 0 0 0 0 0 0 0 0 0 0 0 0 0 0 0 0 0 0 0 0 0 0 0.430423 0 0 0 0 0 0 0 0 0 0 0 0 0 0 0 0 0 0 0 0 0 0 0 0 0 0 0 0 0 0 0 0 0 0 0.860846 0 0 0 0 0 0 0 0 0 0 0 0 0 0 0 0 0 0 0 0 0 0 0 0 0 0 0 0 0 0 0 0 0 0 0 0 0 0 0 0 0 0 0 0 0 0 0 0 0 0.645813 0.645866
-0.749518 1 0.125241 0.250482 0 0.500964 0.998072 0 0 0 0 0 0 0 0 0 0 0 0 0.0038563 0 0 0 0 0 0 0 0 0.0077126 0 0 0 0 0 0 0 0 0 0 0 0 0 0 0 0 0 0 0 0 0.0154252 0 0 0 0 0 0 0 0 0 0 0 0 0 0 0 0 0 0 0 0 0 0 0 0 0 0 0 0 0 0 0 0 0.0308504 0 0 0 0 0 0 0 0 0 0 0 0 0 0 0 0 0 0 0 0 0 0 0 0 0 0 0 0 0 0 0 0 0 0 0 0 0 0 0 0 0 0 0 0 0 0 0 0.661972 0.661984
-0.725058 1 0.137471 0.274942 0 0.549883 0.900233 0 0 0 0 0 0 0 0 0 0 0 0 0.199533 0 0 0 0 0 0 0 0 0.399066 0 0 0 0 0 0 0 0 0 0 0 0 0 0 0 0 0 0 0 0 0.798133 0 0 0 0 0 0 0 0 0 0 0 0 0 0 0 0 0 0 0 0 0 0 0 0 0 0 0 0 0 0 0 0 0.403735 0 0 0 0 0 0 0 0 0 0 0 0 0 0 0 0 0 0 0 0 0 0 0 0 0 0 0 0 0 0 0 0 0 0 0 0 0 0 0 0 0 0 0 0 0 0 0 0.688597 0.688687
-0.702108 1 0.148946 0.297892 0 0.595785 0.80843 0 0 0 0 0 0 0 0 0 0 0 0 0.38314 0 0 0 0 0 0 0 0 0.76628 0 0 0 0 0 0 0 0 0 0 0 0 0 0 0 0 0 0 0 0 0.467441 0 0 0 0 0 0 0 0 0 0 0 0 0 0 0 0 0 0 0 0 0 0 0 0 0 0 0 0 0 0 0 0 0 0 0.934881 0 0 0 0 0 0 0 0 0 0 0 0 0 0 0 0 0 0 0 0 0 0 0 0 0 0 0 0 0 0 0 0 0 0 0 0 0 0 0 0 0 0 0 0 0 0.712051 0.712071
-0.662184 1 0.168908 0.337816 0 0.675633 0.648734 0 0 0 0 0 0 0 0 0 0 0 0 0.702531 0 0 0 0 0 0 0 0 0.594938 0 0 0 0 0 0 0 0 0 0 0 0 0 0 0 0 0 0 0 0 0 0 0 0 0.810124 0 0 0 0 0 0 0 0 0 0 0 0 0 0 0 0 0 0 0 0 0 0 0 0 0 0 0 0 0 0 0 0 0.379751 0 0 0 0 0 0 0 0 0 0 0 0 0 0 0 0 0 0 0 0 0 0 0 0 0 0 0 0 0 0 0 0 0 0 0 0 0 0 0 0 0 0 0 0.749273 0.749342
-0.594829 1 0.202586 0.405171 0 0.810342 0.379315 0 0 0 0 0 0 0 0 0 0 0 0 0.758631 0 0 0 0 0 0 0 0 0 0 0 0 0.482738 0 0 0 0 0 0 0 0 0 0 0 0 0 0 0 0 0 0 0 0 0 0 0.965477 0 0 0 0 0 0 0 0 0 0 0 0 0 0 0 0 0 0 0 0 0 0 0 0 0 0 0 0 0 0 0 0 0 0 0.0690465 0 0 0 0 0 0 0 0 0 0 0 0 0 0 0 0 0 0 0 0 0 0 0 0 0 0 0 0 0 0 0 0 0 0 0 0 0 0 0 0.803837 0.803852
-0.594824 1 0.202588 0.405176 0 0.810351 0.379297 0 0 0 0 0 0 0 0 0 0 0 0 0.758595 0 0 0 0 0 0 0 0 0 0 0 0 0.482811 0 0 0 0 0 0 0 0 0 0 0 0 0 0 0 0 0 0 0 0 0 0 0.965622 0 0 0 0 0 0 0 0 0 0 0 0 0 0 0 0 0 0 0 0 0 0 0 0 0 0 0 0 0 0 0 0 0 0 0.0687562 0 0 0 0 0 0 0 0 0 0 0 0 0 0 0 0 0 0 0 0 0 0 0 0 0 0 0 0 0 0 0 0 0 0 0 0 0 0 0 0.80384 0.803856
-0.588048 1 0.205976 0.411952 0 0.823904 0.352192 0 0 0 0 0 0 0 0 0 0 0 0 0.704384 0 0 0 0 0 0 0 0 0 0 0 0 0.591231 0 0 0 0 0 0 0 0 0 0 0 0 0 0 0 0 0 0 0 0 0 0 0.817537 0 0 0 0 0 0 0 0 0 0 0 0 0 0 0 0 0 0 0 0 0 0 0 0 0 0 0 0 0 0 0 0 0 0 0 0 0.364926 0 0 0 0 0 0 0 0 0 0 0 0 0 0 0 0 0 0 0 0 0 0 0 0 0 0 0 0 0 0 0 0 0 0 0 0 0 0.808773 0.808826
-0.552273 1 0.223864 0.447727 0 0.895455 0.209091 0 0 0 0 0 0 0 0 0 0 0 0 0.418182 0 0 0 0 0 0 0 0 0 0 0 0 0.836364 0 0 0 0 0 0 0 0 0 0 0 0 0 0 0 0 0 0 0 0 0 0 0 0 0 0 0.327272 0 0 0 0 0 0 0 0 0 0 0 0 0 0 0 0 0 0 0 0 0 0 0 0 0 0 0 0 0 0 0 0 0 0 0.654545 0 0 0 0 0 0 0 0 0 0 0 0 0 0 0 0 0 0 0 0 0 0 0 0 0 0 0 0 0 0 0 0 0 0 0 0.833616 0.833663
-0.539931 1 0.230035 0.460069 0 0.920139 0.159723 0 0 0 0 0 0 0 0 0 0 0 0 0.319445 0 0 0 0 0 0 0 0 0 0 0 0 0.638891 0 0 0 0 0 0 0 0 0 0 0 0 0 0 0 0 0 0 0 0 0 0 0 0 0 0 0.722218 0 0 0 0 0 0 0 0 0 0 0 0 0 0 0 0 0 0 0 0 0 0 0 0 0 0 0 0 0 0 0 0 0 0 0.555563 0 0 0 0 0 0 0 0 0 0 0 0 0 0 0 0 0 0 0 0 0 0 0 0 0 0 0 0 0 0 0 0 0 0 0 0.841659 0.841709
-0.520548 1 0.239726 0.479452 0 0.958905 0.0821909 0 0 0 0 0 0 0 0 0 0 0 0 0.164382 0 0 0 0 0 0 0 0 0 0 0 0 0.328764 0 0 0 0 0 0 0 0 0 0 0 0 0 0 0 0 0 0 0 0 0 0 0 0 0 0 0.657528 0 0 0 0 0 0 0 0 0 0 0 0 0 0 0 0 0 0 0 0 0 0 0 0 0 0 0 0 0 0 0 0 0 0 0 0 0.684945 0 0 0 0 0 0 0 0 0 0 0 0 0 0 0 0 0 0 0 0 0 0 0 0 0 0 0 0 0 0 0 0 0 0.85379 0.853833
-0.516914 1 0.241543 0.483086 0 0.966172 0.0676568 0 0 0 0 0 0 0 0 0 0 0 0 0.135314 0 0 0 0 0 0 0 0 0 0 0 0 0.270627 0 0 0 0 0 0 0 0 0 0 0 0 0 0 0 0 0 0 0 0 0 0 0 0 0 0 0.541254 0 0 0 0 0 0 0 0 0 0 0 0 0 0 0 0 0 0 0 0 0 0 0 0 0 0 0 0 0 0 0 0 0 0 0 0 0.917491 0 0 0 0 0 0 0 0 0 0 0 0 0 0 0 0 0 0 0 0 0 0 0 0 0 0 0 0 0 0 0 0 0 0.856022 0.856037
-0.504789 1 0.247605 0.495211 0 0.990422 0.0191568 0 0 0 0 0 0 0 0 0 0 0 0 0.0383136 0 0 0 0 0 0 0 0 0 0 0 0 0.0766273 0 0 0 0 0 0 0 0 0 0 0 0 0 0 0 0 0 0 0 0 0 0 0 0 0 0 0.153255 0 0 0 0 0 0 0 0 0 0 0 0 0 0 0 0 0 0 0 0 0 0 0 0 0 0 0 0 0 0 0 0 0 0 0 0 0.306509 0 0 0 0 0 0 0 0 0 0 0 0 0 0 0 0 0 0 0 0 0 0 0 0 0 0 0 0 0 0 0 0 0 0.863202 0.863243
-0.490624 1 0.254688 0.509376 0 0.981248 0 0 0 0 0 0 0 0 0 0 0.0375041 0 0 0 0 0 0 0.0750082 0 0 0 0 0 0 0 0 0 0 0 0 0.150016 0 0 0 0 0 0 0 0 0 0 0 0 0 0 0 0 0 0 0 0 0 0 0 0 0.300033 0 0 0 0 0 0 0 0 0 0 0 0 0 0 0 0 0 0 0 0 0 0 0 0 0 0 0 0 0 0 0 0 0 0 0 0 0.600066 0 0 0 0 0 0 0 0 0 0 0 0 0 0 0 0 0 0 0 0 0 0 0 0 0 0 0 0 0 0 0 0.871327 0.871371
-0.451362 1 0.274319 0.548638 0 0.902724 0 0 0 0 0 0 0 0 0 0 0.194552 0 0 0 0 0 0 0.389105 0 0 0 0 0 0 0 0 0 0 0 0 0.778209 0 0 0 0 0 0 0 0 0 0 0 0 0 0 0 0 0 0 0 0 0 0 0 0 0.443581 0 0 0 0 0 0 0 0 0 0 0 0 0 0 0 0 0 0 0 0 0 0 0 0 0 0 0 0 0 0 0 0 0 0 0 0 0 0 0.887162 0 0 0 0 0 0 0 0 0 0 0 0 0 0 0 0 0 0 0 0 0 0 0 0 0 0 0 0 0 0.892324 0.892341
-0.439679 1 0.280161 0.560321 0 0.879358 0 0 0 0 0 0 0 0 0 0 0.241284 0 0 0 0 0 0 0.482569 0 0 0 0 0 0 0 0 0 0 0 0 0.965137 0 0 0 0 0 0 0 0 0 0 0 0 0 0 0 0 0 0 0 0 0 0 0 0 0.0697254 0 0 0 0 0 0 0 0 0 0 0 0 0 0 0 0 0 0 0 0 0 0 0 0 0 0 0 0 0 0 0 0 0 0 0 0 0 0 0.139451 0 0 0 0 0 0 0 0 0 0 0 0 0 0 0 0 0 0 0 0 0 0 0 0 0 0 0 0 0 0.898135 0.898155
-0.412285 1 0.293858 0.587715 0 0.82457 0 0 0 0 0 0 0 0 0 0 0.350861 0 0 0 0 0 0 0.701721 0 0 0 0 0 0 0 0 0 0 0 0 0.596557 0 0 0 0 0 0 0 0 0 0 0 0 0 0 0 0 0 0 0 0 0 0 0 0 0 0 0 0 0.806885 0 0 0 0 0 0 0 0 0 0 0 0 0 0 0 0 0 0 0 0 0 0 0 0 0 0 0 0 0 0 0 0 0 0 0 0 0.386229 0 0 0 0 0 0 0 0 0 0 0 0 0 0 0 0 0 0 0 0 0 0 0 0 0 0 0 0.911017 0.911055
-0.411522 1 0.294239 0.588478 0 0.823043 0 0 0 0 0 0 0 0 0 0 0.353913 0 0 0 0 0 0 0.707827 0 0 0 0 0 0 0 0 0 0 0 0 0.584347 0 0 0 0 0 0 0 0 0 0 0 0 0 0 0 0 0 0 0 0 0 0 0 0 0 0 0 0 0.831306 0 0 0 0 0 0 0 0 0 0 0 0 0 0 0 0 0 0 0 0 0 0 0 0 0 0 0 0 0 0 0 0 0 0 0 0 0.337388 0 0 0 0 0 0 0 0 0 0 0 0 0 0 0 0 0 0 0 0 0 0 0 0 0 0 0 0.911364 0.9114
-0.41148 1 0.29426 0.58852 0 0.822959 0 0 0 0 0 0 0 0 0 0 0.354082 0 0 0 0 0 0 0.708164 0 0 0 0 0 0 0 0 0 0 0 0 0.583672 0 0 0 0 0 0 0 0 0 0 0 0 0 0 0 0 0 0 0 0 0 0 0 0 0 0 0 0 0.832655 0 0 0 0 0 0 0 0 0 0 0 0 0 0 0 0 0 0 0 0 0 0 0 0 0 0 0 0 0 0 0 0 0 0 0 0 0.334689 0 0 0 0 0 0 0 0 0 0 0 0 0 0 0 0 0 0 0 0 0 0 0 0 0 0 0 0.911383 0.911419
-0.327694 1 0.336153 0.672306 0 0.655388 0 0 0 0 0 0 0 0 0 0 0.689224 0 0 0 0 0 0 0.621552 0 0 0 0 0 0 0 0 0 0 0 0 0 0 0.756896 0 0 0 0 0 0 0 0 0 0 0 0 0 0 0 0 0 0 0 0 0 0 0 0 0 0 0 0 0.486208 0 0 0 0 0 0 0 0 0 0 0 0 0 0 0 0 0 0 0 0 0 0 0 0 0 0 0 0 0 0 0 0 0 0 0 0 0 0 0 0 0.972416 0 0 0 0 0 0 0 0 0 0 0 0 0 0 0 0 0 0 0 0 0 0.94478 0.944784
-0.293306 1 0.353347 0.706694 0 0.586611 0 0 0 0 0 0 0 0 0 0 0.826777 0 0 0 0 0 0 0.346445 0 0 0 0 0 0 0 0 0 0 0 0 0 0 0.692891 0 0 0 0 0 0 0 0 0 0 0 0 0 0 0 0 0 0 0 0 0 0 0 0 0 0 0 0 0 0 0 0 0.614219 0 0 0 0 0 0 0 0 0 0 0 0 0 0 0 0 0 0 0 0 0 0 0 0 0 0 0 0 0 0 0 0 0 0 0 0 0 0 0.771562 0 0 0 0 0 0 0 0 0 0 0 0 0 0 0 0 0 0 0 0.955994 0.956019
-0.282125 1 0.358938 0.717875 0 0.56425 0 0 0 0 0 0 0 0 0 0 0.871501 0 0 0 0 0 0 0.256999 0 0 0 0 0 0 0 0 0 0 0 0 0 0 0.513998 0 0 0 0 0 0 0 0 0 0 0 0 0 0 0 0 0 0 0 0 0 0 0 0 0 0 0 0 0 0 0 0 0.972005 0 0 0 0 0 0 0 0 0 0 0 0 0 0 0 0 0 0 0 0 0 0 0 0 0 0 0 0 0 0 0 0 0 0 0 0 0 0 0.0559901 0 0 0 0 0 0 0 0 0 0 0 0 0 0 0 0 0 0 0 0.95937 0.959378
-0.275464 1 0.362268 0.724536 0 0.550928 0 0 0 0 0 0 0 0 0 0 0.898144 0 0 0 0 0 0 0.203711 0 0 0 0 0 0 0 0 0 0 0 0 0 0 0.407423 0 0 0 0 0 0 0 0 0 0 0 0 0 0 0 0 0 0 0 0 0 0 0 0 0 0 0 0 0 0 0 0 0.814846 0 0 0 0 0 0 0 0 0 0 0 0 0 0 0 0 0 0 0 0 0 0 0 0 0 0 0 0 0 0 0 0 0 0 0 0 0 0 0 0 0.370309 0 0 0 0 0 0 0 0 0 0 0 0 0 0 0 0 0 0.961279 0.961311
-0.266 1 0.367 0.734 0 0.531999 0 0 0 0 0 0 0 0 0 0 0.936002 0 0 0 0 0 0 0.127996 0 0 0 0 0 0 0 0 0 0 0 0 0 0 0.255992 0 0 0 0 0 0 0 0 0 0 0 0 0 0 0 0 0 0 0 0 0 0 0 0 0 0 0 0 0 0 0 0 0.511984 0 0 0 0 0 0 0 0 0 0 0 0 0 0 0 0 0 0 0 0 0 0 0 0 0 0 0 0 0 0 0 0 0 0 0 0 0 0 0 0 0.976031 0 0 0 0 0 0 0 0 0 0 0 0 0 0 0 0 0 0.96397 0.963973
-0.25022 1 0.37489 0.74978 0 0.50044 0 0 0 0 0 0 0 0 0 0 0.999121 0 0 0 0 0 0 0.00175819 0 0 0 0 0 0 0 0 0 0 0 0 0 0 0.00351639 0 0 0 0 0 0 0 0 0 0 0 0 0 0 0 0 0 0 0 0 0 0 0 0 0 0 0 0 0 0 0 0 0.00703277 0 0 0 0 0 0 0 0 0 0 0 0 0 0 0 0 0 0 0 0 0 0 0 0 0 0 0 0 0 0 0 0 0 0 0 0 0 0 0 0 0.0140655 0 0 0 0 0 0 0 0 0 0 0 0 0 0 0 0 0 0.968187 0.968189
-0.240024 1 0.379988 0.759976 0 0.480047 0 0 0 0 0 0 0 0 0 0 0.960095 0 0 0 0 0 0 0 0 0.0798105 0 0 0 0 0 0 0 0 0 0 0 0 0 0 0 0 0.159621 0 0 0 0 0 0 0 0 0 0 0 0 0 0 0 0 0 0 0 0 0 0 0 0 0 0 0 0 0 0 0.319242 0 0 0 0 0 0 0 0 0 0 0 0 0 0 0 0 0 0 0 0 0 0 0 0 0 0 0 0 0 0 0 0 0 0 0 0 0 0 0 0 0.638484 0 0 0 0 0 0 0 0 0 0 0 0 0 0 0 0.970736 0.970767
-0.216117 1 0.391942 0.783883 0 0.432234 0 0 0 0 0 0 0 0 0 0 0.864467 0 0 0 0 0 0 0 0 0.271066 0 0 0 0 0 0 0 0 0 0 0 0 0 0 0 0 0.542132 0 0 0 0 0 0 0 0 0 0 0 0 0 0 0 0 0 0 0 0 0 0 0 0 0 0 0 0 0 0 0.915736 0 0 0 0 0 0 0 0 0 0 0 0 0 0 0 0 0 0 0 0 0 0 0 0 0 0 0 0 0 0 0 0 0 0 0 0 0 0 0 0 0 0 0.168527 0 0 0 0 0 0 0 0 0 0 0 0 0 0.976349 0.976368
-0.200328 1 0.399836 0.799672 0 0.400657 0 0 0 0 0 0 0 0 0 0 0.801313 0 0 0 0 0 0 0 0 0.397373 0 0 0 0 0 0 0 0 0 0 0 0 0 0 0 0 0.794746 0 0 0 0 0 0 0 0 0 0 0 0 0 0 0 0 0 0 0 0 0 0 0 0 0 0 0 0 0 0 0.410508 0 0 0 0 0 0 0 0 0 0 0 0 0 0 0 0 0 0 0 0 0 0 0 0 0 0 0 0 0 0 0 0 0 0 0 0 0 0 0 0 0 0 0.821016 0 0 0 0 0 0 0 0 0 0 0 0 0 0.97971 0.979729
-0.19454 1 0.40273 0.80546 0 0.38908 0 0 0 0 0 0 0 0 0 0 0.77816 0 0 0 0 0 0 0 0 0.44368 0 0 0 0 0 0 0 0 0 0 0 0 0 0 0 0 0.887361 0 0 0 0 0 0 0 0 0 0 0 0 0 0 0 0 0 0 0 0 0 0 0 0 0 0 0 0 0 0 0.225279 0 0 0 0 0 0 0 0 0 0 0 0 0 0 0 0 0 0 0 0 0 0 0 0 0 0 0 0 0 0 0 0 0 0 0 0 0 0 0 0 0 0 0.450558 0 0 0 0 0 0 0 0 0 0 0 0 0 0.980863 0.980895
-0.18845 1 0.405775 0.81155 0 0.3769 0 0 0 0 0 0 0 0 0 0 0.7538 0 0 0 0 0 0 0 0 0.4924 0 0 0 0 0 0 0 0 0 0 0 0 0 0 0 0 0.9848 0 0 0 0 0 0 0 0 0 0 0 0 0 0 0 0 0 0 0 0 0 0 0 0 0 0 0 0 0 0 0.0304001 0 0 0 0 0 0 0 0 0 0 0 0 0 0 0 0 0 0 0 0 0 0 0 0 0 0 0 0 0 0 0 0 0 0 0 0 0 0 0 0 0 0 0.0608003 0 0 0 0 0 0 0 0 0 0 0 0 0 0.982075 0.982083
-0.186242 1 0.406879 0.813758 0 0.372483 0 0 0 0 0 0 0 0 0 0 0.744967 0 0 0 0 0 0 0 0 0.510067 0 0 0 0 0 0 0 0 0 0 0 0 0 0 0 0 0.979866 0 0 0 0 0 0 0 0 0 0 0 0 0 0 0 0 0 0 0 0 0 0 0 0 0 0 0 0 0 0 0 0 0.0402679 0 0 0 0 0 0 0 0 0 0 0 0 0 0 0 0 0 0 0 0 0 0 0 0 0 0 0 0 0 0 0 0 0 0 0 0 0 0 0 0 0 0 0.0805359 0 0 0 0 0 0 0 0 0 0 0 0.982494 0.982504
-0.18459 1 0.407705 0.81541 0 0.369181 0 0 0 0 0 0 0 0 0 0 0.738361 0 0 0 0 0 0 0 0 0.523277 0 0 0 0 0 0 0 0 0 0 0 0 0 0 0 0 0.953445 0 0 0 0 0 0 0 0 0 0 0 0 0 0 0 0 0 0 0 0 0 0 0 0 0 0 0 0 0 0 0 0 0.0931098 0 0 0 0 0 0 0 0 0 0 0 0 0 0 0 0 0 0 0 0 0 0 0 0 0 0 0 0 0 0 0 0 0 0 0 0 0 0 0 0 0 0 0.18622 0 0 0 0 0 0 0 0 0 0 0 0.982796 0.982816
-0.163966 1 0.418017 0.836034 0 0.327932 0 0 0 0 0 0 0 0 0 0 0.655865 0 0 0 0 0 0 0 0 0.688271 0 0 0 0 0 0 0 0 0 0 0 0 0 0 0 0 0.623459 0 0 0 0 0 0 0 0 0 0 0 0 0 0 0 0 0 0 0 0 0 0 0 0 0 0 0 0 0 0 0 0 0.753083 0 0 0 0 0 0 0 0 0 0 0 0 0 0 0 0 0 0 0 0 0 0 0 0 0 0 0 0 0 0 0 0 0 0 0 0 0 0 0 0 0 0 0.493835 0 0 0 0 0 0 0 0 0 0 0 0.986434 0.986466
-0.162132 1 0.418934 0.837868 0 0.324265 0 0 0 0 0 0 0 0 0 0 0.64853 0 0 0 0 0 0 0 0 0.702941 0 0 0 0 0 0 0 0 0 0 0 0 0 0 0 0 0.594119 0 0 0 0 0 0 0 0 0 0 0 0 0 0 0 0 0 0 0 0 0 0 0 0 0 0 0 0 0 0 0 0 0.811763 0 0 0 0 0 0 0 0 0 0 0 0 0 0 0 0 0 0 0 0 0 0 0 0 0 0 0 0 0 0 0 0 0 0 0 0 0 0 0 0 0 0 0.376475 0 0 0 0 0 0 0 0 0 0 0 0.986739 0.986769
-0.147521 1 0.426239 0.852479 0 0.295042 0 0 0 0 0 0 0 0 0 0 0.590085 0 0 0 0 0 0 0 0 0.81983 0 0 0 0 0 0 0 0 0 0 0 0 0 0 0 0 0.36034 0 0 0 0 0 0 0 0 0 0 0 0 0 0 0 0 0 0 0 0 0 0 0 0 0 0 0 0 0 0 0 0 0.72068 0 0 0 0 0 0 0 0 0 0 0 0 0 0 0 0 0 0 0 0 0 0 0 0 0 0 0 0 0 0 0 0 0 0 0 0 0 0 0 0 0 0 0 0 0.55864 0 0 0 0 0 0 0 0 0 0.989028 0.989059
-0.132495 1 0.433753 0.867505 0 0.264989 0 0 0 0 0 0 0 0 0 0 0.529978 0 0 0 0 0 0 0 0 0.940044 0 0 0 0 0 0 0 0 0 0 0 0 0 0 0 0 0.119913 0 0 0 0 0 0 0 0 0 0 0 0 0 0 0 0 0 0 0 0 0 0 0 0 0 0 0 0 0 0 0 0 0.239826 0 0 0 0 0 0 0 0 0 0 0 0 0 0 0 0 0 0 0 0 0 0 0 0 0 0 0 0 0 0 0 0 0 0 0 0 0 0 0 0 0 0 0 0 0.479651 0 0 0 0 0 0 0 0 0 0.991152 0.991184
-0.114204 1 0.442898 0.885796 0 0.228408 0 0 0 0 0 0 0 0 0 0 0.456817 0 0 0 0 0 0 0 0 0.913633 0 0 0 0 0 0 0 0 0 0 0 0 0 0 0 0 0 0 0 0 0.172733 0 0 0 0 0 0 0 0 0 0 0 0 0 0 0 0 0 0 0 0 0 0 0 0 0 0 0 0 0 0 0.345466 0 0 0 0 0 0 0 0 0 0 0 0 0 0 0 0 0 0 0 0 0 0 0 0 0 0 0 0 0 0 0 0 0 0 0 0 0 0 0 0 0 0 0 0 0.690932 0 0 0 0 0 0 0 0.993431 0.993457
-0.111383 1 0.444308 0.888617 0 0.222766 0 0 0 0 0 0 0 0 0 0 0.445533 0 0 0 0 0 0 0 0 0.891066 0 0 0 0 0 0 0 0 0 0 0 0 0 0 0 0 0 0 0 0 0.217868 0 0 0 0 0 0 0 0 0 0 0 0 0 0 0 0 0 0 0 0 0 0 0 0 0 0 0 0 0 0 0.435737 0 0 0 0 0 0 0 0 0 0 0 0 0 0 0 0 0 0 0 0 0 0 0 0 0 0 0 0 0 0 0 0 0 0 0 0 0 0 0 0 0 0 0 0 0.871473 0 0 0 0 0 0 0 0.993764 0.993778
-0.103081 1 0.44846 0.896919 0 0.206162 0 0 0 0 0 0 0 0 0 0 0.412323 0 0 0 0 0 0 0 0 0.824647 0 0 0 0 0 0 0 0 0 0 0 0 0 0 0 0 0 0 0 0 0.350707 0 0 0 0 0 0 0 0 0 0 0 0 0 0 0 0 0 0 0 0 0 0 0 0 0 0 0 0 0 0 0.701414 0 0 0 0 0 0 0 0 0 0 0 0 0 0 0 0 0 0 0 0 0 0 0 0 0 0 0 0 0 0 0 0 0 0 0 0 0 0 0 0 0 0 0 0 0.597173 0 0 0 0 0 0 0 0.994643 0.994673
-0.0911447 1 0.454428 0.908855 0 0.182289 0 0 0 0 0 0 0 0 0 0 0.364579 0 0 0 0 0 0 0 0 0.729158 0 0 0 0 0 0 0 0 0 0 0 0 0 0 0 0 0 0 0 0 0.541685 0 0 0 0 0 0 0 0 0 0 0 0 0 0 0 0 0 0 0 0 0 0 0 0 0 0 0 0 0 0 0.916631 0 0 0 0 0 0 0 0 0 0 0 0 0 0 0 0 0 0 0 0 0 0 0 0 0 0 0 0 0 0 0 0 0 0 0 0 0 0 0 0 0 0 0 0 0 0 0.166738 0 0 0 0 0 0.995821 0.995838
-0.0204071 1 0.489796 0.979593 0 0.0408141 0 0 0 0 0 0 0 0 0 0 0.0816282 0 0 0 0 0 0 0 0 0.163256 0 0 0 0 0 0 0 0 0 0 0 0 0 0 0 0 0 0 0 0 0.326513 0 0 0 0 0 0 0 0 0 0 0 0 0 0 0 0 0 0 0 0 0 0 0 0 0 0 0 0 0 0 0 0 0.653026 0 0 0 0 0 0 0 0 0 0 0 0 0 0 0 0 0 0 0 0 0 0 0 0 0 0 0 0 0 0 0 0 0 0 0 0 0 0 0 0 0 0 0 0 0 0 0 0 0.693948 0 0.999766 0.999792
-0.0150779 1 0.492461 0.984922 0 0.0301557 0 0 0 0 0 0 0 0 0 0 0.0603114 0 0 0 0 0 0 0 0 0.120623 0 0 0 0 0 0 0 0 0 0 0 0 0 0 0 0 0 0 0 0 0.241246 0 0 0 0 0 0 0 0 0 0 0 0 0 0 0 0 0 0 0 0 0 0 0 0 0 0 0 0 0 0 0 0 0.482491 0 0 0 0 0 0 0 0 0 0 0 0 0 0 0 0 0 0 0 0 0 0 0 0 0 0 0 0 0 0 0 0 0 0 0 0 0 0 0 0 0 0 0 0 0 0 0 0 0.964983 0 0.999882 0.999886
0.0260645 1 0.513032 0.973936 0.052129 0 0 0 0 0 0 0 0 0 0 0 0 0.104258 0 0 0 0 0 0 0.208516 0 0 0 0 0 0 0 0 0 0 0 0 0 0 0 0 0 0 0 0 0 0 0.417032 0 0 0 0 0 0 0 0 0 0 0 0 0 0 0 0 0 0 0 0 0 0 0 0 0 0 0 0 0 0 0.834063 0 0 0 0 0 0 0 0 0 0 0 0 0 0 0 0 0 0 0 0 0 0 0 0 0 0 0 0 0 0 0 0 0 0 0 0 0 0 0 0 0 0 0 0 0 0 0 0 0 0 0.331873 0.999633 0.99966
0.0288457 1 0.514423 0.971154 0.0576914 0 0 0 0 0 0 0 0 0 0 0 0 0.115383 0 0 0 0 0 0 0.230766 0 0 0 0 0 0 0 0 0 0 0 0 0 0 0 0 0 0 0 0 0 0 0.461531 0 0 0 0 0 0 0 0 0 0 0 0 0 0 0 0 0 0 0 0 0 0 0 0 0 0 0 0 0 0 0.923063 0 0 0 0 0 0 0 0 0 0 0 0 0 0 0 0 0 0 0 0 0 0 0 0 0 0 0 0 0 0 0 0 0 0 0 0 0 0 0 0 0 0 0 0 0 0 0 0 0 0 0.153874 0.999568 0.999584
0.0430323 1 0.521516 0.956968 0.0860646 0 0 0 0 0 0 0 0 0 0 0 0 0.172129 0 0 0 0 0 0 0.344259 0 0 0 0 0 0 0 0 0 0 0 0 0 0 0 0 0 0 0 0 0 0 0.688517 0 0 0 0 0 0 0 0 0 0 0 0 0 0 0 0 0 0 0 0 0 0 0 0 0 0 0 0 0 0 0.622966 0 0 0 0 0 0 0 0 0 0 0 0 0 0 0 0 0 0 0 0 0 0 0 0 0 0 0 0 0 0 0 0 0 0 0 0 0 0 0 0 0 0 0 0 0 0 0 0 0.754069 0 0 0.999051 0.999074
0.104064 1 0.552032 0.895936 0.208128 0 0 0 0 0 0 0 0 0 0 0 0 0.416256 0 0 0 0 0 0 0.832513 0 0 0 0 0 0 0 0 0 0 0 0 0 0 0 0 0 0 0 0 0 0 0.334975 0 0 0 0 0 0 0 0 0 0 0 0 0 0 0 0 0 0 0 0 0 0 0 0 0 0 0 0 0.669949 0 0 0 0 0 0 0 0 0 0 0 0 0 0 0 0 0 0 0 0 0 0 0 0 0 0 0 0 0 0 0 0 0 0 0 0 0 0 0 0 0 0 0 0 0 0 0.660101 0 0 0 0 0 0 0.994543 0.994571
0.137159 1 0.568579 0.862841 0.274317 0 0 0 0 0 0 0 0 0 0 0 0 0.548634 0 0 0 0 0 0 0.902731 0 0 0 0 0 0 0 0 0 0 0 0 0 0 0 0 0 0 0.194537 0 0 0 0 0 0 0 0 0 0 0 0 0 0 0 0 0 0 0 0 0 0 0 0 0 0 0 0 0 0 0.389074 0 0 0 0 0 0 0 0 0 0 0 0 0 0 0 0 0 0 0 0 0 0 0 0 0 0 0 0 0 0 0 0 0 0 0 0 0 0 0 0 0 0 0 0 0 0 0.778149 0 0 0 0 0 0 0 0 0.990527 0.990549
0.21607 1 0.608035 0.78393 0.432141 0 0 0 0 0 0 0 0 0 0 0 0 0.864281 0 0 0 0 0 0 0.271437 0 0 0 0 0 0 0 0 0 0 0 0 0 0 0 0 0 0 0.542874 0 0 0 0 0 0 0 0 0 0 0 0 0 0 0 0 0 0 0 0 0 0 0 0 0 0 0 0 0.914252 0 0 0 0 0 0 0 0 0 0 0 0 0 0 0 0 0 0 0 0 0 0 0 0 0 0 0 0 0 0 0 0 0 0 0 0 0 0 0 0 0 0 0 0 0.171496 0 0 0 0 0 0 0 0 0 0 0 0 0.976359 0.976378
0.250973 1 0.625486 0.749027 0.501946 0 0 0 0 0 0 0 0 0 0 0 0 0.996109 0 0 0 0 0.0077826 0 0 0 0 0 0 0 0 0 0 0 0 0 0 0 0 0.0155652 0 0 0 0 0 0 0 0 0 0 0 0 0 0 0 0 0 0 0 0 0 0 0 0 0 0 0 0 0 0 0.0311304 0 0 0 0 0 0 0 0 0 0 0 0 0 0 0 0 0 0 0 0 0 0 0 0 0 0 0 0 0 0 0 0 0 0 0 0 0 0 0 0 0 0 0.0622608 0 0 0 0 0 0 0 0 0 0 0 0 0 0 0 0 0.967986 0.967994
0.259741 1 0.62987 0.740259 0.519482 0 0 0 0 0 0 0 0 0 0 0 0 0.961036 0 0 0 0 0.0779276 0 0 0 0 0 0 0 0 0 0 0 0 0 0 0 0 0.155855 0 0 0 0 0 0 0 0 0 0 0 0 0 0 0 0 0 0 0 0 0 0 0 0 0 0 0 0 0 0 0.311711 0 0 0 0 0 0 0 0 0 0 0 0 0 0 0 0 0 0 0 0 0 0 0 0 0 0 0 0 0 0 0 0 0 0 0 0 0 0 0 0 0 0 0.623421 0 0 0 0 0 0 0 0 0 0 0 0 0 0 0 0 0.965647 0.965678
0.267015 1 0.633508 0.732985 0.534031 0 0 0 0 0 0 0 0 0 0 0 0 0.931938 0 0 0 0 0.136123 0 0 0 0 0 0 0 0 0 0 0 0 0 0 0 0 0.272247 0 0 0 0 0 0 0 0 0 0 0 0 0 0 0 0 0 0 0 0 0 0 0 0 0 0 0 0 0 0 0.544494 0 0 0 0 0 0 0 0 0 0 0 0 0 0 0 0 0 0 0 0 0 0 0 0 0 0 0 0 0 0 0 0 0 0 0 0 0 0 0 0 0 0 0.911013 0 0 0 0 0 0 0 0 0 0 0 0 0 0 0 0 0.963681 0.963692
0.308 1 0.654 0.692 0.616001 0 0 0 0 0 0 0 0 0 0 0 0 0.767999 0 0 0 0 0.464003 0 0 0 0 0 0 0 0 0 0 0 0 0 0 0 0 0.928006 0 0 0 0 0 0 0 0 0 0 0 0 0 0 0 0 0 0 0 0 0 0 0 0 0 0 0 0 0 0 0.143988 0 0 0 0 0 0 0 0 0 0 0 0 0 0 0 0 0 0 0 0 0 0 0 0 0 0 0 0 0 0 0 0 0 0 0 0 0 0 0 0 0.287977 0 0 0 0 0 0 0 0 0 0 0 0 0 0 0 0 0 0 0.951357 0.951386
0.399424 1 0.699712 0.600576 0.798848 0 0 0 0 0 0 0 0 0 0 0 0 0.402304 0 0 0 0 0.804609 0 0 0 0 0 0 0 0 0 0 0 0 0 0 0.390783 0 0 0 0 0 0 0 0 0 0 0 0 0 0 0 0 0 0 0 0 0 0 0 0 0 0 0.781566 0 0 0 0 0 0 0 0 0 0 0 0 0 0 0 0 0 0 0 0 0 0 0 0 0 0 0 0 0 0 0 0 0 0 0 0 0 0 0 0 0.436868 0 0 0 0 0 0 0 0 0 0 0 0 0 0 0 0 0 0 0 0 0 0 0 0 0.916727 0.916766
0.40987 1 0.704935 0.59013 0.819741 0 0 0 0 0 0 0 0 0 0 0 0 0.360519 0 0 0 0 0.721037 0 0 0 0 0 0 0 0 0 0 0 0 0 0 0.557926 0 0 0 0 0 0 0 0 0 0 0 0 0 0 0 0 0 0 0 0 0 0 0 0 0 0 0.884148 0 0 0 0 0 0 0 0 0 0 0 0 0 0 0 0 0 0 0 0 0 0 0 0 0 0 0 0 0 0 0 0 0 0 0 0 0 0 0.231704 0 0 0 0 0 0 0 0 0 0 0 0 0 0 0 0 0 0 0 0 0 0 0 0 0 0 0.912115 0.912144
0.422039 1 0.711019 0.577961 0.844077 0 0 0 0 0 0 0 0 0 0 0 0 0.311845 0 0 0 0 0.62369 0 0 0 0 0 0 0 0 0 0 0 0 0 0 0.752619 0 0 0 0 0 0 0 0 0 0 0 0 0 0 0 0 0 0 0 0 0 0 0 0 0 0 0.494762 0 0 0 0 0 0 0 0 0 0 0 0 0 0 0 0 0 0 0 0 0 0 0 0 0 0 0 0 0 0 0 0 0 0 0 0 0 0 0.989523 0 0 0 0 0 0 0 0 0 0 0 0 0 0 0 0 0 0 0 0 0 0 0 0 0 0 0.906576 0.906578
0.476573 1 0.738286 0.523427 0.953146 0 0 0 0 0 0 0 0 0 0 0 0 0.0937081 0 0 0 0 0.187416 0 0 0 0 0 0 0 0 0 0 0 0 0 0 0.374832 0 0 0 0 0 0 0 0 0 0 0 0 0 0 0 0 0 0 0 0 0 0 0.749665 0 0 0 0 0 0 0 0 0 0 0 0 0 0 0 0 0 0 0 0 0 0 0 0 0 0 0 0 0 0 0 0 0 0 0 0 0 0 0.50067 0 0 0 0 0 0 0 0 0 0 0 0 0 0 0 0 0 0 0 0 0 0 0 0 0 0 0 0 0 0 0.87909 0.879135
0.50355 1 0.751775 0.49645 0.992901 0 0 0.0141985 0 0 0 0 0 0 0 0 0 0 0.0283971 0 0 0 0 0 0 0 0 0 0 0 0 0 0 0.0567942 0 0 0 0 0 0 0 0 0 0 0 0 0 0 0 0 0 0 0 0 0 0 0 0 0.113588 0 0 0 0 0 0 0 0 0 0 0 0 0 0 0 0 0 0 0 0 0 0 0 0 0 0 0 0 0 0 0 0 0 0 0 0 0 0 0.227177 0 0 0 0 0 0 0 0 0 0 0 0 0 0 0 0 0 0 0 0 0 0 0 0 0 0 0 0 0 0 0 0 0.863933 0.863966
0.522515 1 0.761257 0.477485 0.95497 0 0 0.0900594 0 0 0 0 0 0 0 0 0 0 0.180119 0 0 0 0 0 0 0 0 0 0 0 0 0 0 0.360237 0 0 0 0 0 0 0 0 0 0 0 0 0 0 0 0 0 0 0 0 0 0 0 0 0.720475 0 0 0 0 0 0 0 0 0 0 0 0 0 0 0 0 0 0 0 0 0 0 0 0 0 0 0 0 0 0 0 0 0 0 0 0 0 0 0.55905 0 0 0 0 0 0 0 0 0 0 0 0 0 0 0 0 0 0 0 0 0 0 0 0 0 0 0 0 0 0 0 0 0.852582 0.85263
0.523335 1 0.761668 0.476665 0.95333 0 0 0.0933408 0 0 0 0 0 0 0 0 0 0 0.186682 0 0 0 0 0 0 0 0 0 0 0 0 0 0 0.373363 0 0 0 0 0 0 0 0 0 0 0 0 0 0 0 0 0 0 0 0 0 0 0 0 0.746726 0 0 0 0 0 0 0 0 0 0 0 0 0 0 0 0 0 0 0 0 0 0 0 0 0 0 0 0 0 0 0 0 0 0 0 0 0 0 0.506548 0 0 0 0 0 0 0 0 0 0 0 0 0 0 0 0 0 0 0 0 0 0 0 0 0 0 0 0 0 0 0 0 0.852078 0.852127
0.567308 1 0.783654 0.432692 0.865384 0 0 0.269232 0 0 0 0 0 0 0 0 0 0 0.538465 0 0 0 0 0 0 0 0 0 0 0 0 0 0 0.92307 0 0 0 0 0 0 0 0 0 0 0 0 0 0 0 0 0 0 0 0 0.153859 0 0 0 0 0 0 0 0 0 0 0 0 0 0 0 0 0 0 0 0 0 0 0 0 0 0 0 0 0 0 0 0 0 0 0 0 0 0 0.307719 0 0 0 0 0 0 0 0 0 0 0 0 0 0 0 0 0 0 0 0 0 0 0 0 0 0 0 0 0 0 0 0 0 0 0 0 0.823459 0.823506
0.587069 1 0.793535 0.412931 0.825861 0 0 0.348278 0 0 0 0 0 0 0 0 0 0 0.696556 0 0 0 0 0 0 0 0 0 0 0 0 0 0 0.606889 0 0 0 0 0 0 0 0 0 0 0 0 0 0 0 0 0 0 0 0 0.786223 0 0 0 0 0 0 0 0 0 0 0 0 0 0 0 0 0 0 0 0 0 0 0 0 0 0 0 0 0 0 0 0 0 0 0 0 0 0 0.427554 0 0 0 0 0 0 0 0 0 0 0 0 0 0 0 0 0 0 0 0 0 0 0 0 0 0 0 0 0 0 0 0 0 0 0 0 0.80948 0.809537
0.607591 1 0.803795 0.392409 0.784819 0 0 0.430362 0 0 0 0 0 0 0 0 0 0 0.860725 0 0 0 0 0 0 0 0 0 0 0 0 0 0 0.278551 0 0 0 0 0 0 0 0 0 0 0 0 0 0 0 0 0 0 0 0 0.557102 0 0 0 0 0 0 0 0 0 0 0 0 0 0 0 0 0 0 0 0 0 0 0 0 0 0 0 0 0 0 0 0 0 0 0 0 0.885796 0 0 0 0 0 0 0 0 0 0 0 0 0 0 0 0 0 0 0 0 0 0 0 0 0 0 0 0 0 0 0 0 0 0 0 0 0 0 0.794226 0.79425
0.616611 1 0.808305 0.383389 0.766778 0 0 0.466443 0 0 0 0 0 0 0 0 0 0 0.932887 0 0 0 0 0 0 0 0 0 0 0 0 0 0 0.134227 0 0 0 0 0 0 0 0 0 0 0 0 0 0 0 0 0 0 0 0 0.268453 0 0 0 0 0 0 0 0 0 0 0 0 0 0 0 0 0 0 0 0 0 0 0 0 0 0 0 0 0 0 0 0 0 0 0 0 0.536906 0 0 0 0 0 0 0 0 0 0 0 0 0 0 0 0 0 0 0 0 0 0 0 0 0 0 0 0 0 0 0 0 0 0 0 0 0 0 0.787206 0.787268
0.622617 1 0.811309 0.377383 0.754765 0 0 0.490469 0 0 0 0 0 0 0 0 0 0 0.980938 0 0 0 0 0 0 0 0 0 0 0 0 0 0 0.0381239 0 0 0 0 0 0 0 0 0 0 0 0 0 0 0 0 0 0 0 0 0.0762478 0 0 0 0 0 0 0 0 0 0 0 0 0 0 0 0 0 0 0 0 0 0 0 0 0 0 0 0 0 0 0 0 0 0 0 0 0.152496 0 0 0 0 0 0 0 0 0 0 0 0 0 0 0 0 0 0 0 0 0 0 0 0 0 0 0 0 0 0 0 0 0 0 0 0 0 0 0.782494 0.782527
0.635576 1 0.817788 0.364424 0.728848 0 0 0.542304 0 0 0 0 0 0 0 0 0 0 0.915392 0 0 0 0 0 0 0 0 0 0 0.169217 0 0 0 0 0 0 0 0 0 0 0 0 0 0 0 0 0 0 0 0 0 0 0.338433 0 0 0 0 0 0 0 0 0 0 0 0 0 0 0 0 0 0 0 0 0 0 0 0 0 0 0 0 0 0 0 0 0 0 0 0 0.676867 0 0 0 0 0 0 0 0 0 0 0 0 0 0 0 0 0 0 0 0 0 0 0 0 0 0 0 0 0 0 0 0 0 0 0 0 0 0 0 0 0.771981 0.772038
0.64216 1 0.82108 0.35784 0.71568 0 0 0.568639 0 0 0 0 0 0 0 0 0 0 0.862722 0 0 0 0 0 0 0 0 0 0 0.274557 0 0 0 0 0 0 0 0 0 0 0 0 0 0 0 0 0 0 0 0 0 0 0.549113 0 0 0 0 0 0 0 0 0 0 0 0 0 0 0 0 0 0 0 0 0 0 0 0 0 0 0 0 0 0 0 0 0 0 0 0 0.901774 0 0 0 0 0 0 0 0 0 0 0 0 0 0 0 0 0 0 0 0 0 0 0 0 0 0 0 0 0 0 0 0 0 0 0 0 0 0 0 0 0.766546 0.766571
0.69139 1 0.845695 0.30861 0.617221 0 0 0.765558 0 0 0 0 0 0 0 0 0 0 0.468884 0 0 0 0 0 0 0 0 0 0 0.937768 0 0 0 0 0 0 0 0 0 0 0 0 0 0 0 0 0 0 0.124465 0 0 0 0 0 0 0 0 0 0 0 0 0 0 0 0 0 0 0 0 0 0 0 0 0 0 0 0 0 0 0 0 0 0 0 0 0.248929 0 0 0 0 0 0 0 0 0 0 0 0 0 0 0 0 0 0 0 0 0 0 0 0 0 0 0 0 0 0 0 0 0 0 0 0 0 0 0 0 0 0 0 0 0.722421 0.722482
0.732953 1 0.866477 0.267047 0.534094 0 0 0.931812 0 0 0 0 0 0 0 0 0 0 0.136376 0 0 0 0 0 0 0 0 0 0 0.272752 0 0 0 0 0 0 0 0 0 0 0 0 0 0 0 0 0 0 0.545504 0 0 0 0 0 0 0 0 0 0 0 0 0 0 0 0 0 0 0 0 0 0 0 0 0 0 0 0 0 0 0 0 0 0 0.908993 0 0 0 0 0 0 0 0 0 0 0 0 0 0 0 0 0 0 0 0 0 0 0 0 0 0 0 0 0 0 0 0 0 0 0 0 0 0 0 0 0 0 0 0 0 0 0.680248 0.680279
0.751515 1 0.875757 0.248485 0.496971 0 0 0.993942 0.0121169 0 0 0 0 0 0 0 0 0 0 0 0 0.0242338 0 0 0 0 0 0 0 0 0 0 0 0 0 0 0 0 0 0 0 0 0 0 0.0484677 0 0 0 0 0 0 0 0 0 0 0 0 0 0 0 0 0 0 0 0 0 0 0 0 0 0 0 0 0 0 0 0 0 0 0 0 0.0969354 0 0 0 0 0 0 0 0 0 0 0 0 0 0 0 0 0 0 0 0 0 0 0 0 0 0 0 0 0 0 0 0 0 0 0 0 0 0 0 0 0 0 0 0 0 0 0 0 0.659678 0.659716
0.759855 1 0.879928 0.240145 0.48029 0 0 0.96058 0.0788407 0 0 0 0 0 0 0 0 0 0 0 0 0.157681 0 0 0 0 0 0 0 0 0 0 0 0 0 0 0 0 0 0 0 0 0 0 0.315363 0 0 0 0 0 0 0 0 0 0 0 0 0 0 0 0 0 0 0 0 0 0 0 0 0 0 0 0 0 0 0 0 0 0 0 0 0.630726 0 0 0 0 0 0 0 0 0 0 0 0 0 0 0 0 0 0 0 0 0 0 0 0 0 0 0 0 0 0 0 0 0 0 0 0 0 0 0 0 0 0 0 0 0 0 0 0 0.64999 0.650092
0.796064 1 0.898032 0.203936 0.407873 0 0 0.815745 0.36851 0 0 0 0 0 0 0 0 0 0 0 0 0.73702 0 0 0 0 0 0 0 0 0 0 0 0 0 0 0 0 0 0 0 0 0 0 0.525961 0 0 0 0 0 0 0 0 0 0 0 0 0 0 0 0 0 0 0 0 0 0 0 0 0.948078 0 0 0 0 0 0 0 0 0 0 0 0 0 0 0 0 0 0 0 0 0 0 0 0 0 0 0 0 0 0 0 0 0 0 0 0 0 0 0 0 0 0 0 0 0 0 0 0 0 0 0 0 0 0 0 0 0 0 0 0 0.605187 0.605213
0.820538 1 0.910269 0.179462 0.358924 0 0 0.717848 0.564303 0 0 0 0 0 0 0 0 0 0 0 0 0.871394 0 0 0 0 0 0 0 0 0 0 0 0 0.257213 0 0 0 0 0 0 0 0 0 0 0 0 0 0 0 0 0 0 0 0 0 0 0 0 0 0 0 0 0.514425 0 0 0 0 0 0 0 0 0 0 0 0 0 0 0 0 0 0 0 0 0 0 0 0 0 0 0 0 0 0 0 0 0 0 0 0 0 0 0 0 0 0 0 0 0 0 0 0 0 0 0 0 0 0 0 0 0 0 0 0 0 0 0 0 0 0 0.571429 0.571592
0.827214 1 0.913607 0.172786 0.345571 0 0 0.691142 0.617715 0 0 0 0 0 0 0 0 0 0 0 0 0.76457 0 0 0 0 0 0 0 0 0 0 0 0 0.47086 0 0 0 0 0 0 0 0 0 0 0 0 0 0 0 0 0 0 0 0 0 0 0 0 0 0 0 0 0.94172 0 0 0 0 0 0 0 0 0 0 0 0 0 0 0 0 0 0 0 0 0 0 0 0 0 0 0 0 0 0 0 0 0 0 0 0 0 0 0 0 0 0 0 0 0 0 0 0 0 0 0 0 0 0 0 0 0 0 0 0 0 0 0 0 0 0 0.56185 0.561886
0.854731 1 0.927365 0.145269 0.290539 0 0 0.581078 0.837845 0 0 0 0 0 0 0 0 0 0 0 0 0.324311 0 0 0 0 0 0 0 0 0 0 0 0 0.648621 0 0 0 0 0 0 0 0 0 0 0 0 0 0 0 0 0 0 0 0 0 0 0.702758 0 0 0 0 0 0 0 0 0 0 0 0 0 0 0 0 0 0 0 0 0 0 0 0 0 0 0 0 0 0 0 0 0 0 0 0 0 0 0 0 0 0 0 0 0 0 0 0 0 0 0 0 0 0 0 0 0 0 0 0 0 0 0 0 0 0 0 0 0 0 0 0 0.518893 0.519072
0.862011 1 0.931006 0.137989 0.275978 0 0 0.551956 0.896089 0 0 0 0 0 0 0 0 0 0 0 0 0.207822 0 0 0 0 0 0 0 0 0 0 0 0 0.415644 0 0 0 0 0 0 0 0 0 0 0 0 0 0 0 0 0 0 0 0 0 0 0.831289 0 0 0 0 0 0 0 0 0 0 0 0 0 0 0 0 0 0 0 0 0 0 0 0 0 0 0 0 0 0 0 0 0 0 0 0 0 0 0 0 0 0 0 0 0 0 0 0 0 0 0 0 0 0 0 0 0 0 0 0 0 0 0 0 0 0 0 0 0 0 0 0 0.506753 0.506889
0.886939 1 0.943469 0.113061 0.226122 0 0 0.452245 0.90449 0 0 0.191021 0 0 0 0 0 0 0 0 0 0 0 0 0 0 0.382042 0 0 0 0 0 0 0 0 0 0 0 0 0 0 0 0 0 0 0 0 0 0 0 0 0.764083 0 0 0 0 0 0 0 0 0 0 0 0 0 0 0 0 0 0 0 0 0 0 0 0 0 0 0 0 0 0 0 0 0 0 0 0 0 0 0 0 0 0 0 0 0 0 0 0 0 0 0 0 0 0 0 0 0 0 0 0 0 0 0 0 0 0 0 0 0 0 0 0 0 0 0 0 0 0 0.461671 0.461887
0.910778 1 0.955389 0.0892223 0.178445 0 0 0.356889 0.713778 0 0 0.572443 0 0 0 0 0 0 0 0 0 0 0 0 0 0 0.855113 0 0 0 0 0 0 0 0 0 0 0 0 0 0 0.289773 0 0 0 0 0 0 0 0 0 0 0 0 0 0 0 0 0 0 0 0 0 0 0 0 0 0 0 0 0 0 0 0 0 0 0 0 0 0 0 0 0 0 0 0 0 0 0 0 0 0 0 0 0 0 0 0 0 0 0 0 0 0 0 0 0 0 0 0 0 0 0 0 0 0 0 0 0 0 0 0 0 0 0 0 0 0 0 0 0.412526 0.412897
0.912429 1 0.956215 0.087571 0.175142 0 0 0.350284 0.700568 0 0 0.598864 0 0 0 0 0 0 0 0 0 0 0 0 0 0 0.802272 0 0 0 0 0 0 0 0 0 0 0 0 0 0 0.395457 0 0 0 0 0 0 0 0 0 0 0 0 0 0 0 0 0 0 0 0 0 0 0 0 0 0 0 0 0 0 0 0 0 0 0 0 0 0 0 0 0 0 0 0 0 0 0 0 0 0 0 0 0 0 0 0 0 0 0 0 0 0 0 0 0 0 0 0 0 0 0 0 0 0 0 0 0 0 0 0 0 0 0 0 0 0 0 0 0.4088 0.409235
0.915614 1 0.957807 0.0843859 0.168772 0 0 0.337544 0.675087 0 0 0.649825 0 0 0 0 0 0 0 0 0 0 0 0 0 0 0.70035 0 0 0 0 0 0 0 0 0 0 0 0 0 0 0.599301 0 0 0 0 0 0 0 0 0 0 0 0 0 0 0 0 0 0 0 0 0 0 0 0 0 0 0 0 0 0 0 0 0 0 0 0 0 0 0 0 0 0 0 0 0 0 0 0 0 0 0 0 0 0 0 0 0 0 0 0 0 0 0 0 0 0 0 0 0 0 0 0 0 0 0 0 0 0 0 0 0 0 0 0 0 0 0 0 0.401614 0.402058
0.927179 1 0.963589 0.0728214 0.145643 0 0 0.291286 0.582572 0 0 0.834857 0 0 0 0 0 0 0 0 0 0 0 0 0 0 0.330286 0 0 0 0 0 0 0 0 0 0 0 0 0 0 0.660573 0 0 0 0 0 0 0 0 0 0 0 0 0 0 0 0 0 0 0 0 0 0 0 0 0 0 0 0 0 0 0 0 0 0 0 0 0 0 0 0 0 0 0 0 0 0 0 0 0 0 0 0 0 0 0 0 0 0 0 0 0 0 0 0 0 0 0 0 0 0 0 0 0 0 0 0 0 0 0 0 0 0 0 0 0 0 0 0 0.374079 0.37462
0.947193 1 0.973596 0.0528071 0.105614 0 0 0.211229 0.422457 0 0 0.844914 0.310172 0 0 0 0 0 0 0 0 0 0 0 0 0 0 0 0 0 0 0.620344 0 0 0 0 0 0 0 0 0 0 0 0 0 0 0 0 0 0 0 0 0 0 0 0 0 0 0 0 0 0 0 0 0 0 0 0 0 0 0 0 0 0 0 0 0 0 0 0 0 0 0 0 0 0 0 0 0 0 0 0 0 0 0 0 0 0 0 0 0 0 0 0 0 0 0 0 0 0 0 0 0 0 0 0 0 0 0 0 0 0 0 0 0 0 0 0 0 0 0.319816 0.320664
0.976302 1 0.988151 0.0236985 0.0473969 0 0 0.0947938 0.189588 0 0 0.379175 0.758351 0 0 0.483299 0 0 0 0 0 0 0 0 0 0 0 0 0 0 0 0 0 0 0 0 0 0 0 0 0 0 0 0 0 0 0 0 0 0 0 0 0 0 0 0 0 0 0 0 0 0 0 0 0 0 0 0 0 0 0 0 0 0 0 0 0 0 0 0 0 0 0 0 0 0 0 0 0 0 0 0 0 0 0 0 0 0 0 0 0 0 0 0 0 0 0 0 0 0 0 0 0 0 0 0 0 0 0 0 0 0 0 0 0 0 0 0 0 0 0.213264 0.216415
0.984212 1 0.992106 0.0157884 0.0315768 0 0 0.0631536 0.126307 0 0 0.252614 0.505228 0 0 0.989543 0 0 0 0 0 0 0 0 0 0 0 0 0 0 0 0 0 0 0 0 0 0 0 0 0 0 0 0 0 0 0 0 0 0 0 0 0 0 0 0 0 0 0 0 0 0 0 0 0 0 0 0 0 0 0 0 0 0 0 0 0 0 0 0 0 0 0 0 0 0 0 0 0 0 0 0 0 0 0 0 0 0 0 0 0 0 0 0 0 0 0 0 0 0 0 0 0 0 0 0 0 0 0 0 0 0 0 0 0 0 0 0 0 0 0.176837 0.176996
0.984973 1 0.992487 0.0150267 0.0300534 0 0 0.0601068 0.120214 0 0 0.240427 0.480854 0 0 0.961708 0 0 0 0 0 0 0 0 0 0 0 0 0 0 0 0 0 0 0 0 0 0 0 0 0 0 0 0 0 0 0 0 0 0 0 0 0 0 0 0 0 0 0 0 0 0 0 0 0 0 0 0 0 0 0 0 0 0 0 0 0 0 0 0 0 0 0 0 0 0 0 0 0 0 0 0 0 0 0 0 0 0 0 0 0 0 0 0 0 0 0 0 0 0 0 0 0 0 0 0 0 0 0 0 0 0 0 0 0 0 0 0 0 0 0.169342 0.172707
0.988064 1 0.994032 0.0119361 0.0238722 0 0 0.0477444 0.0954888 0 0 0.190978 0.381955 0 0 0.763911 0 0 0 0 0 0 0 0 0 0 0 0 0 0 0 0 0 0 0 0 0 0 0 0 0 0 0 0 0 0 0 0 0 0 0 0 0 0 0 0 0 0 0 0 0 0 0 0 0 0 0 0 0 0 0 0 0 0 0 0 0 0 0 0 0 0 0 0 0 0 0 0 0 0 0 0 0 0 0 0 0 0 0 0 0 0 0 0 0 0 0 0 0 0 0 0 0 0 0 0 0 0 0 0 0 0 0 0 0 0 0 0 0 0 0.134513 0.154045
0.998349 1 0.999174 0.00165131 0.00330262 0 0 0.00660523 0.0132105 0 0 0.0264209 0.0528419 0 0 0.105684 0 0 0 0 0 0 0 0 0 0 0 0 0 0 0 0 0 0 0 0 0 0 0 0 0 0 0 0 0 0 0 0 0 0 0 0 0 0 0 0 0 0 0 0 0 0 0 0 0 0 0 0 0 0 0 0 0 0 0 0 0 0 0 0 0 0 0 0 0 0 0 0 0 0 0 0 0 0 0 0 0 0 0 0 0 0 0 0 0 0 0 0 0 0 0 0 0 0 0 0 0 0 0 0 0 0 0 0 0 0 0 0 0 0 0.0186093 0.0574447
