19
1
-1
6.12323e-17
-0.577316
0.658716
-0.83924
0.870029
0.305729
-0.321539
-0.942991
0.952693
0.47955
-0.712639
-0.155814
0.7749
-0.979477
0.161087
0.983331
-0.461253
19
1
-1
6.12323e-17
-0.577316
0.658716
-0.83924
0.870029
0.305729
-0.321539
-0.942991
0.952693
0.47955
-0.712639
-0.155814
0.7749
-0.979477
0.161087
0.983331
-0.461253
19
1
-1
6.12323e-17
-0.577316
0.658716
-0.83924
0.870029
0.305729
-0.321539
-0.942991
0.952693
0.47955
-0.712639
-0.155814
0.7749
-0.979477
0.161087
0.983331
-0.461253
