2
28 25 1
250
0 0 0
0 2 0
0 1 0
2 0 0
1 0 0
2 1 0
1 1 0
2 2 0
1 2 0
3 0 0
3 2 0
3 1 0
4 0 0
4 2 0
4 1 0
0 3 0
4 3 0
3 3 0
1 3 0
2 3 0
0 4 0
4 4 0
3 4 0
1 4 0
2 4 0
3 8 0
5 4 0
4 8 0
8 4 0
3 5 0
5 3 0
4 5 0
8 3 0
0 8 0
7 8 0
6 8 0
8 8 0
5 8 0
0 5 0
7 5 0
6 5 0
8 5 0
5 5 0
8 0 0
8 6 0
8 7 0
8 10 0
8 15 0
15 5 0
15 8 0
5 0 0
5 6 0
5 7 0
5 10 0
5 15 0
10 5 0
10 8 0
2 8 0
15 15 0
1 8 0
10 15 0
2 5 0
15 10 0
1 5 0
10 10 0
8 1 0
8 2 0
5 1 0
5 2 0
3 7 0
6 7 0
6 13 0
12 13 0
12 7 0
6 4 0
4 7 0
7 7 0
7 13 0
13 13 0
13 7 0
7 4 0
3 6 0
6 6 0
6 12 0
12 12 0
12 6 0
6 3 0
4 6 0
7 6 0
7 12 0
13 12 0
13 6 0
7 3 0
14 3 0
28 3 0
28 5 0
56 3 0
112 3 0
112 5 0
112 6 0
56 5 0
56 6 0
4 11 0
4 21 0
8 21 0
4 41 0
4 81 0
8 81 0
56 11 0
56 21 0
56 41 0
56 81 0
112 81 0
7 81 0
14 81 0
28 81 0
8 41 0
112 41 0
7 41 0
14 41 0
28 41 0
111 81 0
28 82 0
56 82 0
111 21 0
111 41 0
11 3 0
21 3 0
21 5 0
41 3 0
81 3 0
81 5 0
81 6 0
41 5 0
41 6 0
3 11 0
3 21 0
5 21 0
3 41 0
3 81 0
5 81 0
41 11 0
41 21 0
41 41 0
41 81 0
81 81 0
6 81 0
11 81 0
21 81 0
5 41 0
81 41 0
6 41 0
11 41 0
21 41 0
82 81 0
21 82 0
41 82 0
82 21 0
82 41 0
14 4 0
28 4 0
28 8 0
56 4 0
112 4 0
112 8 0
112 7 0
56 8 0
56 7 0
4 14 0
4 28 0
8 28 0
4 56 0
4 112 0
8 112 0
56 14 0
56 28 0
56 56 0
56 112 0
112 112 0
7 112 0
14 112 0
28 112 0
8 56 0
112 56 0
7 56 0
14 56 0
28 56 0
111 112 0
28 111 0
56 111 0
111 28 0
111 56 0
11 4 0
21 4 0
21 8 0
41 4 0
81 4 0
81 8 0
81 7 0
41 8 0
41 7 0
3 14 0
3 28 0
5 28 0
3 56 0
3 112 0
5 112 0
41 14 0
41 28 0
41 56 0
41 112 0
81 112 0
6 112 0
11 112 0
21 112 0
5 56 0
81 56 0
6 56 0
11 56 0
21 56 0
82 112 0
21 111 0
41 111 0
82 28 0
82 56 0
42 112 0
55 112 0
42 81 0
55 81 0
7 1 0
7 10 0
7 9 0
27 81 0
7 2 0
7 15 0
7 16 0
27 112 0
6 1 0
6 10 0
6 9 0
22 81 0
6 2 0
6 15 0
6 16 0
22 112 0
2 7 0
15 7 0
16 7 0
1 7 0
10 7 0
