100
-0.983196 0 0
-0.972112 0 0
-0.944338 0 0
-0.924031 0 0
-0.901767 0 0
-0.896049 0 0
-0.873296 0 0
-0.844635 0 0
-0.834445 0 0
-0.808921 0 0
-0.790452 0 0
-0.767423 0 0
-0.752704 0 0
-0.729732 0.155571 0
-0.700955 0.353871 0
-0.681676 0.471901 0
-0.667286 0.552248 0
-0.645654 0.660558 0
-0.637168 0.698959 0
-0.607861 0.813857 0
-0.599674 0.841042 0
-0.575142 0.909658 0
-0.557255 0.947549 0
-0.523916 0.990848 0
-0.516866 0.995448 0
-0.491981 0.998971 0
-0.477404 0.991831 0
-0.457824 0.971539 0
-0.420022 0.897655 0
-0.415635 0.88612 0
-0.389741 0.805488 0
-0.363218 0.70065 0
-0.347747 0.629105 0
-0.334079 0.559526 0
-0.307249 0.405553 0
-0.289514 0.291132 0
-0.270128 0.154544 0
-0.240544 0 0
-0.23415 0 0
-0.204573 0 0
-0.189465 0 0
-0.164602 0 0
-0.151995 0 0
-0.122169 0 0
-0.114334 0 0
-0.0929508 0 0
-0.0638455 0 0
-0.0416195 0 0
-0.0386049 0 0
-0.00101346 0 0
0.0105199 0 0
0.0217211 0 0
0.0438443 0 0
0.0732645 0 0
0.0978047 0 0
0.106978 0 0
0.121283 0 0
0.1404 0 0
0.169154 0 0
0.181262 0 0
0.204766 0 0
0.239413 0 0
0.258044 0 0.063318
0.277018 0 0.204467
0.285333 0 0.262691
0.310795 0 0.427225
0.327504 0 0.523923
0.355205 0 0.66455
0.370251 0 0.730642
0.393354 0 0.818028
0.410632 0 0.872214
0.420786 0 0.899601
0.448753 0 0.95798
0.478637 0 0.992698
0.498616 0 0.999969
0.514419 0 0.996673
0.525686 0 0.989444
0.554771 0 0.952003
0.5728 0 0.915204
0.587081 0 0.87867
0.613757 0 0.792949
0.623319 0 0.756677
0.648802 0 0.645727
0.677602 0 0.495323
0.696584 0 0.381676
0.706607 0 0.317018
0.724579 0 0.193026
0.757867 0 0
0.767007 0 0
0.793733 0 0
0.819129 0 0
0.831773 0 0
0.853146 0 0
0.877174 0 0
0.888791 0 0
0.918479 0 0
0.927969 0 0
0.956295 0 0
0.973684 0 0
0.998219 0 0
