20 1000 2
-0.997618 1 0 0 0 0.999994 0 0 0 0 0 0 0 0.00950474 0.0189641 0 0 0 0 0 0 0.988822
-0.997326 1 0 0 0 0.999993 0 0 0 0 0 0 0 0.0106658 0.0212745 0 0 0 0 0 0 0.985923
-0.996681 1 0 0 0 0.999989 0 0 0 0 0 0 0 0.0132309 0.0263736 0 0 0 0 0 0 0.978338
-0.995936 1 0 0 0 0.999983 0 0 0 0 0 0 0 0.0161911 0.0322501 0 0 0 0 0 0 0.967571
-0.994375 1 0 0 0 0.999968 0 0 0 0 0 0 0 0.0223742 0.0444954 0 0 0 0 0 0 0.938187
-0.993189 1 0 0 0 0.999954 0 0 0 0 0 0 0 0.0270598 0.0537484 0 0 0 0 0 0 0.909811
-0.993169 1 0 0 0 0.999953 0 0 0 0 0 0 0 0.0271374 0.0539015 0 0 0 0 0 0 0.909297
-0.991108 1 0 0 0 0.999921 0 0 0 0 0 0 0 0.0352503 0.069868 0 0 0 0 0 0 0.847957
-0.990905 1 0 0 0 0.999917 0 0 0 0 0 0 0 0.0360499 0.071438 0 0 0 0 0 0 0.841108
-0.989526 1 0 0 0 0.99989 0 0 0 0 0 0 0 0.0414554 0.0820332 0 0 0 0 0 0 0.791173
-0.981929 1 0 0 0 0.999673 0 0 0 0 0 0 0 0.0709784 0.139344 0 0 0 0 0 0 0.421729
-0.979709 1 0 0 0 0.999588 0 0 0 0 0 0 0 0.0795182 0.155742 0 0 0 0 0 0 0.291561
-0.973608 1 0 0 0 0.999303 0 0 0 0 0 0 0 0.10278 0.199989 0 0 0 0 0 0 -0.087326
-0.965871 1 0 0 0 0.998835 0 0 0 0 0 0 0 0.131858 0.254398 0 0 0 0 0 0 -0.542673
-0.964694 1 0 0 0 0.998753 0 0 0 0 0 0 0 0.136239 0.262505 0 0 0 0 0 0 -0.60324
-0.963326 1 0 0 0 0.998655 0 0 0 0 0 0 0 0.141315 0.27187 0 0 0 0 0 0 -0.669459
-0.962696 1 0 0 0 0.998608 0 0 0 0 0 0 0 0.143649 0.276166 0 0 0 0 0 0 -0.698342
-0.961678 1 0 0 0 0.998531 0 0 0 0 0 0 0 0.147412 0.283076 0 0 0 0 0 0 -0.742653
-0.961209 1 0 0 0 0.998495 0 0 0 0 0 0 0 0.149144 0.28625 0 0 0 0 0 0 -0.762064
-0.959915 1 0 0 0 0.998393 0 0 0 0 0 0 0 0.153913 0.294972 0 0 0 0 0 0 -0.812151
-0.953791 1 0 0 0 0.997865 0 0 0 0 0 0 0 0.176296 0.33551 0 0 0 0 0 0 -0.97177
-0.949808 1 0 0 0 0.997481 0 0 0 0 0 0 0 0.190691 0.361228 0 0 0 0 0 0 -0.999927
-0.946505 1 0 0 0 0.997138 0 0 0 0 0 0 0 0.202534 0.382173 0 0 0 0 0 0 -0.975983
-0.942855 1 0 0 0 0.996734 0 0 0 0 0 0 0 0.215518 0.404912 0 0 0 0 0 0 -0.900907
-0.937133 1 0 0 0 0.996048 0 0 0 0 0 0 0 0.235659 0.4397 0 0 0 0 0 0 -0.690612
-0.937012 1 0 0 0 0.996033 0 0 0 0 0 0 0 0.23608 0.440422 0 0 0 0 0 0 -0.685117
-0.936827 1 0 0 0 0.996009 0 0 0 0 0 0 0 0.236728 0.441529 0 0 0 0 0 0 -0.676597
-0.9338 1 0 0 0 0.995618 0 0 0 0 0 0 0 0.24727 0.459481 0 0 0 0 0 0 -0.525174
-0.932426 1 0 0 0 0.995434 0 0 0 0 0 0 0 0.25203 0.467531 0 0 0 0 0 0 -0.449852
-0.930905 1 0 0 0 0.995226 0 0 0 0 0 0 0 0.257283 0.476373 0 0 0 0 0 0 -0.362584
-0.930516 1 0 0 0 0.995172 0 0 0 0 0 0 0 0.258624 0.478624 0 0 0 0 0 0 -0.339682
-0.93038 1 0 0 0 0.995153 0 0 0 0 0 0 0 0.259092 0.479409 0 0 0 0 0 0 -0.331634
-0.929529 1 0 0 0 0.995034 0 0 0 0 0 0 0 0.26202 0.48431 0 0 0 0 0 0 -0.280735
-0.927048 1 0 0 0 0.994678 0 0 0 0 0 0 0 0.27052 0.498465 0 0 0 0 0 0 -0.128317
-0.916422 1 0 0 0 0.993015 0 0 0 0 0 0 0 0.306371 0.55686 0 0 0 0 0 0 0.513258
-0.915279 1 0 0 0 0.992822 0 0 0 0 0 0 0 0.310174 0.562926 0 0 0 0 0 0 0.573515
-0.915126 1 0 0 0 0.992796 0 0 0 0 0 0 0 0.310682 0.563735 0 0 0 0 0 0 0.581364
-0.910542 1 0 0 0 0.991997 0 0 0 0 0 0 0 0.325821 0.58762 0 0 0 0 0 0 0.78853
-0.909914 1 0 0 0 0.991885 0 0 0 0 0 0 0 0.327881 0.590838 0 0 0 0 0 0 0.812164
-0.90946 1 0 0 0 0.991803 0 0 0 0 0 0 0 0.329369 0.593159 0 0 0 0 0 0 0.828485
-0.905175 1 0 0 0 0.991008 0 0 0 0 0 0 0 0.343334 0.614733 0 0 0 0 0 0 0.947607
-0.905171 1 0 0 0 0.991007 0 0 0 0 0 0 0 0.343347 0.614753 0 0 0 0 0 0 0.947689
-0.904913 1 0 0 0 0.990958 0 0 0 0 0 0 0 0.344183 0.616033 0 0 0 0 0 0 0.952738
-0.899601 1 0 0 0 0.98992 0 0 0 0 0 0 0 0.361276 0.641913 0 0 0 0 0 0 0.999686
-0.898695 1 0 0 0 0.989737 0 0 0 0 0 0 0 0.36417 0.646239 0 0 0 0 0 0 0.996638
-0.89716 1 0 0 0 0.989424 0 0 0 0 0 0 0 0.369055 0.653502 0 0 0 0 0 0 0.984124
-0.897035 1 0 0 0 0.989398 0 0 0 0 0 0 0 0.369452 0.654091 0 0 0 0 0 0 0.982699
-0.895805 1 0 0 0 0.989143 0 0 0 0 0 0 0 0.373353 0.659854 0 0 0 0 0 0 0.965465
-0.890412 1 0 0 0 0.987991 0 0 0 0 0 0 0 0.390313 0.68455 0 0 0 0 0 0 0.823976
-0.890075 1 0 0 0 0.987917 0 0 0 0 0 0 0 0.391365 0.686063 0 0 0 0 0 0 0.811787
-0.889979 1 0 0 0 0.987895 0 0 0 0 0 0 0 0.391665 0.686493 0 0 0 0 0 0 0.808252
-0.88539 1 0 0 0 0.986864 0 0 0 0 0 0 0 0.405899 0.706714 0 0 0 0 0 0 0.607416
-0.885245 1 0 0 0 0.986831 0 0 0 0 0 0 0 0.406345 0.70734 0 0 0 0 0 0 0.600173
-0.885187 1 0 0 0 0.986818 0 0 0 0 0 0 0 0.406523 0.70759 0 0 0 0 0 0 0.597269
-0.883831 1 0 0 0 0.986505 0 0 0 0 0 0 0 0.410696 0.713429 0 0 0 0 0 0 0.526819
-0.88351 1 0 0 0 0.98643 0 0 0 0 0 0 0 0.411682 0.714803 0 0 0 0 0 0 0.50956
-0.882369 1 0 0 0 0.986163 0 0 0 0 0 0 0 0.415176 0.719656 0 0 0 0 0 0 0.446628
-0.88059 1 0 0 0 0.985741 0 0 0 0 0 0 0 0.420605 0.72714 0 0 0 0 0 0 0.344047
-0.878236 1 0 0 0 0.985173 0 0 0 0 0 0 0 0.427751 0.73689 0 0 0 0 0 0 0.201898
-0.875972 1 0 0 0 0.984617 0 0 0 0 0 0 0 0.43458 0.746096 0 0 0 0 0 0 0.0610473
-0.870182 1 0 0 0 0.983147 0 0 0 0 0 0 0 0.451861 0.768901 0 0 0 0 0 0 -0.298122
-0.865794 1 0 0 0 0.981989 0 0 0 0 0 0 0 0.46478 0.785469 0 0 0 0 0 0 -0.546727
-0.864038 1 0 0 0 0.981514 0 0 0 0 0 0 0 0.469905 0.791925 0 0 0 0 0 0 -0.635579
-0.864028 1 0 0 0 0.981512 0 0 0 0 0 0 0 0.469935 0.791963 0 0 0 0 0 0 -0.636081
-0.861114 1 0 0 0 0.980711 0 0 0 0 0 0 0 0.478388 0.80246 0 0 0 0 0 0 -0.765942
-0.860417 1 0 0 0 0.980516 0 0 0 0 0 0 0 0.4804 0.804931 0 0 0 0 0 0 -0.793359
-0.860307 1 0 0 0 0.980486 0 0 0 0 0 0 0 0.480715 0.805317 0 0 0 0 0 0 -0.797518
-0.853914 1 0 0 0 0.978659 0 0 0 0 0 0 0 0.49898 0.827231 0 0 0 0 0 0 -0.969915
-0.853058 1 0 0 0 0.978408 0 0 0 0 0 0 0 0.501401 0.830065 0 0 0 0 0 0 -0.9816
-0.849412 1 0 0 0 0.977323 0 0 0 0 0 0 0 0.511646 0.841877 0 0 0 0 0 0 -0.999317
-0.848307 1 0 0 0 0.976989 0 0 0 0 0 0 0 0.514729 0.845372 0 0 0 0 0 0 -0.994346
-0.84556 1 0 0 0 0.976148 0 0 0 0 0 0 0 0.522352 0.853892 0 0 0 0 0 0 -0.961343
-0.844006 1 0 0 0 0.975666 0 0 0 0 0 0 0 0.52664 0.858606 0 0 0 0 0 0 -0.929914
-0.842881 1 0 0 0 0.975314 0 0 0 0 0 0 0 0.52973 0.86197 0 0 0 0 0 0 -0.901619
-0.838632 1 0 0 0 0.97396 0 0 0 0 0 0 0 0.541313 0.874309 0 0 0 0 0 0 -0.755582
-0.836538 1 0 0 0 0.97328 0 0 0 0 0 0 0 0.546969 0.880179 0 0 0 0 0 0 -0.6631
-0.835879 1 0 0 0 0.973064 0 0 0 0 0 0 0 0.54874 0.881996 0 0 0 0 0 0 -0.631561
-0.83207 1 0 0 0 0.9718 0 0 0 0 0 0 0 0.558918 0.892232 0 0 0 0 0 0 -0.429759
-0.830508 1 0 0 0 0.971272 0 0 0 0 0 0 0 0.563058 0.896295 0 0 0 0 0 0 -0.339214
-0.826658 1 0 0 0 0.969952 0 0 0 0 0 0 0 0.573179 0.905978 0 0 0 0 0 0 -0.103961
-0.825806 1 0 0 0 0.969656 0 0 0 0 0 0 0 0.575403 0.908056 0 0 0 0 0 0 -0.0506012
-0.82311 1 0 0 0 0.96871 0 0 0 0 0 0 0 0.582399 0.914478 0 0 0 0 0 0 0.118445
-0.821819 1 0 0 0 0.968252 0 0 0 0 0 0 0 0.58573 0.917472 0 0 0 0 0 0 0.198538
-0.820446 1 0 0 0 0.96776 0 0 0 0 0 0 0 0.589257 0.920598 0 0 0 0 0 0 0.282243
-0.819879 1 0 0 0 0.967556 0 0 0 0 0 0 0 0.590711 0.921872 0 0 0 0 0 0 0.316261
-0.817007 1 0 0 0 0.966514 0 0 0 0 0 0 0 0.598027 0.928161 0 0 0 0 0 0 0.481376
-0.816215 1 0 0 0 0.966223 0 0 0 0 0 0 0 0.600032 0.929849 0 0 0 0 0 0 0.52437
-0.813424 1 0 0 0 0.965189 0 0 0 0 0 0 0 0.607063 0.935639 0 0 0 0 0 0 0.66491
-0.804503 1 0 0 0 0.961781 0 0 0 0 0 0 0 0.629112 0.952471 0 0 0 0 0 0 0.960243
-0.8032 1 0 0 0 0.96127 0 0 0 0 0 0 0 0.632278 0.954715 0 0 0 0 0 0 0.979849
-0.79762 1 0 0 0 0.959042 0 0 0 0 0 0 0 0.645689 0.963717 0 0 0 0 0 0 0.988843
-0.794293 1 0 0 0 0.957685 0 0 0 0 0 0 0 0.653566 0.96861 0 0 0 0 0 0 0.936404
-0.79397 1 0 0 0 0.957552 0 0 0 0 0 0 0 0.654327 0.969066 0 0 0 0 0 0 0.929081
-0.793798 1 0 0 0 0.957481 0 0 0 0 0 0 0 0.654731 0.969308 0 0 0 0 0 0 0.92503
-0.793143 1 0 0 0 0.95721 0 0 0 0 0 0 0 0.65627 0.970219 0 0 0 0 0 0 0.908605
-0.792215 1 0 0 0 0.956826 0 0 0 0 0 0 0 0.65844 0.971486 0 0 0 0 0 0 0.882749
-0.787827 1 0 0 0 0.954983 0 0 0 0 0 0 0 0.668623 0.977106 0 0 0 0 0 0 0.721478
-0.787244 1 0 0 0 0.954735 0 0 0 0 0 0 0 0.669964 0.977806 0 0 0 0 0 0 0.695638
-0.785219 1 0 0 0 0.953869 0 0 0 0 0 0 0 0.6746 0.980154 0 0 0 0 0 0 0.598867
-0.784012 1 0 0 0 0.953349 0 0 0 0 0 0 0 0.677348 0.98149 0 0 0 0 0 0 0.536487
-0.783518 1 0 0 0 0.953135 0 0 0 0 0 0 0 0.678471 0.982025 0 0 0 0 0 0 0.509988
-0.782202 1 0 0 0 0.952564 0 0 0 0 0 0 0 0.681448 0.983408 0 0 0 0 0 0 0.437242
-0.781989 1 0 0 0 0.952471 0 0 0 0 0 0 0 0.681928 0.983627 0 0 0 0 0 0 0.425166
-0.780029 1 0 0 0 0.951613 0 0 0 0 0 0 0 0.686334 0.985572 0 0 0 0 0 0 0.310768
-0.779529 1 0 0 0 0.951392 0 0 0 0 0 0 0 0.687455 0.986049 0 0 0 0 0 0 0.280728
-0.774634 1 0 0 0 0.94921 0 0 0 0 0 0 0 0.698305 0.990291 0 0 0 0 0 0 -0.0229918
-0.772698 1 0 0 0 0.948334 0 0 0 0 0 0 0 0.702544 0.991757 0 0 0 0 0 0 -0.144149
-0.771623 1 0 0 0 0.947844 0 0 0 0 0 0 0 0.704884 0.992519 0 0 0 0 0 0 -0.210613
-0.767899 1 0 0 0 0.946129 0 0 0 0 0 0 0 0.712921 0.994874 0 0 0 0 0 0 -0.431515
-0.766184 1 0 0 0 0.94533 0 0 0 0 0 0 0 0.716584 0.995809 0 0 0 0 0 0 -0.526013
-0.763166 1 0 0 0 0.94391 0 0 0 0 0 0 0 0.722974 0.997226 0 0 0 0 0 0 -0.676888
-0.762978 1 0 0 0 0.943821 0 0 0 0 0 0 0 0.723371 0.997305 0 0 0 0 0 0 -0.685559
-0.762881 1 0 0 0 0.943774 0 0 0 0 0 0 0 0.723575 0.997345 0 0 0 0 0 0 -0.689987
-0.760695 1 0 0 0 0.942733 0 0 0 0 0 0 0 0.728152 0.99817 0 0 0 0 0 0 -0.782574
-0.760045 1 0 0 0 0.942421 0 0 0 0 0 0 0 0.729507 0.998386 0 0 0 0 0 0 -0.807363
-0.758374 1 0 0 0 0.941617 0 0 0 0 0 0 0 0.732971 0.998878 0 0 0 0 0 0 -0.864738
-0.75681 1 0 0 0 0.940859 0 0 0 0 0 0 0 0.736195 0.999258 0 0 0 0 0 0 -0.909852
-0.753885 1 0 0 0 0.939427 0 0 0 0 0 0 0 0.74217 0.999759 0 0 0 0 0 0 -0.970357
-0.753638 1 0 0 0 0.939306 0 0 0 0 0 0 0 0.742672 0.999788 0 0 0 0 0 0 -0.973993
-0.751048 1 0 0 0 0.938023 0 0 0 0 0 0 0 0.747901 0.999982 0 0 0 0 0 0 -0.997835
-0.74874 1 0 0 0 0.936868 0 0 0 0 0 0 0 0.752513 0.999975 0 0 0 0 0 0 -0.996869
-0.748573 1 0 0 0 0.936785 0 0 0 0 0 0 0 0.752845 0.999967 0 0 0 0 0 0 -0.995985
-0.746488 1 0 0 0 0.935732 0 0 0 0 0 0 0 0.756975 0.999803 0 0 0 0 0 0 -0.975751
-0.745192 1 0 0 0 0.935073 0 0 0 0 0 0 0 0.759524 0.99963 0 0 0 0 0 0 -0.954711
-0.744761 1 0 0 0 0.934853 0 0 0 0 0 0 0 0.760368 0.999561 0 0 0 0 0 0 -0.946316
-0.741578 1 0 0 0 0.933218 0 0 0 0 0 0 0 0.76656 0.998865 0 0 0 0 0 0 -0.863225
-0.740941 1 0 0 0 0.932888 0 0 0 0 0 0 0 0.76779 0.998687 0 0 0 0 0 0 -0.842336
-0.73405 1 0 0 0 0.92927 0 0 0 0 0 0 0 0.780883 0.995929 0 0 0 0 0 0 -0.538453
-0.732702 1 0 0 0 0.928552 0 0 0 0 0 0 0 0.783399 0.995213 0 0 0 0 0 0 -0.465281
-0.730489 1 0 0 0 0.927364 0 0 0 0 0 0 0 0.7875 0.993909 0 0 0 0 0 0 -0.338076
-0.728113 1 0 0 0 0.926078 0 0 0 0 0 0 0 0.791857 0.992336 0 0 0 0 0 0 -0.19437
-0.726858 1 0 0 0 0.925394 0 0 0 0 0 0 0 0.794141 0.991431 0 0 0 0 0 0 -0.116493
-0.722918 1 0 0 0 0.923226 0 0 0 0 0 0 0 0.801229 0.988265 0 0 0 0 0 0 0.130414
-0.71996 1 0 0 0 0.921577 0 0 0 0 0 0 0 0.806471 0.985561 0 0 0 0 0 0 0.311434
-0.719594 1 0 0 0 0.921372 0 0 0 0 0 0 0 0.807115 0.985207 0 0 0 0 0 0 0.333202
-0.716336 1 0 0 0 0.919535 0 0 0 0 0 0 0 0.812795 0.981867 0 0 0 0 0 0 0.517899
-0.715927 1 0 0 0 0.919302 0 0 0 0 0 0 0 0.813502 0.981424 0 0 0 0 0 0 0.539697
-0.715452 1 0 0 0 0.919032 0 0 0 0 0 0 0 0.814322 0.980903 0 0 0 0 0 0 0.564578
-0.712712 1 0 0 0 0.917465 0 0 0 0 0 0 0 0.819015 0.977753 0 0 0 0 0 0 0.697648
-0.710877 1 0 0 0 0.916408 0 0 0 0 0 0 0 0.822124 0.97551 0 0 0 0 0 0 0.775422
-0.709868 1 0 0 0 0.915824 0 0 0 0 0 0 0 0.823821 0.974231 0 0 0 0 0 0 0.813859
-0.705014 1 0 0 0 0.912983 0 0 0 0 0 0 0 0.831877 0.96762 0 0 0 0 0 0 0.950781
-0.704804 1 0 0 0 0.912859 0 0 0 0 0 0 0 0.832221 0.967317 0 0 0 0 0 0 0.954786
-0.70362 1 0 0 0 0.912159 0 0 0 0 0 0 0 0.834156 0.965582 0 0 0 0 0 0 0.97425
-0.703113 1 0 0 0 0.911858 0 0 0 0 0 0 0 0.83498 0.964826 0 0 0 0 0 0 0.980932
-0.700864 1 0 0 0 0.910518 0 0 0 0 0 0 0 0.838614 0.961371 0 0 0 0 0 0 0.998526
-0.700006 1 0 0 0 0.910004 0 0 0 0 0 0 0 0.83999 0.96001 0 0 0 0 0 0 1
-0.691872 1 0 0 0 0.905057 0 0 0 0 0 0 0 0.852741 0.945937 0 0 0 0 0 0 0.872392
-0.68912 1 0 0 0 0.903353 0 0 0 0 0 0 0 0.856935 0.940697 0 0 0 0 0 0 0.775285
-0.688087 1 0 0 0 0.90271 0 0 0 0 0 0 0 0.858493 0.938669 0 0 0 0 0 0 0.73271
-0.684244 1 0 0 0 0.900298 0 0 0 0 0 0 0 0.864217 0.930818 0 0 0 0 0 0 0.548694
-0.681976 1 0 0 0 0.898861 0 0 0 0 0 0 0 0.867539 0.925963 0 0 0 0 0 0 0.424406
-0.681398 1 0 0 0 0.898493 0 0 0 0 0 0 0 0.868379 0.9247 0 0 0 0 0 0 0.391262
-0.681311 1 0 0 0 0.898437 0 0 0 0 0 0 0 0.868505 0.924509 0 0 0 0 0 0 0.386221
-0.678734 1 0 0 0 0.896788 0 0 0 0 0 0 0 0.872216 0.918739 0 0 0 0 0 0 0.232474
-0.674651 1 0 0 0 0.894148 0 0 0 0 0 0 0 0.877988 0.90916 0 0 0 0 0 0 -0.0219356
-0.673541 1 0 0 0 0.893425 0 0 0 0 0 0 0 0.879534 0.906464 0 0 0 0 0 0 -0.0915441
-0.672006 1 0 0 0 0.89242 0 0 0 0 0 0 0 0.881656 0.90267 0 0 0 0 0 0 -0.187032
-0.671546 1 0 0 0 0.892118 0 0 0 0 0 0 0 0.882288 0.90152 0 0 0 0 0 0 -0.21531
-0.67047 1 0 0 0 0.89141 0 0 0 0 0 0 0 0.88376 0.898799 0 0 0 0 0 0 -0.280806
-0.668711 1 0 0 0 0.890248 0 0 0 0 0 0 0 0.886146 0.894274 0 0 0 0 0 0 -0.384943
-0.666653 1 0 0 0 0.88888 0 0 0 0 0 0 0 0.888907 0.888853 0 0 0 0 0 0 -0.500741
-0.660548 1 0 0 0 0.884772 0 0 0 0 0 0 0 0.896898 0.871973 0 0 0 0 0 0 -0.788314
-0.659646 1 0 0 0 0.884159 0 0 0 0 0 0 0 0.898053 0.869378 0 0 0 0 0 0 -0.821899
-0.659186 1 0 0 0 0.883846 0 0 0 0 0 0 0 0.898639 0.868046 0 0 0 0 0 0 -0.837994
-0.658994 1 0 0 0 0.883715 0 0 0 0 0 0 0 0.898883 0.867487 0 0 0 0 0 0 -0.844523
-0.657351 1 0 0 0 0.882592 0 0 0 0 0 0 0 0.900963 0.862659 0 0 0 0 0 0 -0.895215
-0.654757 1 0 0 0 0.880807 0 0 0 0 0 0 0 0.904201 0.854861 0 0 0 0 0 0 -0.955661
-0.654586 1 0 0 0 0.880689 0 0 0 0 0 0 0 0.904413 0.854338 0 0 0 0 0 0 -0.958775
-0.653287 1 0 0 0 0.87979 0 0 0 0 0 0 0 0.906013 0.850345 0 0 0 0 0 0 -0.978751
-0.650847 1 0 0 0 0.878092 0 0 0 0 0 0 0 0.908981 0.842698 0 0 0 0 0 0 -0.998585
-0.650625 1 0 0 0 0.877937 0 0 0 0 0 0 0 0.909248 0.841994 0 0 0 0 0 0 -0.999229
-0.644858 1 0 0 0 0.873874 0 0 0 0 0 0 0 0.916064 0.823124 0 0 0 0 0 0 -0.94827
-0.644326 1 0 0 0 0.873496 0 0 0 0 0 0 0 0.91668 0.821327 0 0 0 0 0 0 -0.937116
-0.638611 1 0 0 0 0.869398 0 0 0 0 0 0 0 0.923148 0.801479 0 0 0 0 0 0 -0.754692
-0.631967 1 0 0 0 0.864552 0 0 0 0 0 0 0 0.930339 0.777092 0 0 0 0 0 0 -0.423915
-0.630836 1 0 0 0 0.863718 0 0 0 0 0 0 0 0.931528 0.772798 0 0 0 0 0 0 -0.358508
-0.629805 1 0 0 0 0.862956 0 0 0 0 0 0 0 0.932603 0.76885 0 0 0 0 0 0 -0.297335
-0.627483 1 0 0 0 0.861231 0 0 0 0 0 0 0 0.934992 0.759833 0 0 0 0 0 0 -0.155381
-0.624486 1 0 0 0 0.858989 0 0 0 0 0 0 0 0.938013 0.747941 0 0 0 0 0 0 0.0322784
-0.624079 1 0 0 0 0.858683 0 0 0 0 0 0 0 0.938418 0.746302 0 0 0 0 0 0 0.0578483
-0.623706 1 0 0 0 0.858403 0 0 0 0 0 0 0 0.938787 0.744798 0 0 0 0 0 0 0.0812081
-0.620293 1 0 0 0 0.855822 0 0 0 0 0 0 0 0.942119 0.730816 0 0 0 0 0 0 0.291478
-0.619563 1 0 0 0 0.855267 0 0 0 0 0 0 0 0.942819 0.727777 0 0 0 0 0 0 0.33504
-0.619475 1 0 0 0 0.855201 0 0 0 0 0 0 0 0.942903 0.727413 0 0 0 0 0 0 0.340198
-0.619451 1 0 0 0 0.855182 0 0 0 0 0 0 0 0.942926 0.727311 0 0 0 0 0 0 0.341636
-0.614385 1 0 0 0 0.851301 0 0 0 0 0 0 0 0.947664 0.705737 0 0 0 0 0 0 0.618605
-0.610632 1 0 0 0 0.848392 0 0 0 0 0 0 0 0.951042 0.689225 0 0 0 0 0 0 0.785048
-0.607906 1 0 0 0 0.846262 0 0 0 0 0 0 0 0.953425 0.676948 0 0 0 0 0 0 0.879138
-0.607642 1 0 0 0 0.846055 0 0 0 0 0 0 0 0.953653 0.675746 0 0 0 0 0 0 0.886927
-0.607418 1 0 0 0 0.845879 0 0 0 0 0 0 0 0.953846 0.674725 0 0 0 0 0 0 0.89334
-0.600109 1 0 0 0 0.840087 0 0 0 0 0 0 0 0.959913 0.640523 0 0 0 0 0 0 0.999977
-0.594308 1 0 0 0 0.835414 0 0 0 0 0 0 0 0.964424 0.612159 0 0 0 0 0 0 0.936719
-0.59099 1 0 0 0 0.83271 0 0 0 0 0 0 0 0.966884 0.595451 0 0 0 0 0 0 0.843975
-0.590856 1 0 0 0 0.832601 0 0 0 0 0 0 0 0.966981 0.594771 0 0 0 0 0 0 0.839446
-0.588349 1 0 0 0 0.830543 0 0 0 0 0 0 0 0.968778 0.581902 0 0 0 0 0 0 0.743796
-0.587089 1 0 0 0 0.829505 0 0 0 0 0 0 0 0.969662 0.575362 0 0 0 0 0 0 0.68863
-0.585803 1 0 0 0 0.828441 0 0 0 0 0 0 0 0.970551 0.568629 0 0 0 0 0 0 0.627834
-0.585086 1 0 0 0 0.827846 0 0 0 0 0 0 0 0.971042 0.564854 0 0 0 0 0 0 0.592146
-0.577262 1 0 0 0 0.821292 0 0 0 0 0 0 0 0.976122 0.522584 0 0 0 0 0 0 0.141638
-0.577193 1 0 0 0 0.821234 0 0 0 0 0 0 0 0.976165 0.522202 0 0 0 0 0 0 0.137338
-0.576172 1 0 0 0 0.82037 0 0 0 0 0 0 0 0.976791 0.516543 0 0 0 0 0 0 0.0735881
-0.571545 1 0 0 0 0.816427 0 0 0 0 0 0 0 0.979525 0.490463 0 0 0 0 0 0 -0.215362
-0.570789 1 0 0 0 0.815778 0 0 0 0 0 0 0 0.979956 0.486134 0 0 0 0 0 0 -0.261513
-0.568921 1 0 0 0 0.814171 0 0 0 0 0 0 0 0.981 0.475366 0 0 0 0 0 0 -0.372735
-0.567341 1 0 0 0 0.812806 0 0 0 0 0 0 0 0.981861 0.466171 0 0 0 0 0 0 -0.462865
-0.564016 1 0 0 0 0.809918 0 0 0 0 0 0 0 0.983608 0.446556 0 0 0 0 0 0 -0.636671
-0.561443 1 0 0 0 0.807667 0 0 0 0 0 0 0 0.984899 0.431137 0 0 0 0 0 0 -0.752494
-0.55737 1 0 0 0 0.804079 0 0 0 0 0 0 0 0.986835 0.406301 0 0 0 0 0 0 -0.894677
-0.556074 1 0 0 0 0.802929 0 0 0 0 0 0 0 0.987423 0.398281 0 0 0 0 0 0 -0.928062
-0.554786 1 0 0 0 0.801784 0 0 0 0 0 0 0 0.987994 0.390263 0 0 0 0 0 0 -0.955127
-0.552161 1 0 0 0 0.79944 0 0 0 0 0 0 0 0.989117 0.373757 0 0 0 0 0 0 -0.990794
-0.550497 1 0 0 0 0.797947 0 0 0 0 0 0 0 0.9898 0.363175 0 0 0 0 0 0 -0.999513
-0.549226 1 0 0 0 0.796803 0 0 0 0 0 0 0 0.990307 0.355035 0 0 0 0 0 0 -0.998817
-0.54518 1 0 0 0 0.793139 0 0 0 0 0 0 0 0.991835 0.328781 0 0 0 0 0 0 -0.954493
-0.542916 1 0 0 0 0.791075 0 0 0 0 0 0 0 0.992633 0.313863 0 0 0 0 0 0 -0.90258
-0.539945 1 0 0 0 0.788349 0 0 0 0 0 0 0 0.993618 0.294027 0 0 0 0 0 0 -0.806965
-0.539796 1 0 0 0 0.788212 0 0 0 0 0 0 0 0.993665 0.293028 0 0 0 0 0 0 -0.801413
-0.535589 1 0 0 0 0.784322 0 0 0 0 0 0 0 0.994934 0.264444 0 0 0 0 0 0 -0.617294
-0.535546 1 0 0 0 0.784282 0 0 0 0 0 0 0 0.994946 0.264149 0 0 0 0 0 0 -0.615166
-0.534591 1 0 0 0 0.783394 0 0 0 0 0 0 0 0.995214 0.257583 0 0 0 0 0 0 -0.566803
-0.533402 1 0 0 0 0.782286 0 0 0 0 0 0 0 0.995537 0.249365 0 0 0 0 0 0 -0.503729
-0.529304 1 0 0 0 0.778445 0 0 0 0 0 0 0 0.996565 0.22069 0 0 0 0 0 0 -0.267127
-0.526947 1 0 0 0 0.776221 0 0 0 0 0 0 0 0.997095 0.203956 0 0 0 0 0 0 -0.122011
-0.525694 1 0 0 0 0.775034 0 0 0 0 0 0 0 0.997359 0.194988 0 0 0 0 0 0 -0.0435852
-0.525335 1 0 0 0 0.774693 0 0 0 0 0 0 0 0.997432 0.192413 0 0 0 0 0 0 -0.0210678
-0.524657 1 0 0 0 0.774049 0 0 0 0 0 0 0 0.997568 0.187526 0 0 0 0 0 0 0.0215673
-0.524242 1 0 0 0 0.773654 0 0 0 0 0 0 0 0.997649 0.184531 0 0 0 0 0 0 0.04763
-0.520896 1 0 0 0 0.770459 0 0 0 0 0 0 0 0.998253 0.160182 0 0 0 0 0 0 0.25501
-0.518777 1 0 0 0 0.768424 0 0 0 0 0 0 0 0.99859 0.144573 0 0 0 0 0 0 0.38113
-0.517365 1 0 0 0 0.767063 0 0 0 0 0 0 0 0.998794 0.134094 0 0 0 0 0 0 0.461545
-0.515777 1 0 0 0 0.765528 0 0 0 0 0 0 0 0.999004 0.122235 0 0 0 0 0 0 0.547589
-0.515466 1 0 0 0 0.765227 0 0 0 0 0 0 0 0.999043 0.1199 0 0 0 0 0 0 0.563852
-0.512678 1 0 0 0 0.762517 0 0 0 0 0 0 0 0.999357 0.0988525 0 0 0 0 0 0 0.699153
-0.510668 1 0 0 0 0.760554 0 0 0 0 0 0 0 0.999545 0.0835207 0 0 0 0 0 0 0.783653
-0.509669 1 0 0 0 0.759576 0 0 0 0 0 0 0 0.999626 0.0758578 0 0 0 0 0 0 0.821058
-0.508074 1 0 0 0 0.758009 0 0 0 0 0 0 0 0.999739 0.0635469 0 0 0 0 0 0 0.874066
-0.508073 1 0 0 0 0.758008 0 0 0 0 0 0 0 0.999739 0.0635406 0 0 0 0 0 0 0.87409
-0.506509 1 0 0 0 0.756467 0 0 0 0 0 0 0 0.999831 0.0513967 0 0 0 0 0 0 0.917522
-0.506448 1 0 0 0 0.756406 0 0 0 0 0 0 0 0.999834 0.0509154 0 0 0 0 0 0 0.919058
-0.505038 1 0 0 0 0.755013 0 0 0 0 0 0 0 0.999898 0.0398995 0 0 0 0 0 0 0.950312
-0.503429 1 0 0 0 0.753417 0 0 0 0 0 0 0 0.999953 0.0272417 0 0 0 0 0 0 0.976884
-0.503121 1 0 0 0 0.753111 0 0 0 0 0 0 0 0.999961 0.0248118 0 0 0 0 0 0 0.980835
-0.502422 1 0 0 0 0.752416 0 0 0 0 0 0 0 0.999977 0.0192816 0 0 0 0 0 0 0.988444
-0.499788 1 0 0 0 0.749788 0 0 0 0 0 0 0 1 0 0.00169757 0 0 0 0 0 0.999911
-0.488294 1 0 0 0 0.738157 0 0 0 0 0 0 0 0.999452 0 0.0914537 0 0 0 0 0 0.741499
-0.487674 1 0 0 0 0.737522 0 0 0 0 0 0 0 0.999392 0 0.0961771 0 0 0 0 0 0.714795
-0.484439 1 0 0 0 0.734197 0 0 0 0 0 0 0 0.999031 0 0.120613 0 0 0 0 0 0.558911
-0.482993 1 0 0 0 0.732704 0 0 0 0 0 0 0 0.998843 0 0.131426 0 0 0 0 0 0.481383
-0.480089 1 0 0 0 0.729693 0 0 0 0 0 0 0 0.998414 0 0.152942 0 0 0 0 0 0.314352
-0.479016 1 0 0 0 0.728575 0 0 0 0 0 0 0 0.998239 0 0.160829 0 0 0 0 0 0.249642
-0.478138 1 0 0 0 0.727661 0 0 0 0 0 0 0 0.998088 0 0.167245 0 0 0 0 0 0.19592
-0.475804 1 0 0 0 0.725219 0 0 0 0 0 0 0 0.997658 0 0.1842 0 0 0 0 0 0.0505071
-0.474318 1 0 0 0 0.723658 0 0 0 0 0 0 0 0.997362 0 0.194906 0 0 0 0 0 -0.0428607
-0.474035 1 0 0 0 0.723361 0 0 0 0 0 0 0 0.997303 0 0.196934 0 0 0 0 0 -0.0606014
-0.473844 1 0 0 0 0.72316 0 0 0 0 0 0 0 0.997264 0 0.198299 0 0 0 0 0 -0.0725462
-0.473758 1 0 0 0 0.723069 0 0 0 0 0 0 0 0.997245 0 0.19892 0 0 0 0 0 -0.0779784
-0.470944 1 0 0 0 0.7201 0 0 0 0 0 0 0 0.996623 0 0.218941 0 0 0 0 0 -0.252106
-0.469831 1 0 0 0 0.718921 0 0 0 0 0 0 0 0.996359 0 0.226789 0 0 0 0 0 -0.319097
-0.468884 1 0 0 0 0.717916 0 0 0 0 0 0 0 0.996127 0 0.233436 0 0 0 0 0 -0.374885
-0.466967 1 0 0 0 0.715875 0 0 0 0 0 0 0 0.995635 0 0.246807 0 0 0 0 0 -0.483588
-0.465733 1 0 0 0 0.714559 0 0 0 0 0 0 0 0.995303 0 0.255346 0 0 0 0 0 -0.5499
-0.465535 1 0 0 0 0.714348 0 0 0 0 0 0 0 0.995249 0 0.256712 0 0 0 0 0 -0.560241
-0.46104 1 0 0 0 0.709522 0 0 0 0 0 0 0 0.993928 0 0.287397 0 0 0 0 0 -0.768925
-0.459708 1 0 0 0 0.708084 0 0 0 0 0 0 0 0.993506 0 0.296364 0 0 0 0 0 -0.819679
-0.458457 1 0 0 0 0.706731 0 0 0 0 0 0 0 0.993097 0 0.304733 0 0 0 0 0 -0.862123
-0.456768 1 0 0 0 0.704899 0 0 0 0 0 0 0 0.992524 0 0.315955 0 0 0 0 0 -0.910948
-0.455078 1 0 0 0 0.70306 0 0 0 0 0 0 0 0.991928 0 0.32709 0 0 0 0 0 -0.949537
-0.454571 1 0 0 0 0.702507 0 0 0 0 0 0 0 0.991745 0 0.330411 0 0 0 0 0 -0.959038
-0.453734 1 0 0 0 0.701594 0 0 0 0 0 0 0 0.991438 0 0.335879 0 0 0 0 0 -0.972603
-0.44987 1 0 0 0 0.697357 0 0 0 0 0 0 0 0.989948 0 0.360832 0 0 0 0 0 -0.999967
-0.449456 1 0 0 0 0.696901 0 0 0 0 0 0 0 0.989781 0 0.363479 0 0 0 0 0 -0.999415
-0.448847 1 0 0 0 0.69623 0 0 0 0 0 0 0 0.989533 0 0.367361 0 0 0 0 0 -0.997375
-0.447686 1 0 0 0 0.694949 0 0 0 0 0 0 0 0.989053 0 0.374727 0 0 0 0 0 -0.989445
-0.445209 1 0 0 0 0.692207 0 0 0 0 0 0 0 0.987992 0 0.390294 0 0 0 0 0 -0.955036
-0.443953 1 0 0 0 0.690811 0 0 0 0 0 0 0 0.987435 0 0.398117 0 0 0 0 0 -0.928679
-0.443664 1 0 0 0 0.69049 0 0 0 0 0 0 0 0.987305 0 0.399908 0 0 0 0 0 -0.921799
-0.442398 1 0 0 0 0.68908 0 0 0 0 0 0 0 0.986728 0 0.40773 0 0 0 0 0 -0.888068
-0.441992 1 0 0 0 0.688627 0 0 0 0 0 0 0 0.98654 0 0.410228 0 0 0 0 0 -0.876051
-0.43933 1 0 0 0 0.685649 0 0 0 0 0 0 0 0.985276 0 0.426469 0 0 0 0 0 -0.783547
-0.436861 1 0 0 0 0.682875 0 0 0 0 0 0 0 0.984054 0 0.441326 0 0 0 0 0 -0.678162
-0.432697 1 0 0 0 0.678167 0 0 0 0 0 0 0 0.981881 0 0.46595 0 0 0 0 0 -0.46497
-0.43213 1 0 0 0 0.677524 0 0 0 0 0 0 0 0.981575 0 0.469257 0 0 0 0 0 -0.433174
-0.4321 1 0 0 0 0.67749 0 0 0 0 0 0 0 0.981558 0 0.469433 0 0 0 0 0 -0.431462
-0.431641 1 0 0 0 0.676968 0 0 0 0 0 0 0 0.981308 0 0.472105 0 0 0 0 0 -0.405256
-0.429971 1 0 0 0 0.675067 0 0 0 0 0 0 0 0.980384 0 0.481765 0 0 0 0 0 -0.307299
-0.429803 1 0 0 0 0.674875 0 0 0 0 0 0 0 0.980289 0 0.482737 0 0 0 0 0 -0.297192
-0.429698 1 0 0 0 0.674756 0 0 0 0 0 0 0 0.980231 0 0.483335 0 0 0 0 0 -0.290944
-0.428638 1 0 0 0 0.673546 0 0 0 0 0 0 0 0.97963 0 0.489413 0 0 0 0 0 -0.226623
-0.426594 1 0 0 0 0.671206 0 0 0 0 0 0 0 0.978446 0 0.501032 0 0 0 0 0 -0.100002
-0.425122 1 0 0 0 0.669515 0 0 0 0 0 0 0 0.977573 0 0.509319 0 0 0 0 0 -0.0076368
-0.424918 1 0 0 0 0.669281 0 0 0 0 0 0 0 0.977451 0 0.510459 0 0 0 0 0 0.00515667
-0.42274 1 0 0 0 0.666771 0 0 0 0 0 0 0 0.976123 0 0.522576 0 0 0 0 0 0.141543
-0.421604 1 0 0 0 0.665458 0 0 0 0 0 0 0 0.975416 0 0.528835 0 0 0 0 0 0.21178
-0.420707 1 0 0 0 0.66442 0 0 0 0 0 0 0 0.974851 0 0.533744 0 0 0 0 0 0.266459
-0.418668 1 0 0 0 0.662053 0 0 0 0 0 0 0 0.97354 0 0.544819 0 0 0 0 0 0.387451
-0.416427 1 0 0 0 0.659442 0 0 0 0 0 0 0 0.972062 0 0.556834 0 0 0 0 0 0.512998
-0.412536 1 0 0 0 0.654886 0 0 0 0 0 0 0 0.9694 0 0.577311 0 0 0 0 0 0.705492
-0.412139 1 0 0 0 0.654419 0 0 0 0 0 0 0 0.969121 0 0.579377 0 0 0 0 0 0.722981
-0.411742 1 0 0 0 0.653953 0 0 0 0 0 0 0 0.968842 0 0.581432 0 0 0 0 0 0.739965
-0.411582 1 0 0 0 0.653765 0 0 0 0 0 0 0 0.968729 0 0.582258 0 0 0 0 0 0.746678
-0.407616 1 0 0 0 0.649081 0 0 0 0 0 0 0 0.965861 0 0.602515 0 0 0 0 0 0.887672
-0.407302 1 0 0 0 0.648709 0 0 0 0 0 0 0 0.965628 0 0.604097 0 0 0 0 0 0.896582
-0.406577 1 0 0 0 0.647849 0 0 0 0 0 0 0 0.965089 0 0.607739 0 0 0 0 0 0.915825
-0.404008 1 0 0 0 0.644793 0 0 0 0 0 0 0 0.963142 0 0.620506 0 0 0 0 0 0.968462
-0.402284 1 0 0 0 0.642735 0 0 0 0 0 0 0 0.961806 0 0.628955 0 0 0 0 0 0.989724
-0.401072 1 0 0 0 0.641285 0 0 0 0 0 0 0 0.960853 0 0.634838 0 0 0 0 0 0.997734
-0.394775 1 0 0 0 0.633702 0 0 0 0 0 0 0 0.955711 0 0.664645 0 0 0 0 0 0.946587
-0.394013 1 0 0 0 0.63278 0 0 0 0 0 0 0 0.955067 0 0.668165 0 0 0 0 0 0.930073
-0.393264 1 0 0 0 0.631872 0 0 0 0 0 0 0 0.95443 0 0.671605 0 0 0 0 0 0.911776
-0.390144 1 0 0 0 0.628075 0 0 0 0 0 0 0 0.951726 0 0.685756 0 0 0 0 0 0.814288
-0.386436 1 0 0 0 0.623539 0 0 0 0 0 0 0 0.948413 0 0.702163 0 0 0 0 0 0.658293
-0.385128 1 0 0 0 0.621933 0 0 0 0 0 0 0 0.947218 0 0.707846 0 0 0 0 0 0.594285
-0.383812 1 0 0 0 0.620313 0 0 0 0 0 0 0 0.946002 0 0.713508 0 0 0 0 0 0.525837
-0.383096 1 0 0 0 0.61943 0 0 0 0 0 0 0 0.945334 0 0.716566 0 0 0 0 0 0.48705
-0.381163 1 0 0 0 0.617041 0 0 0 0 0 0 0 0.943512 0 0.724738 0 0 0 0 0 0.377654
-0.379605 1 0 0 0 0.61511 0 0 0 0 0 0 0 0.94202 0 0.73124 0 0 0 0 0 0.285336
-0.379093 1 0 0 0 0.614475 0 0 0 0 0 0 0 0.941526 0 0.733359 0 0 0 0 0 0.254355
-0.378378 1 0 0 0 0.613586 0 0 0 0 0 0 0 0.940833 0 0.736305 0 0 0 0 0 0.210667
-0.37571 1 0 0 0 0.610262 0 0 0 0 0 0 0 0.938208 0 0.74715 0 0 0 0 0 0.0446197
-0.375135 1 0 0 0 0.609544 0 0 0 0 0 0 0 0.937635 0 0.749459 0 0 0 0 0 0.00849142
-0.371102 1 0 0 0 0.604487 0 0 0 0 0 0 0 0.933541 0 0.76535 0 0 0 0 0 -0.242488
-0.369055 1 0 0 0 0.601908 0 0 0 0 0 0 0 0.931413 0 0.773216 0 0 0 0 0 -0.364936
-0.368022 1 0 0 0 0.600604 0 0 0 0 0 0 0 0.930327 0 0.777132 0 0 0 0 0 -0.424521
-0.367777 1 0 0 0 0.600294 0 0 0 0 0 0 0 0.930068 0 0.778058 0 0 0 0 0 -0.438421
-0.365558 1 0 0 0 0.597483 0 0 0 0 0 0 0 0.927701 0 0.786343 0 0 0 0 0 -0.559089
-0.365542 1 0 0 0 0.597463 0 0 0 0 0 0 0 0.927684 0 0.786402 0 0 0 0 0 -0.559917
-0.363932 1 0 0 0 0.595417 0 0 0 0 0 0 0 0.925941 0 0.792314 0 0 0 0 0 -0.640733
-0.359906 1 0 0 0 0.59028 0 0 0 0 0 0 0 0.921495 0 0.80673 0 0 0 0 0 -0.812464
-0.355372 1 0 0 0 0.584454 0 0 0 0 0 0 0 0.916331 0 0.822349 0 0 0 0 0 -0.943582
-0.353144 1 0 0 0 0.581577 0 0 0 0 0 0 0 0.913733 0 0.829782 0 0 0 0 0 -0.980557
-0.352553 1 0 0 0 0.580813 0 0 0 0 0 0 0 0.913038 0 0.831725 0 0 0 0 0 -0.98716
-0.348477 1 0 0 0 0.575518 0 0 0 0 0 0 0 0.908163 0 0.844836 0 0 0 0 0 -0.995427
-0.347912 1 0 0 0 0.574781 0 0 0 0 0 0 0 0.907477 0 0.846612 0 0 0 0 0 -0.991407
-0.347557 1 0 0 0 0.574318 0 0 0 0 0 0 0 0.907044 0 0.847723 0 0 0 0 0 -0.988238
-0.345285 1 0 0 0 0.571348 0 0 0 0 0 0 0 0.904253 0 0.854733 0 0 0 0 0 -0.956436
-0.344639 1 0 0 0 0.570502 0 0 0 0 0 0 0 0.903452 0 0.856695 0 0 0 0 0 -0.943803
-0.340434 1 0 0 0 0.564973 0 0 0 0 0 0 0 0.898155 0 0.869147 0 0 0 0 0 -0.824749
-0.336029 1 0 0 0 0.559143 0 0 0 0 0 0 0 0.892455 0 0.881583 0 0 0 0 0 -0.638846
-0.332696 1 0 0 0 0.554705 0 0 0 0 0 0 0 0.888037 0 0.890583 0 0 0 0 0 -0.464912
-0.332557 1 0 0 0 0.554519 0 0 0 0 0 0 0 0.887851 0 0.89095 0 0 0 0 0 -0.457159
-0.33247 1 0 0 0 0.554404 0 0 0 0 0 0 0 0.887735 0 0.891179 0 0 0 0 0 -0.452315
-0.332146 1 0 0 0 0.553971 0 0 0 0 0 0 0 0.8873 0 0.892033 0 0 0 0 0 -0.434053
-0.332067 1 0 0 0 0.553866 0 0 0 0 0 0 0 0.887195 0 0.892239 0 0 0 0 0 -0.429609
-0.330598 1 0 0 0 0.551901 0 0 0 0 0 0 0 0.885212 0 0.896064 0 0 0 0 0 -0.344517
-0.330057 1 0 0 0 0.551177 0 0 0 0 0 0 0 0.884478 0 0.897454 0 0 0 0 0 -0.312427
-0.328576 1 0 0 0 0.549189 0 0 0 0 0 0 0 0.882455 0 0.901214 0 0 0 0 0 -0.222773
-0.328493 1 0 0 0 0.549078 0 0 0 0 0 0 0 0.882341 0 0.901422 0 0 0 0 0 -0.217694
-0.324999 1 0 0 0 0.544374 0 0 0 0 0 0 0 0.877499 0 0.910002 0 0 0 0 0 5.39605e-05
-0.322435 1 0 0 0 0.540906 0 0 0 0 0 0 0 0.873883 0 0.91605 0 0 0 0 0 0.160447
-0.322285 1 0 0 0 0.540702 0 0 0 0 0 0 0 0.87367 0 0.916398 0 0 0 0 0 0.169761
-0.321862 1 0 0 0 0.540129 0 0 0 0 0 0 0 0.873067 0 0.917374 0 0 0 0 0 0.195892
-0.321239 1 0 0 0 0.539283 0 0 0 0 0 0 0 0.872178 0 0.918801 0 0 0 0 0 0.234134
-0.319509 1 0 0 0 0.536932 0 0 0 0 0 0 0 0.869692 0 0.922695 0 0 0 0 0 0.338189
-0.31902 1 0 0 0 0.536267 0 0 0 0 0 0 0 0.868985 0 0.923779 0 0 0 0 0 0.366934
-0.317881 1 0 0 0 0.534714 0 0 0 0 0 0 0 0.867331 0 0.926274 0 0 0 0 0 0.432518
-0.317362 1 0 0 0 0.534006 0 0 0 0 0 0 0 0.866574 0 0.927397 0 0 0 0 0 0.461678
-0.312489 1 0 0 0 0.527329 0 0 0 0 0 0 0 0.859359 0 0.937522 0 0 0 0 0 0.707588
-0.311679 1 0 0 0 0.526215 0 0 0 0 0 0 0 0.858141 0 0.93913 0 0 0 0 0 0.742608
-0.310664 1 0 0 0 0.524816 0 0 0 0 0 0 0 0.856608 0 0.941118 0 0 0 0 0 0.783787
-0.310583 1 0 0 0 0.524704 0 0 0 0 0 0 0 0.856485 0 0.941275 0 0 0 0 0 0.786945
-0.309081 1 0 0 0 0.52263 0 0 0 0 0 0 0 0.854199 0 0.944152 0 0 0 0 0 0.841604
-0.304829 1 0 0 0 0.516737 0 0 0 0 0 0 0 0.847633 0 0.951901 0 0 0 0 0 0.954326
-0.304611 1 0 0 0 0.516434 0 0 0 0 0 0 0 0.847293 0 0.952282 0 0 0 0 0 0.958323
-0.301098 1 0 0 0 0.511535 0 0 0 0 0 0 0 0.841751 0 0.958225 0 0 0 0 0 0.997623
-0.299319 1 0 0 0 0.509046 0 0 0 0 0 0 0 0.838908 0 0.961083 0 0 0 0 0 0.999084
-0.297794 1 0 0 0 0.506907 0 0 0 0 0 0 0 0.836451 0 0.963451 0 0 0 0 0 0.990411
-0.295609 1 0 0 0 0.503833 0 0 0 0 0 0 0 0.832897 0 0.966718 0 0 0 0 0 0.962174
-0.293826 1 0 0 0 0.501318 0 0 0 0 0 0 0 0.829969 0 0.969268 0 0 0 0 0 0.925699
-0.293419 1 0 0 0 0.500743 0 0 0 0 0 0 0 0.829297 0 0.969837 0 0 0 0 0 0.915717
-0.29329 1 0 0 0 0.500562 0 0 0 0 0 0 0 0.829085 0 0.970015 0 0 0 0 0 0.912447
-0.292979 1 0 0 0 0.500122 0 0 0 0 0 0 0 0.82857 0 0.970444 0 0 0 0 0 0.904276
-0.292763 1 0 0 0 0.499816 0 0 0 0 0 0 0 0.828211 0 0.970741 0 0 0 0 0 0.898383
-0.285111 1 0 0 0 0.488934 0 0 0 0 0 0 0 0.815291 0 0.980275 0 0 0 0 0 0.593421
-0.284382 1 0 0 0 0.487891 0 0 0 0 0 0 0 0.814035 0 0.981086 0 0 0 0 0 0.555927
-0.282859 1 0 0 0 0.485708 0 0 0 0 0 0 0 0.811398 0 0.982725 0 0 0 0 0 0.473951
-0.282814 1 0 0 0 0.485644 0 0 0 0 0 0 0 0.811321 0 0.982772 0 0 0 0 0 0.471474
-0.279194 1 0 0 0 0.480439 0 0 0 0 0 0 0 0.804979 0 0.986363 0 0 0 0 0 0.260474
-0.274162 1 0 0 0 0.47316 0 0 0 0 0 0 0 0.795989 0 0.990659 0 0 0 0 0 -0.0526048
-0.273397 1 0 0 0 0.472048 0 0 0 0 0 0 0 0.794604 0 0.991241 0 0 0 0 0 -0.100556
-0.273312 1 0 0 0 0.471925 0 0 0 0 0 0 0 0.79445 0 0.991305 0 0 0 0 0 -0.10586
-0.272927 1 0 0 0 0.471365 0 0 0 0 0 0 0 0.793752 0 0.99159 0 0 0 0 0 -0.129874
-0.272566 1 0 0 0 0.47084 0 0 0 0 0 0 0 0.793095 0 0.991852 0 0 0 0 0 -0.152328
-0.268934 1 0 0 0 0.465542 0 0 0 0 0 0 0 0.786434 0 0.994264 0 0 0 0 0 -0.37199
-0.267592 1 0 0 0 0.463579 0 0 0 0 0 0 0 0.783946 0 0.995048 0 0 0 0 0 -0.448827
-0.267482 1 0 0 0 0.463417 0 0 0 0 0 0 0 0.783742 0 0.99511 0 0 0 0 0 -0.454995
-0.263612 1 0 0 0 0.457733 0 0 0 0 0 0 0 0.776483 0 0.997035 0 0 0 0 0 -0.656018
-0.26303 1 0 0 0 0.456875 0 0 0 0 0 0 0 0.775381 0 0.997284 0 0 0 0 0 -0.683177
-0.258488 1 0 0 0 0.450161 0 0 0 0 0 0 0 0.766689 0 0.998847 0 0 0 0 0 -0.861111
-0.257302 1 0 0 0 0.4484 0 0 0 0 0 0 0 0.764391 0 0.999147 0 0 0 0 0 -0.896575
-0.255311 1 0 0 0 0.445438 0 0 0 0 0 0 0 0.760509 0 0.999549 0 0 0 0 0 -0.944838
-0.253252 1 0 0 0 0.442367 0 0 0 0 0 0 0 0.756461 0 0.999831 0 0 0 0 0 -0.979201
-0.253209 1 0 0 0 0.442304 0 0 0 0 0 0 0 0.756378 0 0.999835 0 0 0 0 0 -0.979736
-0.251681 1 0 0 0 0.440019 0 0 0 0 0 0 0 0.753351 0 0.999955 0 0 0 0 0 -0.994426
-0.251169 1 0 0 0 0.439252 0 0 0 0 0 0 0 0.752332 0 0.999978 0 0 0 0 0 -0.997306
-0.245268 1 0 0 0 0.430379 0 0 0 0 0 0 0 0.740445 0 0.999642 0.0742862 0 0 0 0.145706 -0.956116
-0.239876 1 0 0 0 0.422212 0 0 0 0 0 0 0 0.729343 0 0.99836 0.155418 0 0 0 0.297717 -0.80443
-0.23889 1 0 0 0 0.420711 0 0 0 0 0 0 0 0.727286 0 0.998025 0.169864 0 0 0 0.323928 -0.766079
-0.238038 1 0 0 0 0.419413 0 0 0 0 0 0 0 0.725503 0 0.99771 0.182239 0 0 0 0.346162 -0.730586
-0.237242 1 0 0 0 0.4182 0 0 0 0 0 0 0 0.723833 0 0.997396 0.193709 0 0 0 0.366585 -0.695557
-0.229197 1 0 0 0 0.405863 0 0 0 0 0 0 0 0.706663 0 0.993076 0.305153 0 0 0 0.554911 -0.260651
-0.229191 1 0 0 0 0.405854 0 0 0 0 0 0 0 0.706651 0 0.993072 0.305226 0 0 0 0.555028 -0.260318
-0.229172 1 0 0 0 0.405824 0 0 0 0 0 0 0 0.706608 0 0.993059 0.305487 0 0 0 0.555445 -0.259133
-0.226435 1 0 0 0 0.401597 0 0 0 0 0 0 0 0.700649 0 0.991115 0.341501 0 0 0 0.611922 -0.0900388
-0.226283 1 0 0 0 0.401362 0 0 0 0 0 0 0 0.700316 0 0.991 0.343471 0 0 0 0.614944 -0.0805303
-0.22598 1 0 0 0 0.400893 0 0 0 0 0 0 0 0.699651 0 0.990768 0.347399 0 0 0 0.620945 -0.0615159
-0.220389 1 0 0 0 0.392207 0 0 0 0 0 0 0 0.687272 0 0.985971 0.417655 0 0 0 0.723082 0.285657
-0.220027 1 0 0 0 0.391643 0 0 0 0 0 0 0 0.686461 0 0.985626 0.422068 0 0 0 0.729145 0.307385
-0.218126 1 0 0 0 0.388673 0 0 0 0 0 0 0 0.682188 0 0.983745 0.444962 0 0 0 0.759882 0.418595
-0.214828 1 0 0 0 0.383504 0 0 0 0 0 0 0 0.674707 0 0.980206 0.483584 0 0 0 0.80882 0.596514
-0.214667 1 0 0 0 0.383252 0 0 0 0 0 0 0 0.674341 0 0.980025 0.485427 0 0 0 0.811058 0.604573
-0.212098 1 0 0 0 0.37921 0 0 0 0 0 0 0 0.66845 0 0.977015 0.514492 0 0 0 0.845104 0.72474
-0.211699 1 0 0 0 0.378582 0 0 0 0 0 0 0 0.66753 0 0.976529 0.518929 0 0 0 0.850087 0.741778
-0.210719 1 0 0 0 0.377036 0 0 0 0 0 0 0 0.665267 0 0.975312 0.529741 0 0 0 0.861981 0.781634
-0.210208 1 0 0 0 0.376229 0 0 0 0 0 0 0 0.664083 0 0.974666 0.53533 0 0 0 0.867988 0.801252
-0.208705 1 0 0 0 0.373851 0 0 0 0 0 0 0 0.660588 0 0.972715 0.551588 0 0 0 0.884894 0.85413
-0.207311 1 0 0 0 0.371644 0 0 0 0 0 0 0 0.657333 0 0.970843 0.566392 0 0 0 0.899524 0.89633
-0.199813 1 0 0 0 0.359701 0 0 0 0 0 0 0 0.639551 0 0.9597 0.641794 0 0 0 0.961189 0.999931
-0.196156 1 0 0 0 0.353834 0 0 0 0 0 0 0 0.630714 0 0.953612 0.67596 0 0 0 0.980821 0.970968
-0.192313 1 0 0 0 0.347642 0 0 0 0 0 0 0 0.621315 0 0.946755 0.710014 0 0 0 0.99407 0.88561
-0.190282 1 0 0 0 0.344356 0 0 0 0 0 0 0 0.616298 0 0.94294 0.727251 0 0 0 0.998019 0.819295
-0.187797 1 0 0 0 0.340327 0 0 0 0 0 0 0 0.610118 0 0.938094 0.747615 0 0 0 0.999977 0.720198
-0.185894 1 0 0 0 0.337231 0 0 0 0 0 0 0 0.605349 0 0.934246 0.762686 0 0 0 0.999339 0.63226
-0.181768 1 0 0 0 0.330496 0 0 0 0 0 0 0 0.594913 0 0.925509 0.793756 0 0 0 0.991588 0.412523
-0.176476 1 0 0 0 0.321808 0 0 0 0 0 0 0 0.581329 0 0.913508 0.830414 0 0 0 0.968889 0.09261
-0.171357 1 0 0 0 0.313351 0 0 0 0 0 0 0 0.567975 0 0.901044 0.862466 0 0 0 0.933287 -0.226909
-0.17055 1 0 0 0 0.312012 0 0 0 0 0 0 0 0.56585 0 0.899002 0.867215 0 0 0 0.926447 -0.275997
-0.169948 1 0 0 0 0.311013 0 0 0 0 0 0 0 0.564262 0 0.897466 0.870701 0 0 0 0.92113 -0.312143
-0.165593 1 0 0 0 0.303765 0 0 0 0 0 0 0 0.552689 0 0.886008 0.89454 0 0 0 0.877145 -0.557225
-0.159795 1 0 0 0 0.294056 0 0 0 0 0 0 0 0.537043 0 0.86981 0.922515 0 0 0 0.803506 -0.816512
-0.158885 1 0 0 0 0.292525 0 0 0 0 0 0 0 0.534561 0 0.867168 0.926517 0 0 0 0.790378 -0.848188
-0.157231 1 0 0 0 0.28974 0 0 0 0 0 0 0 0.530037 0 0.862302 0.933515 0 0 0 0.765446 -0.898559
-0.156257 1 0 0 0 0.288097 0 0 0 0 0 0 0 0.527362 0 0.859395 0.937473 0 0 0 0.750107 -0.923718
-0.154335 1 0 0 0 0.284851 0 0 0 0 0 0 0 0.522063 0 0.853571 0.944925 0 0 0 0.718421 -0.963134
-0.152346 1 0 0 0 0.281483 0 0 0 0 0 0 0 0.516547 0 0.847419 0.95214 0 0 0 0.683636 -0.989155
-0.148779 1 0 0 0 0.275423 0 0 0 0 0 0 0 0.506575 0 0.836069 0.963812 0 0 0 0.616175 -0.997059
-0.142486 1 0 0 0 0.26467 0 0 0 0 0 0 0 0.488735 0 0.815052 0.980431 0 0 0 0.481279 -0.890609
-0.140192 1 0 0 0 0.260729 0 0 0 0 0 0 0 0.482152 0 0.807074 0.98523 0 0 0 0.42705 -0.816034
-0.140113 1 0 0 0 0.260594 0 0 0 0 0 0 0 0.481925 0 0.806797 0.985383 0 0 0 0.42514 -0.813162
-0.138821 1 0 0 0 0.25837 0 0 0 0 0 0 0 0.478198 0 0.802226 0.987776 0 0 0 0.393359 -0.763277
-0.129856 1 0 0 0 0.242849 0 0 0 0 0 0 0 0.451973 0 0.769046 0.998491 0 0 0 0.149348 -0.300384
-0.129298 1 0 0 0 0.241878 0 0 0 0 0 0 0 0.45032 0 0.766897 0.998818 0 0 0 0.13281 -0.266787
-0.128824 1 0 0 0 0.241052 0 0 0 0 0 0 0 0.448912 0 0.76506 0.999064 0 0 0 0.118611 -0.237937
-0.126771 1 0 0 0 0.237472 0 0 0 0 0 0 0 0.442802 0 0.757036 0.999799 0 0 0 0.0558839 -0.111075
-0.121352 1 0 0 0 0.227978 0 0 0 0 0 0 0 0.426504 0 0.735197 0.999148 0 0.113318 0.219823 0 0.227185
-0.117466 1 0 0 0 0.221134 0 0 0 0 0 0 0 0.414671 0 0.718956 0.996367 0 0.226557 0.424052 0 0.455892
-0.117318 1 0 0 0 0.220872 0 0 0 0 0 0 0 0.414218 0 0.718328 0.996223 0 0.230717 0.431219 0 0.464151
-0.114194 1 0 0 0 0.215347 0 0 0 0 0 0 0 0.404614 0 0.704906 0.992526 0 0.31591 0.572029 0 0.628004
-0.113555 1 0 0 0 0.214216 0 0 0 0 0 0 0 0.402642 0 0.702126 0.991617 0 0.332697 0.598333 0 0.658698
-0.112829 1 0 0 0 0.212927 0 0 0 0 0 0 0 0.400393 0 0.698944 0.990519 0 0.35156 0.627271 0 0.692358
-0.111887 1 0 0 0 0.211255 0 0 0 0 0 0 0 0.397472 0 0.694795 0.988994 0 0.375607 0.663169 0 0.733827
-0.110188 1 0 0 0 0.208234 0 0 0 0 0 0 0 0.392185 0 0.68724 0.985958 0 0.41783 0.723323 0 0.802035
-0.109197 1 0 0 0 0.20647 0 0 0 0 0 0 0 0.389092 0 0.682792 0.984017 0 0.441767 0.755668 0 0.837636
-0.105196 1 0 0 0 0.199326 0 0 0 0 0 0 0 0.37652 0 0.66451 0.9749 0 0.53332 0.865839 0 0.947174
-0.104093 1 0 0 0 0.19735 0 0 0 0 0 0 0 0.37303 0 0.659377 0.972025 0 0.55713 0.890459 0 0.967117
-0.103088 1 0 0 0 0.19555 0 0 0 0 0 0 0 0.369845 0 0.654672 0.969273 0 0.57826 0.9107 0 0.981231
-0.101364 1 0 0 0 0.192454 0 0 0 0 0 0 0 0.364358 0 0.646519 0.964247 0 0.613328 0.94063 0 0.996328
-0.0790691 1 0 0 0 0.151886 0 0 0 0 0 0 0 0.291269 0 0.532522 0.864982 0 0.929719 0.779297 0 0.25289
-0.0785826 1 0 0 0 0.15099 0 0 0 0 0 0 0 0.289629 0 0.529857 0.862107 0 0.933786 0.764428 0 0.223204
-0.0774553 1 0 0 0 0.148911 0 0 0 0 0 0 0 0.285824 0 0.523653 0.855328 0 0.942743 0.728111 0 0.153661
-0.0769394 1 0 0 0 0.147959 0 0 0 0 0 0 0 0.284079 0 0.5208 0.852171 0 0.946625 0.710621 0 0.121554
-0.0730783 1 0 0 0 0.140816 0 0 0 0 0 0 0 0.270952 0 0.49918 0.827465 0 0.971353 0.562427 0 -0.120448
-0.0717712 1 0 0 0 0.138391 0 0 0 0 0 0 0 0.266481 0 0.491752 0.818669 0 0.977995 0.50534 0 -0.201481
-0.0712917 1 0 0 0 0.137501 0 0 0 0 0 0 0 0.264837 0 0.489013 0.815387 0 0.980213 0.483519 0 -0.230898
-0.0711836 1 0 0 0 0.1373 0 0 0 0 0 0 0 0.264466 0 0.488395 0.814643 0 0.980696 0.478535 0 -0.237501
-0.0646954 1 0 0 0 0.125205 0 0 0 0 0 0 0 0.24204 0 0.450595 0.767255 0 0.998766 0.135572 0 -0.603158
-0.0632294 1 0 0 0 0.122461 0 0 0 0 0 0 0 0.236926 0 0.441868 0.755801 0 0.999864 0.0461394 0 -0.673967
-0.0626367 1 0 0 0 0.12135 0 0 0 0 0 0 0 0.234853 0 0.43832 0.751092 0 0.999995 0.00872783 0 -0.701009
-0.0596074 1 0 0 0 0.115662 0 0 0 0 0 0 0 0.224217 0 0.420011 0.726324 0 0.997858 0 0 -0.823268
-0.0593667 1 0 0 0 0.115209 0 0 0 0 0 0 0 0.223369 0 0.418543 0.724306 0 0.997487 0 0 -0.831758
-0.0556715 1 0 0 0 0.108244 0 0 0 0 0 0 0 0.210289 0 0.395783 0.692388 0 0.988063 0 0 -0.937176
-0.0549732 1 0 0 0 0.106924 0 0 0 0 0 0 0 0.207804 0 0.391433 0.68616 0 0.985497 0 0 -0.951576
-0.0499317 1 0 0 0 0.0973702 0 0 0 0 0 0 0 0.189754 0 0.359563 0.639344 0 0.959562 0 0 -0.999991
-0.0495933 1 0 0 0 0.0967272 0 0 0 0 0 0 0 0.188535 0 0.357395 0.636085 0 0.957355 0 0 -0.999674
-0.049364 1 0 0 0 0.0962913 0 0 0 0 0 0 0 0.187709 0 0.355923 0.633869 0 0.955826 0 0 -0.999202
-0.0476243 1 0 0 0 0.0929806 0 0 0 0 0 0 0 0.181425 0 0.344705 0.616832 0 0.943351 0 0 -0.98888
-0.0467799 1 0 0 0 0.0913714 0 0 0 0 0 0 0 0.178366 0 0.339225 0.608423 0 0.936737 0 0 -0.979602
-0.0467493 1 0 0 0 0.0913131 0 0 0 0 0 0 0 0.178255 0 0.339026 0.608117 0 0.93649 0 0 -0.979214
-0.0463452 1 0 0 0 0.0905425 0 0 0 0 0 0 0 0.176789 0 0.336396 0.604059 0 0.93319 0 0 -0.973749
-0.0450771 1 0 0 0 0.0881223 0 0 0 0 0 0 0 0.172181 0 0.328106 0.59119 0 0.92229 0 0 -0.952543
-0.0435418 1 0 0 0 0.0851878 0 0 0 0 0 0 0 0.166584 0 0.318 0.575332 0 0.907991 0 0 -0.918795
-0.0432854 1 0 0 0 0.0846972 0 0 0 0 0 0 0 0.165647 0 0.316305 0.572654 0 0.905485 0 0 -0.912316
-0.0410106 1 0 0 0 0.0803393 0 0 0 0 0 0 0 0.157315 0 0.301175 0.54853 0 0.881781 0 0 -0.844684
-0.0407316 1 0 0 0 0.0798041 0 0 0 0 0 0 0 0.15629 0 0.299308 0.545526 0 0.878691 0 0 -0.835172
-0.0310082 1 0 0 0 0.061055 0 0 0 0 0 0 0 0.120187 0 0.232682 0.434595 0 0.746117 0 0 -0.368606
-0.0283873 1 0 0 0 0.0559688 0 0 0 0 0 0 0 0.110326 0 0.214205 0.402623 0 0.702099 0 0 -0.211229
-0.0265648 1 0 0 0 0.052424 0 0 0 0 0 0 0 0.103437 0 0.201228 0.379873 0 0.669418 0 0 -0.0981626
-0.0259433 1 0 0 0 0.0512135 0 0 0 0 0 0 0 0.101081 0 0.196778 0.372017 0 0.657884 0 0 -0.0592345
-0.0256521 1 0 0 0 0.0506462 0 0 0 0 0 0 0 0.0999763 0 0.194688 0.36832 0 0.652411 0 0 -0.0409611
-0.022099 1 0 0 0 0.0437097 0 0 0 0 0 0 0 0.0864427 0 0.168978 0.322329 0 0.582147 0 0 0.181265
-0.0202825 1 0 0 0 0.0401535 0 0 0 0 0 0 0 0.0794843 0 0.155678 0.298191 0 0.543726 0 0 0.29209
-0.0197777 1 0 0 0 0.0391642 0 0 0 0 0 0 0 0.0775461 0 0.151963 0.291409 0 0.53275 0 0 0.322272
-0.0196583 1 0 0 0 0.0389302 0 0 0 0 0 0 0 0.0770874 0 0.151083 0.2898 0 0.530135 0 0 0.329363
-0.0165569 1 0 0 0 0.0328397 0 0 0 0 0 0 0 0.0651311 0 0.128069 0.247366 0 0.459643 0 0 0.50596
-0.0149915 1 0 0 0 0.0297582 0 0 0 0 0 0 0 0.0590668 0 0.116336 0.22548 0 0.422192 0 0 0.58822
-0.0131574 1 0 0 0 0.0261417 0 0 0 0 0 0 0 0.0519373 0 0.10249 0.199439 0 0.37672 0 0 0.677303
-0.0114735 1 0 0 0 0.0228153 0 0 0 0 0 0 0 0.0453674 0 0.0896816 0.175151 0 0.333452 0 0 0.751212
-0.00935981 1 0 0 0 0.018632 0 0 0 0 0 0 0 0.0370888 0 0.0734768 0.14415 0 0.277087 0 0 0.831999
-0.00809142 1 0 0 0 0.0161174 0 0 0 0 0 0 0 0.0321038 0 0.0636838 0.125273 0 0.242165 0 0 0.873525
-0.00676062 1 0 0 0 0.0134755 0 0 0 0 0 0 0 0.0268597 0 0.0533537 0.105245 0 0.204639 0 0 0.911128
-0.00600148 1 0 0 0 0.011967 0 0 0 0 0 0 0 0.0238619 0 0.0474356 0.0937186 0 0.182827 0 0 0.929742
-0.00442967 1 0 0 0 0.00883971 0 0 0 0 0 0 0 0.0176402 0 0.0351234 0.0696189 0 0.136726 0 0 0.961517
-0.00390691 1 0 0 0 0.00779855 0 0 0 0 0 0 0 0.0155666 0 0.031011 0.0615336 0 0.121113 0 0 0.970021
-0.00258968 1 0 0 0 0.00517266 0 0 0 0 0 0 0 0.0103319 0 0.0206102 0.0410057 0 0.081153 0 0 0.986791
-0.00201075 1 0 0 0 0.00401745 0 0 0 0 0 0 0 0.00802681 0 0.0160213 0.0319132 0 0.0633088 0 0 0.99203
-0.00122643 1 0 0 0 0.00245136 0 0 0 0 0 0 0 0.0048997 0 0.00978738 0.0195266 0 0.0388607 0 0 0.997032
0.0157749 1 0.0313009 0.0621041 0 0 0.122217 0 0 0 0.236472 0 0 0 0 0 0 0 0 0 0 0.998772
0.017658 1 0.0350041 0.0693846 0 0 0.136275 0 0 0 0.262572 0 0 0 0 0 0 0 0 0 0 0.998462
0.017939 1 0.0355563 0.0704689 0 0 0.138363 0 0 0 0.266429 0 0 0 0 0 0 0 0 0 0 0.998412
0.0186253 1 0.0369037 0.0731136 0 0 0.143452 0 0 0 0.275803 0 0 0 0 0 0 0 0 0 0 0.998289
0.0196744 1 0.0389616 0.0771491 0 0 0.151202 0 0 0 0.290017 0 0 0 0 0 0 0 0 0 0 0.99809
0.0201578 1 0.0399093 0.0790059 0 0 0.154761 0 0 0 0.29652 0 0 0 0 0 0 0 0 0 0 0.997995
0.0226297 1 0.0447472 0.0884702 0 0 0.172844 0 0 0 0.3293 0 0 0 0 0 0 0 0 0 0 0.997474
0.0234321 1 0.0463151 0.091532 0 0 0.178671 0 0 0 0.339773 0 0 0 0 0 0 0 0 0 0 0.997292
0.0243152 1 0.0480393 0.094896 0 0 0.185062 0 0 0 0.351205 0 0 0 0 0 0 0 0 0 0 0.997084
0.0247504 1 0.0488882 0.0965512 0 0 0.188202 0 0 0 0.356801 0 0 0 0 0 0 0 0 0 0 0.996979
0.0279553 1 0.0551291 0.108695 0 0 0.211139 0 0 0 0.397269 0 0 0 0 0 0 0 0 0 0 0.996146
0.0306347 1 0.0603309 0.118785 0 0 0.230062 0 0 0 0.430092 0 0 0 0 0 0 0 0 0 0 0.995372
0.0326778 1 0.0642877 0.12644 0 0 0.244337 0 0 0 0.454503 0 0 0 0 0 0 0 0 0 0 0.994735
0.0338208 1 0.0664977 0.130708 0 0 0.252265 0 0 0 0.467926 0 0 0 0 0 0 0 0 0 0 0.994361
0.0359181 1 0.0705461 0.138512 0 0 0.266703 0 0 0 0.492123 0 0 0 0 0 0 0 0 0 0 0.99364
0.0366539 1 0.0719642 0.141241 0 0 0.271735 0 0 0 0.500477 0 0 0 0 0 0 0 0 0 0 0.993377
0.0380422 1 0.0746371 0.14638 0 0 0.281182 0 0 0 0.516053 0 0 0 0 0 0 0 0 0 0 0.992867
0.0411353 1 0.0805785 0.157773 0 0 0.302009 0 0 0 0.54987 0 0 0 0 0 0 0 0 0 0 0.991661
0.0433976 1 0.0849119 0.166057 0 0 0.317047 0 0 0 0.573827 0 0 0 0 0 0 0 0 0 0 0.99072
0.0439894 1 0.0860438 0.168217 0 0 0.320954 0 0 0 0.579986 0 0 0 0 0 0 0 0 0 0 0.990466
0.0440832 1 0.086223 0.168559 0 0 0.321572 0 0 0 0.580958 0 0 0 0 0 0 0 0 0 0 0.990425
0.0441287 1 0.0863101 0.168725 0 0 0.321872 0 0 0 0.581429 0 0 0 0 0 0 0 0 0 0 0.990406
0.0463582 1 0.0905672 0.176836 0 0 0.33648 0 0 0 0.604189 0 0 0 0 0 0 0 0 0 0 0.989413
0.0505538 1 0.0985518 0.191992 0 0 0.363539 0 0 0 0.645296 0 0 0 0 0 0 0 0 0 0 0.987415
0.0529702 1 0.103135 0.200658 0 0 0.378868 0 0 0 0.66795 0 0 0 0 0 0 0 0 0 0 0.986186
0.054725 1 0.106455 0.206921 0 0 0.389883 0 0 0 0.683931 0 0 0 0 0 0 0 0 0 0 0.985257
0.0551654 1 0.107288 0.208489 0 0 0.392632 0 0 0 0.687881 0 0 0 0 0 0 0 0 0 0 0.98502
0.0572222 1 0.11117 0.215791 0 0 0.405388 0 0 0 0.705995 0 0 0 0 0 0 0 0 0 0 0.983885
0.0585684 1 0.113706 0.220552 0 0 0.413663 0 0 0 0.717558 0 0 0 0 0 0 0 0 0 0 0.98312
0.0586335 1 0.113829 0.220782 0 0 0.414062 0 0 0 0.718111 0 0 0 0 0 0 0 0 0 0 0.983083
0.0607939 1 0.117892 0.228392 0 0 0.427217 0 0 0 0.736165 0 0 0 0 0 0 0 0 0 0 0.981817
0.0612189 1 0.11869 0.229885 0 0 0.429787 0 0 0 0.739646 0 0 0 0 0 0 0 0 0 0 0.981562
0.0635366 1 0.123036 0.237999 0 0 0.443702 0 0 0 0.758224 0 0 0 0 0 0 0 0 0 0 0.980145
0.0656319 1 0.126956 0.245297 0 0 0.456135 0 0 0 0.774428 0 0 0 0 0 0 0 0 0 0 0.978818
0.0702385 1 0.135544 0.26122 0 0 0.482973 0 0 0 0.808075 0 0 0 0 0 0 0 0 0 0 0.975753
0.0710278 1 0.137011 0.263932 0 0 0.487503 0 0 0 0.813568 0 0 0 0 0 0 0 0 0 0 0.975207
0.0773818 1 0.148776 0.285575 0 0 0.523247 0 0 0 0.85488 0 0 0 0 0 0 0 0 0 0 0.970596
0.0816997 1 0.156725 0.300099 0 0 0.5468 0 0 0 0.880005 0 0 0 0 0 0 0 0 0 0 0.967241
0.0818677 1 0.157033 0.300662 0 0 0.547705 0 0 0 0.880935 0 0 0 0 0 0 0 0 0 0 0.967107
0.082421 1 0.158049 0.302511 0 0 0.550677 0 0 0 0.88397 0 0 0 0 0 0 0 0 0 0 0.966664
0.0840406 1 0.161018 0.307911 0 0 0.55932 0 0 0 0.892629 0 0 0 0 0 0 0 0 0 0 0.965348
0.0862578 1 0.165075 0.31527 0 0 0.571016 0 0 0 0.903939 0 0 0 0 0 0 0 0 0 0 0.963507
0.0865226 1 0.165559 0.316146 0 0 0.572402 0 0 0 0.905247 0 0 0 0 0 0 0 0 0 0 0.963284
0.0867774 1 0.166025 0.316988 0 0 0.573734 0 0 0 0.906498 0 0 0 0 0 0 0 0 0 0 0.963069
0.0873379 1 0.167048 0.31884 0 0 0.576657 0 0 0 0.90922 0 0 0 0 0 0 0 0 0 0 0.962593
0.0896518 1 0.171266 0.326457 0 0 0.588615 0 0 0 0.920032 0 0 0 0 0 0 0 0 0 0 0.960598
0.0928213 1 0.177027 0.336822 0 0 0.604718 0 0 0 0.93373 0 0 0 0 0 0 0 0 0 0 0.957783
0.0932948 1 0.177886 0.338364 0 0 0.607096 0 0 0 0.935666 0 0 0 0 0 0 0 0 0 0 0.957354
0.0974963 1 0.185487 0.351963 0 0 0.627882 0 0 0 0.951587 0 0 0 0 0 0 0 0 0 0 0.953458
0.0985625 1 0.18741 0.355392 0 0 0.633067 0 0 0 0.955268 0 0 0 0 0 0 0 0 0 0 0.952442
0.100183 1 0.190329 0.360585 0 0 0.640878 0 0 0 0.960583 0 0 0 0 0 0 0 0 0 0 0.950879
0.103817 1 0.196856 0.372157 0 0 0.658089 0 0 0 0.971282 0 0 0 0 0 0 0 0 0 0 0.947282
0.10617 1 0.201067 0.379591 0 0 0.669005 0 0 0 0.977307 0 0 0 0 0 0 0 0 0 0 0.944889
0.106275 1 0.201256 0.379923 0 0 0.66949 0 0 0 0.97756 0 0 0 0 0 0 0 0 0 0 0.94478
0.106395 1 0.201471 0.380301 0 0 0.670043 0 0 0 0.977847 0 0 0 0 0 0 0 0 0 0 0.944656
0.110732 1 0.209203 0.393882 0 0 0.689672 0 0 0 0.986972 0 0 0 0 0 0 0 0 0 0 0.940099
0.111058 1 0.209781 0.394895 0 0 0.69112 0 0 0 0.987559 0 0 0 0 0 0 0 0 0 0 0.93975
0.11239 1 0.212149 0.399035 0 0 0.697017 0 0 0 0.989824 0 0 0 0 0 0 0 0 0 0 0.938311
0.114376 1 0.215671 0.405177 0 0 0.705699 0 0 0 0.992777 0 0 0 0 0 0 0 0 0 0 0.936135
0.117699 1 0.221545 0.415383 0 0 0.719942 0 0 0 0.996588 0 0 0 0 0 0 0 0 0 0 0.932413
0.118541 1 0.223031 0.417957 0 0 0.723498 0 0 0 0.99733 0 0 0 0 0 0 0 0 0 0 0.931454
0.119305 1 0.224377 0.420287 0 0 0.726703 0 0 0 0.997925 0 0 0 0 0 0 0 0 0 0 0.930577
0.12092 1 0.227219 0.425195 0 0 0.733416 0 0 0 0.998935 0 0 0 0 0 0 0 0 0 0 0.928708
0.121037 1 0.227423 0.425547 0 0 0.733895 0 0 0 0.998995 0 0 0 0 0 0 0 0 0 0 0.928573
0.121315 1 0.227913 0.426391 0 0 0.735043 0 0 0 0.999131 0 0 0 0 0 0 0 0 0 0 0.928248
0.126964 1 0.237808 0.443376 0 0 0.757794 0 0 0 0.999753 0 0 0 0 0 0 0 0 0 0 0.921501
0.129752 1 0.242669 0.451666 0 0 0.768647 0 0 0 0.998555 0 0 0 0 0 0 0 0 0 0 0.918064
0.135711 1 0.253005 0.469175 0 0 0.79101 0 0 0 0.992657 0 0 0 0 0 0 0 0 0 0 0.910481
0.135961 1 0.253436 0.469901 0 0 0.79192 0 0 0 0.992311 0 0 0 0 0 0 0 0 0 0 0.910157
0.136585 1 0.254515 0.471719 0 0 0.794193 0 0 0 0.99141 0 0 0 0 0 0 0 0 0 0 0.909343
0.144371 1 0.267898 0.494111 0 0 0.821479 0 0 0 0.975986 0 0 0 0 0 0 0 0 0 0 0.898896
0.144446 1 0.268027 0.494325 0 0 0.821733 0 0 0 0.975799 0 0 0 0 0 0 0 0 0 0 0.898792
0.145227 1 0.269364 0.496545 0 0 0.824363 0 0 0 0.973815 0 0 0 0 0 0 0 0 0 0 0.897713
0.14655 1 0.271624 0.500293 0 0 0.828771 0 0 0 0.970277 0 0 0 0 0 0 0 0 0 0 0.895874
0.147332 1 0.272957 0.502501 0 0 0.831349 0 0 0 0.968082 0 0 0 0 0 0 0 0 0 0 0.89478
0.150611 1 0.278539 0.51171 0 0 0.84195 0 0 0 0.95802 0 0 0 0 0 0 0 0 0 0 0.890133
0.153323 1 0.283138 0.51926 0 0 0.850457 0 0 0 0.94866 0 0 0 0 0 0 0 0 0 0 0.886219
0.15393 1 0.284166 0.520943 0 0 0.85233 0 0 0 0.946434 0 0 0 0 0 0 0 0 0 0 0.885333
0.162417 1 0.298455 0.544152 0 0 0.877269 0 0 0 0.910396 0 0 0 0 0 0 0 0 0 0 0.872623
0.162922 1 0.299301 0.545514 0 0 0.878679 0 0 0 0.907962 0 0 0 0 0 0 0 0 0 0 0.871847
0.168585 1 0.308749 0.560656 0 0 0.893945 0 0 0 0.878423 0 0 0 0 0 0 0 0 0 0 0.862997
0.169624 1 0.310475 0.563406 0 0 0.896634 0 0 0 0.872558 0 0 0 0 0 0 0 0 0 0 0.861343
0.172143 1 0.314652 0.570038 0 0 0.903012 0 0 0 0.857765 0 0 0 0 0 0 0 0 0 0 0.857296
0.172886 1 0.315883 0.571987 0 0 0.904856 0 0 0 0.853241 0 0 0 0 0 0 0 0 0 0 0.856091
0.176408 1 0.321696 0.581152 0 0 0.913346 0 0 0 0.830865 0 0 0 0 0 0 0 0 0 0 0.850321
0.177022 1 0.322708 0.582741 0 0 0.914788 0 0 0 0.826796 0 0 0 0 0 0 0 0 0 0 0.849304
0.180879 1 0.329041 0.592648 0 0 0.923557 0 0 0 0.800161 0 0 0 0 0 0 0 0 0 0 0.842845
0.182329 1 0.331415 0.596342 0 0 0.926731 0 0 0 0.789653 0 0 0 0 0 0 0 0 0 0 0.840384
0.184011 1 0.334161 0.600603 0 0 0.930326 0 0 0 0.777137 0 0 0 0 0 0 0 0 0 0 0.83751
0.184942 1 0.33568 0.602953 0 0 0.932278 0 0 0 0.770048 0 0 0 0 0 0 0 0 0 0 0.835908
0.184955 1 0.335702 0.602986 0 0 0.932306 0 0 0 0.769946 0 0 0 0 0 0 0 0 0 0 0.835885
0.189102 1 0.342445 0.613371 0 0 0.940664 0 0 0 0.737017 0 0 0 0 0 0 0 0 0 0 0.828662
0.189819 1 0.343606 0.61515 0 0 0.942051 0 0 0 0.731108 0 0 0 0 0 0 0 0 0 0 0.827401
0.190598 1 0.344868 0.617081 0 0 0.943542 0 0 0 0.724603 0 0 0 0 0 0 0 0 0 0 0.826023
0.190794 1 0.345186 0.617567 0 0 0.943915 0 0 0 0.722951 0 0 0 0 0 0 0 0 0 0 0.825675
0.192947 1 0.348665 0.622873 0 0 0.947918 0 0 0 0.704529 0 0 0 0 0 0 0 0 0 0 0.821842
0.193109 1 0.348926 0.623271 0 0 0.948214 0 0 0 0.703118 0 0 0 0 0 0 0 0 0 0 0.821552
0.194405 1 0.351016 0.626446 0 0 0.950547 0 0 0 0.69171 0 0 0 0 0 0 0 0 0 0 0.819223
0.196099 1 0.353742 0.630576 0 0 0.953514 0 0 0 0.67648 0 0 0 0 0 0 0 0 0 0 0.81616
0.198636 1 0.357815 0.636718 0 0 0.957788 0 0 0 0.652977 0 0 0 0 0 0 0 0 0 0 0.811529
0.199219 1 0.35875 0.638124 0 0 0.958741 0 0 0 0.647455 0 0 0 0 0 0 0 0 0 0 0.810456
0.199423 1 0.359076 0.638614 0 0 0.959071 0 0 0 0.645519 0 0 0 0 0 0 0 0 0 0 0.810081
0.200307 1 0.360491 0.640736 0 0 0.960489 0 0 0 0.637048 0 0 0 0 0 0 0 0 0 0 0.80845
0.202692 1 0.3643 0.646431 0 0 0.964191 0 0 0 0.613694 0 0 0 0 0 0 0 0 0 0 0.804017
0.203095 1 0.364943 0.647391 0 0 0.964799 0 0 0 0.60967 0 0 0 0 0 0 0 0 0 0 0.803263
0.207004 1 0.371157 0.656613 0 0 0.970421 0 0 0 0.569624 0 0 0 0 0 0 0 0 0 0 0.795889
0.207427 1 0.371828 0.657604 0 0 0.971001 0 0 0 0.565171 0 0 0 0 0 0 0 0 0 0 0.795084
0.210138 1 0.376119 0.663921 0 0 0.974577 0 0 0 0.536093 0 0 0 0 0 0 0 0 0 0 0.789889
0.212584 1 0.379976 0.669567 0 0 0.9776 0 0 0 0.509062 0 0 0 0 0 0 0 0 0 0 0.785154
0.214393 1 0.382821 0.673714 0 0 0.979714 0 0 0 0.488571 0 0 0 0 0 0 0 0 0 0 0.781622
0.215274 1 0.384205 0.675724 0 0 0.980706 0 0 0 0.478439 0 0 0 0 0 0 0 0 0 0 0.779892
0.217976 1 0.388439 0.681851 0 0 0.983592 0 0 0 0.446746 0 0 0 0 0 0 0 0 0 0 0.77455
0.219924 1 0.391481 0.686229 0 0 0.985527 0 0 0 0.423328 0 0 0 0 0 0 0 0 0 0 0.770666
0.225152 1 0.399611 0.697835 0 0 0.990121 0 0 0 0.358051 0 0 0 0 0 0 0 0 0 0 0.760095
0.226815 1 0.402186 0.701481 0 0 0.9914 0 0 0 0.336552 0 0 0 0 0 0 0 0 0 0 0.75669
0.228114 1 0.404192 0.704312 0 0 0.992336 0 0 0 0.319523 0 0 0 0 0 0 0 0 0 0 0.754017
0.230397 1 0.407712 0.709257 0 0 0.993852 0 0 0 0.289051 0 0 0 0 0 0 0 0 0 0 0.749285
0.231572 1 0.409519 0.711787 0 0 0.994567 0 0 0 0.273108 0 0 0 0 0 0 0 0 0 0 0.746835
0.234339 1 0.413763 0.717696 0 0 0.996076 0 0 0 0.234883 0 0 0 0 0 0 0 0 0 0 0.741028
0.234432 1 0.413906 0.717895 0 0 0.996122 0 0 0 0.233571 0 0 0 0 0 0 0 0 0 0 0.74083
0.23533 1 0.41528 0.719799 0 0 0.996557 0 0 0 0.220944 0 0 0 0 0 0 0 0 0 0 0.738933
0.235802 1 0.416002 0.720798 0 0 0.996775 0 0 0 0.214263 0 0 0 0 0 0 0 0 0 0 0.737933
0.239675 1 0.421906 0.728923 0 0 0.998294 0 0 0 0.158379 0 0 0 0 0 0 0 0 0 0 0.729667
0.241722 1 0.425014 0.733169 0 0 0.998903 0 0 0 0.128069 0 0 0 0 0 0 0 0 0 0 0.725256
0.245827 1 0.431223 0.741584 0 0 0.999721 0 0 0 0.0656587 0 0 0 0 0 0 0 0 0 0 0.716317
0.246996 1 0.432985 0.743955 0 0 0.999856 0 0 0 0.0474898 0 0 0 0 0 0 0 0 0 0 0.713749
0.250093 1 0.437639 0.750185 0 0 1 0 0.00148214 0 0 0 0 0 0 0 0 0 0 0 0 0.706901
0.250116 1 0.437674 0.750233 0 0 1 0 0.00186043 0 0 0 0 0 0 0 0 0 0 0 0 0.706848
0.250773 1 0.438658 0.751543 0 0 0.99999 0 0.0123233 0 0 0 0 0 0 0 0 0 0 0 0 0.705388
0.252138 1 0.440703 0.754259 0 0 0.999927 0 0.0339222 0 0 0 0 0 0 0 0 0 0 0 0 0.70234
0.252545 1 0.44131 0.755063 0 0 0.999896 0 0.040299 0 0 0 0 0 0 0 0 0 0 0 0 0.701432
0.253434 1 0.442639 0.756821 0 0 0.999811 0 0.0541891 0 0 0 0 0 0 0 0 0 0 0 0 0.699437
0.254764 1 0.444624 0.759438 0 0 0.999637 0 0.0747774 0 0 0 0 0 0 0 0 0 0 0 0 0.696444
0.255271 1 0.445378 0.76043 0 0 0.999556 0 0.0825522 0 0 0 0 0 0 0 0 0 0 0 0 0.695302
0.256348 1 0.446981 0.762534 0 0 0.999355 0 0.098984 0 0 0 0 0 0 0 0 0 0 0 0 0.692866
0.259391 1 0.451498 0.768429 0 0 0.998589 0 0.144607 0 0 0 0 0 0 0 0 0 0 0 0 0.685941
0.260965 1 0.453827 0.771449 0 0 0.998076 0 0.167741 0 0 0 0 0 0 0 0 0 0 0 0 0.682335
0.261296 1 0.454317 0.772082 0 0 0.997958 0 0.172572 0 0 0 0 0 0 0 0 0 0 0 0 0.681573
0.261942 1 0.455271 0.773314 0 0 0.997718 0 0.181951 0 0 0 0 0 0 0 0 0 0 0 0 0.680086
0.262108 1 0.455516 0.77363 0 0 0.997654 0 0.184351 0 0 0 0 0 0 0 0 0 0 0 0 0.679704
0.26229 1 0.455784 0.773976 0 0 0.997583 0 0.186972 0 0 0 0 0 0 0 0 0 0 0 0 0.679285
0.264456 1 0.458975 0.778077 0 0 0.996656 0 0.217926 0 0 0 0 0 0 0 0 0 0 0 0 0.674275
0.266076 1 0.461355 0.781118 0 0 0.995865 0 0.240673 0 0 0 0 0 0 0 0 0 0 0 0 0.670509
0.26652 1 0.462007 0.781949 0 0 0.995633 0 0.246855 0 0 0 0 0 0 0 0 0 0 0 0 0.669473
0.268146 1 0.46439 0.784976 0 0 0.994731 0 0.269268 0 0 0 0 0 0 0 0 0 0 0 0 0.665669
0.272328 1 0.470493 0.792661 0 0 0.992024 0 0.325336 0 0 0 0 0 0 0 0 0 0 0 0 0.655809
0.272356 1 0.470534 0.792713 0 0 0.992003 0 0.325712 0 0 0 0 0 0 0 0 0 0 0 0 0.655741
0.274989 1 0.474359 0.79748 0 0 0.990009 0 0.359855 0 0 0 0 0 0 0 0 0 0 0 0 0.649475
0.277197 1 0.477556 0.801436 0 0 0.988165 0 0.387815 0 0 0 0 0 0 0 0 0 0 0 0 0.644184
0.277594 1 0.478129 0.802142 0 0 0.987817 0 0.392768 0 0 0 0 0 0 0 0 0 0 0 0 0.643231
0.279098 1 0.4803 0.804809 0 0 0.986453 0 0.411378 0 0 0 0 0 0 0 0 0 0 0 0 0.639605
0.283789 1 0.487041 0.813011 0 0 0.981733 0 0.467551 0 0 0 0 0 0 0 0 0 0 0 0 0.628208
0.284818 1 0.488514 0.814786 0 0 0.980604 0 0.479497 0 0 0 0 0 0 0 0 0 0 0 0 0.62569
0.287339 1 0.492114 0.819101 0 0 0.977693 0 0.508194 0 0 0 0 0 0 0 0 0 0 0 0 0.619491
0.288205 1 0.493348 0.820572 0 0 0.976646 0 0.517869 0 0 0 0 0 0 0 0 0 0 0 0 0.617352
0.289862 1 0.495704 0.823368 0 0 0.974576 0 0.536098 0 0 0 0 0 0 0 0 0 0 0 0 0.613249
0.290267 1 0.496279 0.824048 0 0 0.974057 0 0.540499 0 0 0 0 0 0 0 0 0 0 0 0 0.612244
0.291848 1 0.49852 0.826691 0 0 0.97198 0 0.557485 0 0 0 0 0 0 0 0 0 0 0 0 0.60831
0.298884 1 0.508437 0.83821 0 0 0.961765 0 0.629208 0 0 0 0 0 0 0 0 0 0 0 0 0.590618
0.299765 1 0.50967 0.839623 0 0 0.960376 0 0.637736 0 0 0 0 0 0 0 0 0 0 0 0 0.588383
0.301845 1 0.51258 0.842939 0 0 0.956993 0 0.657496 0 0 0 0 0 0 0 0 0 0 0 0 0.583086
0.304206 1 0.515871 0.846659 0 0 0.952987 0 0.679249 0 0 0 0 0 0 0 0 0 0 0 0 0.577043
0.305624 1 0.517841 0.848871 0 0 0.950496 0 0.691962 0 0 0 0 0 0 0 0 0 0 0 0 0.573402
0.306228 1 0.51868 0.849809 0 0 0.949415 0 0.697303 0 0 0 0 0 0 0 0 0 0 0 0 0.571846
0.311723 1 0.526275 0.858207 0 0 0.939044 0 0.743746 0 0 0 0 0 0 0 0 0 0 0 0 0.557598
0.312714 1 0.527638 0.859696 0 0 0.937072 0 0.751708 0 0 0 0 0 0 0 0 0 0 0 0 0.555012
0.31302 1 0.528059 0.860154 0 0 0.936455 0 0.754144 0 0 0 0 0 0 0 0 0 0 0 0 0.554211
0.315296 1 0.531181 0.863538 0 0 0.931782 0 0.771871 0 0 0 0 0 0 0 0 0 0 0 0 0.548244
0.315403 1 0.531328 0.863696 0 0 0.931558 0 0.772688 0 0 0 0 0 0 0 0 0 0 0 0 0.547963
0.325393 1 0.544906 0.87805 0 0 0.909053 0 0.842508 0 0 0 0 0 0 0 0 0 0 0 0 0.521444
0.325477 1 0.545019 0.878167 0 0 0.908851 0 0.843039 0 0 0 0 0 0 0 0 0 0 0 0 0.52122
0.326458 1 0.546341 0.879532 0 0 0.906468 0 0.849192 0 0 0 0 0 0 0 0 0 0 0 0 0.518589
0.329168 1 0.549985 0.883266 0 0 0.899719 0 0.865564 0 0 0 0 0 0 0 0 0 0 0 0 0.511289
0.330052 1 0.551169 0.88447 0 0 0.897467 0 0.870698 0 0 0 0 0 0 0 0 0 0 0 0 0.508901
0.335166 1 0.557996 0.891319 0 0 0.883948 0 0.898448 0 0 0 0 0 0 0 0 0 0 0 0 0.495006
0.336711 1 0.560048 0.893347 0 0 0.879699 0 0.906174 0 0 0 0 0 0 0 0 0 0 0 0 0.490782
0.338604 1 0.562556 0.895806 0 0 0.874389 0 0.915222 0 0 0 0 0 0 0 0 0 0 0 0 0.485592
0.338803 1 0.562818 0.896062 0 0 0.873825 0 0.916145 0 0 0 0 0 0 0 0 0 0 0 0 0.485046
0.338912 1 0.562963 0.896203 0 0 0.873514 0 0.916651 0 0 0 0 0 0 0 0 0 0 0 0 0.484746
0.339068 1 0.563169 0.896403 0 0 0.873071 0 0.917368 0 0 0 0 0 0 0 0 0 0 0 0 0.484318
0.339122 1 0.56324 0.896473 0 0 0.872916 0 0.917617 0 0 0 0 0 0 0 0 0 0 0 0 0.484169
0.341016 1 0.56574 0.898896 0 0 0.867458 0 0.926084 0 0 0 0 0 0 0 0 0 0 0 0 0.478955
0.344115 1 0.569814 0.902799 0 0 0.858279 0 0.93895 0 0 0 0 0 0 0 0 0 0 0 0 0.470386
0.347412 1 0.574129 0.906868 0 0 0.848174 0 0.95129 0 0 0 0 0 0 0 0 0 0 0 0 0.46122
0.350277 1 0.577859 0.910332 0 0 0.839114 0 0.96088 0 0 0 0 0 0 0 0 0 0 0 0 0.453216
0.352028 1 0.580132 0.912417 0 0 0.833445 0 0.966226 0 0 0 0 0 0 0 0 0 0 0 0 0.448305
0.366048 1 0.598105 0.928228 0 0 0.784524 0 0.994872 0 0 0 0 0 0 0 0 0 0 0 0 0.40851
0.368981 1 0.601815 0.931336 0 0 0.773498 0 0.997681 0 0 0 0 0 0 0 0 0 0 0 0 0.400085
0.369201 1 0.602093 0.931566 0 0 0.772658 0 0.997848 0 0 0 0 0 0 0 0 0 0 0 0 0.399451
0.371941 1 0.605542 0.934404 0 0 0.762086 0 0.999401 0 0 0 0 0 0 0 0 0 0 0 0 0.391544
0.378284 1 0.613469 0.940741 0 0 0.736692 0 0.99931 0 0 0.102325 0 0 0 0 0 0 0 0 0 0.373132
0.382569 1 0.618778 0.944839 0 0 0.718809 0 0.996334 0 0 0.227529 0 0 0 0 0 0 0 0 0 0.36061
0.382712 1 0.618956 0.944974 0 0 0.718199 0 0.996193 0 0 0.231567 0 0 0 0 0 0 0 0 0 0.360189
0.383756 1 0.620244 0.94595 0 0 0.713748 0 0.995093 0 0 0.260572 0 0 0 0 0 0 0 0 0 0.357127
0.387821 1 0.625236 0.949663 0 0 0.696088 0 0.989481 0 0 0.36818 0 0 0 0 0 0 0 0 0 0.345172
0.390398 1 0.628385 0.951949 0 0 0.684616 0 0.984826 0 0 0.432032 0 0 0 0 0 0 0 0 0 0.337562
0.390696 1 0.628749 0.95221 0 0 0.683275 0 0.984233 0 0 0.4392 0 0 0 0 0 0 0 0 0 0.33668
0.390723 1 0.628781 0.952234 0 0 0.683154 0 0.984179 0 0 0.439844 0 0 0 0 0 0 0 0 0 0.336601
0.391482 1 0.629706 0.952895 0 0 0.679726 0 0.982614 0 0 0.45788 0 0 0 0 0 0 0 0 0 0.334354
0.392009 1 0.630347 0.953352 0 0 0.677335 0 0.981484 0 0 0.470227 0 0 0 0 0 0 0 0 0 0.332793
0.393089 1 0.631659 0.95428 0 0 0.672407 0 0.979058 0 0 0.495088 0 0 0 0 0 0 0 0 0 0.329591
0.399206 1 0.639046 0.959362 0 0 0.643803 0 0.962502 0 0 0.624587 0 0 0 0 0 0 0 0 0 0.311389
0.400278 1 0.640333 0.960222 0 0 0.638667 0 0.959107 0 0 0.645308 0 0 0 0 0 0 0 0 0 0.308188
0.405654 1 0.646753 0.964396 0 0 0.612347 0 0.93986 0 0 0.740379 0 0 0 0 0 0 0 0 0 0.292075
0.407429 1 0.64886 0.965722 0 0 0.603458 0 0.932695 0 0 0.768508 0 0 0 0 0 0 0 0 0 0.286738
0.410618 1 0.652629 0.968043 0 0 0.58723 0 0.918807 0 0 0.815002 0 0 0 0 0 0 0 0 0 0.277126
0.414431 1 0.657109 0.970712 0 0 0.567399 0 0.900492 0 0 0.863763 0 0 0 0 0 0 0 0 0 0.265597
0.414577 1 0.65728 0.970812 0 0 0.56663 0 0.899753 0 0 0.865483 0 0 0 0 0 0 0 0 0 0.265154
0.414632 1 0.657344 0.970849 0 0 0.566342 0 0.899476 0 0 0.866124 0 0 0 0 0 0 0 0 0 0.264989
0.415404 1 0.658248 0.971374 0 0 0.562263 0 0.89552 0 0 0.875015 0 0 0 0 0 0 0 0 0 0.262648
0.421027 1 0.66479 0.975053 0 0 0.531996 0 0.864417 0 0 0.930532 0 0 0 0 0 0 0 0 0 0.245563
0.422289 1 0.666249 0.975844 0 0 0.525067 0 0.856883 0 0 0.940764 0 0 0 0 0 0 0 0 0 0.24172
0.423401 1 0.667533 0.97653 0 0 0.518914 0 0.850071 0 0 0.949111 0 0 0 0 0 0 0 0 0 0.238327
0.424378 1 0.66866 0.977126 0 0 0.513474 0 0.843953 0 0 0.955923 0 0 0 0 0 0 0 0 0 0.235344
0.425637 1 0.670107 0.977881 0 0 0.506426 0 0.835896 0 0 0.963974 0 0 0 0 0 0 0 0 0 0.231499
0.426306 1 0.670875 0.978277 0 0 0.50266 0 0.831533 0 0 0.967921 0 0 0 0 0 0 0 0 0 0.229454
0.427016 1 0.671689 0.978693 0 0 0.498648 0 0.826841 0 0 0.971859 0 0 0 0 0 0 0 0 0 0.227284
0.428675 1 0.673588 0.979651 0 0 0.489203 0 0.815614 0 0 0.980063 0 0 0 0 0 0 0 0 0 0.222203
0.428977 1 0.673932 0.979823 0 0 0.487477 0 0.813537 0 0 0.981403 0 0 0 0 0 0 0 0 0 0.221279
0.429267 1 0.674263 0.979987 0 0 0.485816 0 0.811528 0 0 0.982646 0 0 0 0 0 0 0 0 0 0.220391
0.432465 1 0.677904 0.981756 0 0 0.467305 0 0.788658 0 0 0.99351 0 0 0 0 0 0 0 0 0 0.210579
0.433235 1 0.678778 0.98217 0 0 0.462798 0 0.782955 0 0 0.995344 0 0 0 0 0 0 0 0 0 0.208213
0.434051 1 0.679702 0.982603 0 0 0.458003 0 0.77683 0 0 0.996955 0 0 0 0 0 0 0 0 0 0.205705
0.437191 1 0.683246 0.98422 0 0 0.439351 0 0.752464 0 0 0.999976 0 0 0 0 0 0 0 0 0 0.196042
0.441245 1 0.687793 0.986192 0 0 0.414804 0 0.71914 0 0 0.996409 0 0 0 0 0 0 0 0 0 0.183537
0.443919 1 0.690774 0.98742 0 0 0.398328 0 0.696012 0 0 0.989452 0 0 0 0 0 0 0 0 0 0.175274
0.444363 1 0.691268 0.987618 0 0 0.395568 0 0.692081 0 0 0.987942 0 0 0 0 0 0 0 0 0 0.1739
0.449195 1 0.696614 0.989676 0 0 0.365139 0 0.647682 0 0 0.964983 0 0 0 0 0 0 0 0 0 0.15893
0.451689 1 0.699355 0.990664 0 0 0.349143 0 0.6236 0 0 0.948458 0 0 0 0 0 0 0 0 0 0.151191
0.458512 1 0.706791 0.993115 0 0 0.304361 0 0.553643 0 0 0.886971 0 0 0 0 0 0 0 0 0 0.129968
0.458698 1 0.706992 0.993176 0 0 0.303125 0 0.551661 0 0 0.884969 0 0 0 0 0 0 0 0 0 0.129391
0.466899 1 0.715803 0.995617 0 0 0.247279 0 0.459496 0 0 0.778743 0 0 0 0 0 0 0 0 0 0.103803
0.469814 1 0.718903 0.996355 0 0 0.226909 0 0.42466 0 0 0.732687 0 0 0 0 0 0 0 0 0 0.0946901
0.477052 1 0.726525 0.997894 0 0 0.175159 0 0.333467 0 0 0.599527 0 0 0 0 0 0 0 0 0 0.0720313
0.482423 1 0.732114 0.998764 0 0 0.135671 0 0.261456 0 0 0.483367 0 0 0 0 0 0 0 0 0 0.0551909
0.484371 1 0.734126 0.999023 0 0 0.121126 0 0.234436 0 0 0.437604 0 0 0 0 0 0 0 0 0 0.0490813
0.48609 1 0.735896 0.999226 0 0 0.108185 0 0.210179 0 0 0.395591 0 0 0 0 0 0 0 0 0 0.0436861
0.48989 1 0.739788 0.999591 0 0 0.0792441 0 0.155217 0 0 0.297352 0 0 0 0 0 0 0 0 0 0.0317559
0.490958 1 0.740876 0.999673 0 0 0.0710307 0 0.139445 0 0 0.268424 0 0 0 0 0 0 0 0 0 0.0284036
0.500076 1 0.750076 1 0.000606056 0 0 0.00121193 0 0 0 0 0.00242312 0 0 0 0 0 0 0 0 -0.000238034
0.503554 1 0.753541 0.999949 0.0282277 0 0 0.0560513 0 0 0 0 0.110486 0 0 0 0 0 0 0 0 -0.0111641
0.504538 1 0.754517 0.999918 0.0359707 0 0 0.0712825 0 0 0 0 0.13993 0 0 0 0 0 0 0 0 -0.0142545
0.50472 1 0.754698 0.999911 0.0374052 0 0 0.0740975 0 0 0 0 0.145343 0 0 0 0 0 0 0 0 -0.0148285
0.50717 1 0.757118 0.999794 0.0565364 0 0 0.111428 0 0 0 0 0.216276 0 0 0 0 0 0 0 0 -0.0225229
0.510489 1 0.760379 0.99956 0.0821486 0 0 0.160777 0 0 0 0 0.307472 0 0 0 0 0 0 0 0 -0.0329449
0.512491 1 0.762335 0.999376 0.0974288 0 0 0.189865 0 0 0 0 0.35976 0 0 0 0 0 0 0 0 -0.0392304
0.513535 1 0.763352 0.999267 0.105347 0 0 0.204832 0 0 0 0 0.386216 0 0 0 0 0 0 0 0 -0.0425079
0.514954 1 0.764731 0.999105 0.116055 0 0 0.224954 0 0 0 0 0.421284 0 0 0 0 0 0 0 0 -0.0469625
0.518867 1 0.768511 0.998576 0.145238 0 0 0.279085 0 0 0 0 0.512609 0 0 0 0 0 0 0 0 -0.0592366
0.519384 1 0.769009 0.998497 0.149063 0 0 0.286102 0 0 0 0 0.524108 0 0 0 0 0 0 0 0 -0.0608603
0.519685 1 0.769298 0.99845 0.151282 0 0 0.290164 0 0 0 0 0.530726 0 0 0 0 0 0 0 0 -0.0618037
0.522672 1 0.772158 0.997944 0.173149 0 0 0.32985 0 0 0 0 0.593907 0 0 0 0 0 0 0 0 -0.0711648
0.522968 1 0.77244 0.99789 0.175301 0 0 0.333721 0 0 0 0 0.599921 0 0 0 0 0 0 0 0 -0.0720923
0.523434 1 0.772884 0.997803 0.178682 0 0 0.339792 0 0 0 0 0.609296 0 0 0 0 0 0 0 0 -0.0735521
0.523812 1 0.773245 0.997732 0.181427 0 0 0.344709 0 0 0 0 0.616838 0 0 0 0 0 0 0 0 -0.0747392
0.52501 1 0.774384 0.997498 0.190071 0 0 0.360126 0 0 0 0 0.64019 0 0 0 0 0 0 0 0 -0.07849
0.527192 1 0.776452 0.997042 0.205702 0 0 0.387744 0 0 0 0 0.680848 0 0 0 0 0 0 0 0 -0.0853208
0.52725 1 0.776507 0.99703 0.206116 0 0 0.388471 0 0 0 0 0.681897 0 0 0 0 0 0 0 0 -0.0855026
0.529623 1 0.778745 0.99649 0.222941 0 0 0.417802 0 0 0 0 0.723284 0 0 0 0 0 0 0 0 -0.0929279
0.530719 1 0.779775 0.996225 0.230654 0 0 0.431111 0 0 0 0 0.741434 0 0 0 0 0 0 0 0 -0.0963572
0.532147 1 0.781114 0.995866 0.240641 0 0 0.448212 0 0 0 0 0.764146 0 0 0 0 0 0 0 0 -0.100821
0.533533 1 0.782408 0.995502 0.250272 0 0 0.464561 0 0 0 0 0.785192 0 0 0 0 0 0 0 0 -0.105152
0.536167 1 0.784859 0.994768 0.26841 0 0 0.494962 0 0 0 0 0.822489 0 0 0 0 0 0 0 0 -0.113379
0.536371 1 0.785048 0.994709 0.269801 0 0 0.497271 0 0 0 0 0.825219 0 0 0 0 0 0 0 0 -0.114014
0.537249 1 0.785862 0.99445 0.275793 0 0 0.507185 0 0 0 0 0.836772 0 0 0 0 0 0 0 0 -0.116754
0.538597 1 0.787107 0.994041 0.284939 0 0 0.522208 0 0 0 0 0.853732 0 0 0 0 0 0 0 0 -0.120959
0.538732 1 0.787232 0.993999 0.285855 0 0 0.523705 0 0 0 0 0.855385 0 0 0 0 0 0 0 0 -0.121381
0.545721 1 0.793631 0.991638 0.332322 0 0 0.59775 0 0 0 0 0.927927 0 0 0 0 0 0 0 0 -0.143143
0.546627 1 0.794453 0.991304 0.33823 0 0 0.60689 0 0 0 0 0.9355 0 0 0 0 0 0 0 0 -0.14596
0.548591 1 0.796229 0.990556 0.350948 0 0 0.626342 0 0 0 0 0.950471 0 0 0 0 0 0 0 0 -0.152059
0.548999 1 0.796598 0.990396 0.353579 0 0 0.630328 0 0 0 0 0.953338 0 0 0 0 0 0 0 0 -0.153328
0.556877 1 0.803642 0.98706 0.403256 0 0 0.702992 0 0 0 0 0.991906 0 0 0 0 0 0 0 0 -0.177735
0.558487 1 0.805066 0.986317 0.413162 0 0 0.716862 0 0 0 0 0.995877 0 0 0 0 0 0 0 0 -0.182709
0.558711 1 0.805264 0.986212 0.414534 0 0 0.718766 0 0 0 0 0.996324 0 0 0 0 0 0 0 0 -0.183401
0.560594 1 0.806922 0.985314 0.426004 0 0 0.734517 0 0 0 0 0.99907 0 0 0 0 0 0 0 0 -0.189213
0.561992 1 0.808149 0.984628 0.434446 0 0 0.745917 0 0 0 0 0.999934 0 0 0 0 0 0 0 0 -0.193524
0.562014 1 0.808169 0.984617 0.434583 0 0 0.7461 0 0 0 0 0.99994 0 0 0 0 0 0 0 0 -0.193594
0.562018 1 0.808172 0.984615 0.434603 0 0 0.746127 0 0 0 0 0.99994 0 0 0 0 0 0 0 0 -0.193604
0.56272 1 0.808786 0.984265 0.438819 0 0 0.751757 0 0 0 0 0.999988 0 0 0 0 0 0 0 0 -0.195768
0.562736 1 0.8088 0.984257 0.438914 0 0 0.751883 0 0 0 0 0.999986 0 0 0 0 0 0 0 0 -0.195817
0.566251 1 0.811861 0.982443 0.459778 0 0 0.779104 0 0 0 0 0.996399 0 0 0 0 0 0 0 0 -0.206633
0.567016 1 0.812525 0.982035 0.464272 0 0 0.784825 0 0 0 0 0.994778 0 0 0 0 0 0 0 0 -0.208986
0.574518 1 0.818965 0.977788 0.507295 0 0 0.836898 0 0 0 0 0.963028 0 0 0 0 0 0 0 0 -0.231972
0.574687 1 0.819109 0.977687 0.508247 0 0 0.837992 0 0 0 0 0.961976 0 0 0 0 0 0 0 0 -0.23249
0.576499 1 0.820647 0.976592 0.518358 0 0 0.849449 0 0 0 0 0.949832 0 0 0 0 0 0 0 0 -0.238022
0.580612 1 0.824114 0.974007 0.540923 0 0 0.873901 0 0 0 0 0.916021 0 0 0 0 0 0 0 0 -0.250551
0.582184 1 0.82543 0.972983 0.549405 0 0 0.882675 0 0 0 0 0.90081 0 0 0 0 0 0 0 0 -0.25533
0.588479 1 0.830651 0.968686 0.582576 0 0 0.914639 0 0 0 0 0.827221 0 0 0 0 0 0 0 0 -0.2744
0.58888 1 0.83098 0.968402 0.584644 0 0 0.9165 0 0 0 0 0.821853 0 0 0 0 0 0 0 0 -0.275609
0.593753 1 0.834963 0.964842 0.609388 0 0 0.93751 0 0 0 0 0.749959 0 0 0 0 0 0 0 0 -0.290292
0.594119 1 0.835261 0.964566 0.61122 0 0 0.938969 0 0 0 0 0.744054 0 0 0 0 0 0 0 0 -0.291395
0.594378 1 0.835471 0.964371 0.612509 0 0 0.939987 0 0 0 0 0.739849 0 0 0 0 0 0 0 0 -0.292172
0.596245 1 0.836982 0.962948 0.62175 0 0 0.947081 0 0 0 0 0.708489 0 0 0 0 0 0 0 0 -0.297776
0.599865 1 0.839892 0.960108 0.639352 0 0 0.959567 0 0 0 0 0.642584 0 0 0 0 0 0 0 0 -0.308614
0.60384 1 0.843057 0.956869 0.658194 0 0 0.971343 0 0 0 0 0.562507 0 0 0 0 0 0 0 0 -0.320466
0.605875 1 0.844666 0.955162 0.66765 0 0 0.976592 0 0 0 0 0.518355 0 0 0 0 0 0 0 0 -0.326518
0.608903 1 0.847043 0.952561 0.681464 0 0 0.983416 0 0 0 0 0.448781 0 0 0 0 0 0 0 0 -0.335492
0.609225 1 0.847295 0.952279 0.68292 0 0 0.984074 0 0 0 0 0.441086 0 0 0 0 0 0 0 0 -0.336447
0.61654 1 0.852958 0.945674 0.715013 0 0 0.995419 0 0 0 0 0.25241 0 0 0 0 0 0 0 0 -0.357995
0.617734 1 0.853873 0.944554 0.720093 0 0 0.996622 0 0 0 0 0.218984 0 0 0 0 0 0 0 0 -0.361498
0.618504 1 0.854461 0.943828 0.723339 0 0 0.997299 0 0 0 0 0.19708 0 0 0 0 0 0 0 0 -0.36375
0.624881 1 0.859286 0.937618 0.749526 0 0 0.999999 0 0 0 0 0.0037892 0 0 0 0 0 0 0 0 -0.382339
0.625377 1 0.859658 0.937122 0.751506 0 0 0.999991 0 0 0 0 0 0 0 0 0 0.0120327 0 0 0 -0.383778
0.626291 1 0.860342 0.936202 0.755139 0 0 0.999893 0 0 0 0 0 0 0 0 0 0.0408976 0 0 0 -0.386428
0.6263 1 0.860349 0.936193 0.755174 0 0 0.999892 0 0 0 0 0 0 0 0 0 0.0411788 0 0 0 -0.386454
0.626394 1 0.860419 0.936098 0.755546 0 0 0.999876 0 0 0 0 0 0 0 0 0 0.0441216 0 0 0 -0.386727
0.631692 1 0.86435 0.930628 0.776053 0 0 0.997133 0 0 0 0 0 0 0 0 0 0.202693 0 0 0 -0.402022
0.632301 1 0.864797 0.929986 0.778351 0 0 0.996589 0 0 0 0 0 0 0 0 0 0.219982 0 0 0 -0.403771
0.632996 1 0.865308 0.929248 0.780962 0 0 0.995908 0 0 0 0 0 0 0 0 0 0.239514 0 0 0 -0.405769
0.634611 1 0.866491 0.92752 0.786965 0 0 0.994089 0 0 0 0 0 0 0 0 0 0.283897 0 0 0 -0.410399
0.636222 1 0.867665 0.925775 0.792872 0 0 0.991941 0 0 0 0 0 0 0 0 0 0.326858 0 0 0 -0.415009
0.640222 1 0.87056 0.921351 0.807181 0 0 0.98517 0 0 0 0 0 0 0 0 0 0.42779 0 0 0 -0.426411
0.643688 1 0.873042 0.917415 0.819165 0 0 0.977648 0 0 0 0 0 0 0 0 0 0.508613 0 0 0 -0.436234
0.645885 1 0.874603 0.91487 0.826562 0 0 0.972084 0 0 0 0 0 0 0 0 0 0.556663 0 0 0 -0.442435
0.64789 1 0.876019 0.912514 0.833178 0 0 0.966466 0 0 0 0 0 0 0 0 0 0.598355 0 0 0 -0.448075
0.653269 1 0.879778 0.906035 0.850289 0 0 0.948856 0 0 0 0 0 0 0 0 0 0.700027 0 0 0 -0.463117
0.65372 1 0.88009 0.905481 0.851681 0 0 0.947212 0 0 0 0 0 0 0 0 0 0.707875 0 0 0 -0.464371
0.655102 1 0.881046 0.903773 0.855911 0 0 0.942006 0 0 0 0 0 0 0 0 0 0.731301 0 0 0 -0.468214
0.656772 1 0.882194 0.90169 0.860936 0 0 0.935396 0 0 0 0 0 0 0 0 0 0.758278 0 0 0 -0.472842
0.657079 1 0.882405 0.901305 0.861851 0 0 0.93414 0 0 0 0 0 0 0 0 0 0.763087 0 0 0 -0.473692
0.657319 1 0.88257 0.901003 0.862564 0 0 0.933151 0 0 0 0 0 0 0 0 0 0.766811 0 0 0 -0.474356
0.659077 1 0.883772 0.898778 0.867729 0 0 0.92568 0 0 0 0 0 0 0 0 0 0.793188 0 0 0 -0.479211
0.659653 1 0.884164 0.898043 0.869399 0 0 0.923146 0 0 0 0 0 0 0 0 0 0.801486 0 0 0 -0.480799
0.659952 1 0.884367 0.897661 0.870262 0 0 0.921815 0 0 0 0 0 0 0 0 0 0.805723 0 0 0 -0.481621
0.660515 1 0.88475 0.89694 0.871879 0 0 0.919275 0 0 0 0 0 0 0 0 0 0.813584 0 0 0 -0.483171
0.662327 1 0.885977 0.8946 0.877014 0 0 0.91083 0 0 0 0 0 0 0 0 0 0.837775 0 0 0 -0.488146
0.662397 1 0.886024 0.894509 0.877211 0 0 0.910494 0 0 0 0 0 0 0 0 0 0.838678 0 0 0 -0.488339
0.665441 1 0.888071 0.890517 0.885597 0 0 0.895328 0 0 0 0 0 0 0 0 0 0.875435 0 0 0 -0.496663
0.666881 1 0.889032 0.888603 0.88946 0 0 0.887741 0 0 0 0 0 0 0 0 0 0.891166 0 0 0 -0.500584
0.669852 1 0.891003 0.884601 0.897222 0 0 0.871249 0 0 0 0 0 0 0 0 0 0.920272 0 0 0 -0.508642
0.670361 1 0.891338 0.883909 0.898521 0 0 0.868315 0 0 0 0 0 0 0 0 0 0.924797 0 0 0 -0.510016
0.67059 1 0.891489 0.883596 0.899106 0 0 0.866977 0 0 0 0 0 0 0 0 0 0.926801 0 0 0 -0.510637
0.67333 1 0.893287 0.879826 0.905948 0 0 0.850507 0 0 0 0 0 0 0 0 0 0.948601 0 0 0 -0.518019
0.675285 1 0.89456 0.877101 0.910682 0 0 0.838173 0 0 0 0 0 0 0 0 0 0.961801 0 0 0 -0.523261
0.675704 1 0.894832 0.876512 0.911682 0 0 0.835461 0 0 0 0 0 0 0 0 0 0.96438 0 0 0 -0.524384
0.677891 1 0.896246 0.87342 0.916804 0 0 0.820966 0 0 0 0 0 0 0 0 0 0.976361 0 0 0 -0.53022
0.678817 1 0.896841 0.872098 0.918928 0 0 0.814639 0 0 0 0 0 0 0 0 0 0.980699 0 0 0 -0.532685
0.679058 1 0.896996 0.871753 0.919475 0 0 0.812977 0 0 0 0 0 0 0 0 0 0.981754 0 0 0 -0.533325
0.679182 1 0.897076 0.871576 0.919756 0 0 0.812118 0 0 0 0 0 0 0 0 0 0.982286 0 0 0 -0.533655
0.680892 1 0.89817 0.869112 0.923586 0 0 0.800067 0 0 0 0 0 0 0 0 0 0.988823 0 0 0 -0.538192
0.680959 1 0.898213 0.869015 0.923734 0 0 0.799587 0 0 0 0 0 0 0 0 0 0.989048 0 0 0 -0.538369
0.682053 1 0.89891 0.867427 0.926131 0 0 0.791678 0 0 0 0 0 0 0 0 0 0.992404 0 0 0 -0.541261
0.683756 1 0.89999 0.864935 0.929788 0 0 0.779053 0 0 0 0 0 0 0 0 0 0.996412 0 0 0 -0.545753
0.689252 1 0.903436 0.856734 0.940955 0 0 0.735785 0 0 0 0 0 0 0 0 0 0.999214 0 0 0 -0.560139
0.689281 1 0.903453 0.856691 0.941011 0 0 0.735552 0 0 0 0 0 0 0 0 0 0.999188 0 0 0 -0.560213
0.694824 1 0.906868 0.848175 0.95129 0 0 0.687975 0 0 0 0 0 0 0 0 0 0.986268 0 0 0 -0.574553
0.695283 1 0.907148 0.847458 0.952097 0 0 0.683856 0 0 0 0 0 0 0 0 0 0.984491 0 0 0 -0.575733
0.698782 1 0.909268 0.841942 0.958028 0 0 0.651594 0 0 0 0 0 0 0 0 0 0.967413 0 0 0 -0.584686
0.69921 1 0.909525 0.841262 0.958725 0 0 0.647547 0 0 0 0 0 0 0 0 0 0.964898 0 0 0 -0.585775
0.701094 1 0.910655 0.838246 0.96173 0 0 0.629426 0 0 0 0 0 0 0 0 0 0.952695 0 0 0 -0.590561
0.70262 1 0.911565 0.835781 0.964082 0 0 0.614409 0 0 0 0 0 0 0 0 0 0.941475 0 0 0 -0.594424
0.703161 1 0.911887 0.834902 0.964898 0 0 0.60901 0 0 0 0 0 0 0 0 0 0.937208 0 0 0 -0.595791
0.706206 1 0.913685 0.829916 0.969313 0 0 0.577958 0 0 0 0 0 0 0 0 0 0.910422 0 0 0 -0.603446
0.709737 1 0.915747 0.824042 0.974062 0 0 0.540462 0 0 0 0 0 0 0 0 0 0.873418 0 0 0 -0.612253
0.71145 1 0.916739 0.821155 0.976223 0 0 0.521687 0 0 0 0 0 0 0 0 0 0.853155 0 0 0 -0.616501
0.712435 1 0.917306 0.819485 0.977422 0 0 0.510727 0 0 0 0 0 0 0 0 0 0.84083 0 0 0 -0.618934
0.712829 1 0.917533 0.818815 0.977893 0 0 0.506306 0 0 0 0 0 0 0 0 0 0.835759 0 0 0 -0.619906
0.716057 1 0.919376 0.813278 0.981566 0 0 0.469355 0 0 0 0 0 0 0 0 0 0.791235 0 0 0 -0.62783
0.719073 1 0.92108 0.808028 0.984696 0 0 0.433616 0 0 0 0 0 0 0 0 0 0.744804 0 0 0 -0.635178
0.719431 1 0.921281 0.8074 0.985049 0 0 0.429296 0 0 0 0 0 0 0 0 0 0.738983 0 0 0 -0.636046
0.721757 1 0.922581 0.803296 0.987237 0 0 0.400841 0 0 0 0 0 0 0 0 0 0.699579 0 0 0 -0.641667
0.722814 1 0.923168 0.801415 0.988175 0 0 0.38767 0 0 0 0 0 0 0 0 0 0.680741 0 0 0 -0.644212
0.724553 1 0.924129 0.798303 0.98964 0 0 0.365704 0 0 0 0 0 0 0 0 0 0.648524 0 0 0 -0.648381
0.725346 1 0.924565 0.796876 0.990275 0 0 0.35556 0 0 0 0 0 0 0 0 0 0.633321 0 0 0 -0.650275
0.726545 1 0.925222 0.79471 0.991197 0 0 0.340077 0 0 0 0 0 0 0 0 0 0.609733 0 0 0 -0.65313
0.728089 1 0.926064 0.791902 0.992318 0 0 0.319851 0 0 0 0 0 0 0 0 0 0.57825 0 0 0 -0.656796
0.729519 1 0.92684 0.789284 0.993288 0 0 0.300849 0 0 0 0 0 0 0 0 0 0.548006 0 0 0 -0.660178
0.730763 1 0.927511 0.786995 0.994079 0 0 0.284114 0 0 0 0 0 0 0 0 0 0.520859 0 0 0 -0.663107
0.733514 1 0.928985 0.781885 0.995651 0 0 0.246379 0 0 0 0 0 0 0 0 0 0.457971 0 0 0 -0.669553
0.734534 1 0.929528 0.779976 0.996173 0 0 0.232151 0 0 0 0 0 0 0 0 0 0.433684 0 0 0 -0.671928
0.735532 1 0.930057 0.778099 0.996651 0 0 0.218094 0 0 0 0 0 0 0 0 0 0.409394 0 0 0 -0.674247
0.735892 1 0.930247 0.777421 0.996815 0 0 0.212995 0 0 0 0 0 0 0 0 0 0.400512 0 0 0 -0.675082
0.73668 1 0.930662 0.775931 0.997161 0 0 0.201767 0 0 0 0 0 0 0 0 0 0.380824 0 0 0 -0.676906
0.739924 1 0.93236 0.769746 0.998376 0 0 0.15472 0 0 0 0 0 0 0 0 0 0.296445 0 0 0 -0.684373
0.740295 1 0.932553 0.769033 0.998493 0 0 0.149253 0 0 0 0 0 0 0 0 0 0.28645 0 0 0 -0.685222
0.743781 1 0.934352 0.762284 0.999381 0 0 0.0970338 0 0 0 0 0 0 0 0 0 0.189117 0 0 0 -0.693157
0.74379 1 0.934356 0.762266 0.999383 0 0 0.0968934 0 0 0 0 0 0 0 0 0 0.18885 0 0 0 -0.693178
0.743868 1 0.934396 0.762114 0.999398 0 0 0.0957073 0 0 0 0 0 0 0 0 0 0.186601 0 0 0 -0.693354
0.744652 1 0.934797 0.760583 0.999542 0 0 0.0837451 0 0 0 0 0 0 0 0 0 0.163829 0 0 0 -0.695126
0.753161 1 0.939071 0.743638 0.99984 0 0 0 0 0.0499371 0 0 0 0 0 0 0 0 0 0 0 -0.714094
0.753407 1 0.939192 0.743139 0.999814 0 0 0 0 0.0537726 0 0 0 0 0 0 0 0 0 0 0 -0.714635
0.757363 1 0.941127 0.735058 0.999133 0 0 0 0 0.114333 0 0 0 0 0 0 0 0 0 0 0 -0.723272
0.758178 1 0.941522 0.733377 0.99893 0 0 0 0 0.126562 0 0 0 0 0 0 0 0 0 0 0 -0.725038
0.760267 1 0.942528 0.729044 0.998313 0 0 0 0 0.157528 0 0 0 0 0 0 0 0 0 0 0 -0.729543
0.76332 1 0.943983 0.72265 0.997161 0 0 0 0 0.201768 0 0 0 0 0 0 0 0 0 0 0 -0.736069
0.767059 1 0.945738 0.714718 0.995344 0 0 0 0 0.254318 0 0 0 0 0 0 0 0 0 0 0 -0.743969
0.768791 1 0.946543 0.711005 0.99435 0 0 0 0 0.278064 0 0 0 0 0 0 0 0 0 0 0 -0.747595
0.768979 1 0.946629 0.710602 0.994237 0 0 0 0 0.280606 0 0 0 0 0 0 0 0 0 0 0 -0.747985
0.777737 1 0.950599 0.691448 0.98769 0 0 0 0 0.394557 0 0 0 0 0 0 0 0 0 0 0 -0.765963
0.779265 1 0.951276 0.688044 0.986297 0 0 0 0 0.41343 0 0 0 0 0 0 0 0 0 0 0 -0.76904
0.780071 1 0.951631 0.686241 0.985532 0 0 0 0 0.423262 0 0 0 0 0 0 0 0 0 0 0 -0.770655
0.781509 1 0.952262 0.68301 0.984115 0 0 0 0 0.440605 0 0 0 0 0 0 0 0 0 0 0 -0.773527
0.782714 1 0.952787 0.680292 0.982877 0 0 0 0 0.454926 0 0 0 0 0 0 0 0 0 0 0 -0.775919
0.782726 1 0.952792 0.680264 0.982864 0 0 0 0 0.455071 0 0 0 0 0 0 0 0 0 0 0 -0.775944
0.786847 1 0.954566 0.670876 0.978277 0 0 0 0 0.502656 0 0 0 0 0 0 0 0 0 0 0 -0.784045
0.789086 1 0.955515 0.665718 0.975557 0 0 0 0 0.527597 0 0 0 0 0 0 0 0 0 0 0 -0.788391
0.789453 1 0.95567 0.664867 0.975095 0 0 0 0 0.531635 0 0 0 0 0 0 0 0 0 0 0 -0.789101
0.792933 1 0.957123 0.656762 0.970509 0 0 0 0 0.568955 0 0 0 0 0 0 0 0 0 0 0 -0.795768
0.793315 1 0.957281 0.655866 0.969982 0 0 0 0 0.57296 0 0 0 0 0 0 0 0 0 0 0 -0.796494
0.795501 1 0.95818 0.650717 0.966875 0 0 0 0 0.595511 0 0 0 0 0 0 0 0 0 0 0 -0.800628
0.795921 1 0.958352 0.649722 0.96626 0 0 0 0 0.59978 0 0 0 0 0 0 0 0 0 0 0 -0.801419
0.796366 1 0.958533 0.648669 0.965603 0 0 0 0 0.604268 0 0 0 0 0 0 0 0 0 0 0 -0.802254
0.798641 1 0.959454 0.643255 0.962146 0 0 0 0 0.626831 0 0 0 0 0 0 0 0 0 0 0 -0.806499
0.799798 1 0.959919 0.640485 0.960323 0 0 0 0 0.638056 0 0 0 0 0 0 0 0 0 0 0 -0.808643
0.799857 1 0.959943 0.640343 0.960228 0 0 0 0 0.638628 0 0 0 0 0 0 0 0 0 0 0 -0.808753
0.802407 1 0.960957 0.6342 0.956056 0 0 0 0 0.662738 0 0 0 0 0 0 0 0 0 0 0 -0.813439
0.810972 1 0.964268 0.613186 0.940519 0 0 0 0 0.737625 0 0 0 0 0 0 0 0 0 0 0 -0.828793
0.813395 1 0.965178 0.607135 0.935698 0 0 0 0 0.757105 0 0 0 0 0 0 0 0 0 0 0 -0.833028
0.815899 1 0.966107 0.60083 0.930516 0 0 0 0 0.776456 0 0 0 0 0 0 0 0 0 0 0 -0.837355
0.825117 1 0.969416 0.577196 0.909719 0 0 0 0 0.840748 0 0 0 0 0 0 0 0 0 0 0 -0.852832
0.826571 1 0.969922 0.573406 0.90619 0 0 0 0 0.849896 0 0 0 0 0 0 0 0 0 0 0 -0.855208
0.830302 1 0.971202 0.563604 0.896827 0 0 0 0 0.872131 0 0 0 0 0 0 0 0 0 0 0 -0.861224
0.831461 1 0.971595 0.560534 0.893826 0 0 0 0 0.878679 0 0 0 0 0 0 0 0 0 0 0 -0.863069
0.833822 1 0.972385 0.554251 0.887581 0 0 0 0 0.891481 0 0 0 0 0 0 0 0 0 0 0 -0.866792
0.83433 1 0.972553 0.552895 0.886216 0 0 0 0 0.89414 0 0 0 0 0 0 0 0 0 0 0 -0.867586
0.834832 1 0.97272 0.55155 0.884856 0 0 0 0 0.896739 0 0 0 0 0 0 0 0 0 0 0 -0.86837
0.834879 1 0.972735 0.551425 0.88473 0 0 0 0 0.896977 0 0 0 0 0 0 0 0 0 0 0 -0.868442
0.836047 1 0.973119 0.54829 0.881535 0 0 0 0 0.902889 0 0 0 0 0 0 0 0 0 0 0 -0.870256
0.836565 1 0.973289 0.546895 0.880103 0 0 0 0 0.905457 0 0 0 0 0 0 0 0 0 0 0 -0.871057
0.838817 1 0.97402 0.540813 0.873786 0 0 0 0 0.916208 0 0 0 0 0 0 0 0 0 0 0 -0.874509
0.840607 1 0.974594 0.535947 0.868645 0 0 0 0 0.924297 0 0 0 0 0 0 0 0 0 0 0 -0.877224
0.844735 1 0.975893 0.52463 0.856403 0 0 0 0 0.941379 0 0 0 0 0 0 0 0 0 0 0 -0.883376
0.84663 1 0.976478 0.519392 0.850603 0 0 0 0 0.948488 0 0 0 0 0 0 0 0 0 0 0 -0.88615
0.848709 1 0.977111 0.513608 0.844105 0 0 0 0 0.955762 0 0 0 0 0 0 0 0 0 0 0 -0.889158
0.849373 1 0.977312 0.511754 0.842 0 0 0 0 0.957968 0 0 0 0 0 0 0 0 0 0 0 -0.890111
0.855512 1 0.979123 0.494446 0.821877 0 0 0 0 0.975693 0 0 0 0 0 0 0 0 0 0 0 -0.898733
0.858287 1 0.979917 0.486521 0.812382 0 0 0 0 0.982124 0 0 0 0 0 0 0 0 0 0 0 -0.902523
0.863107 1 0.98126 0.472614 0.795309 0 0 0 0 0.990947 0 0 0 0 0 0 0 0 0 0 0 -0.90894
0.863209 1 0.981288 0.472316 0.794938 0 0 0 0 0.991103 0 0 0 0 0 0 0 0 0 0 0 -0.909074
0.863521 1 0.981373 0.47141 0.793808 0 0 0 0 0.991567 0 0 0 0 0 0 0 0 0 0 0 -0.909481
0.866006 1 0.982046 0.464158 0.784681 0 0 0 0 0.994823 0 0 0 0 0 0 0 0 0 0 0 -0.912699
0.868305 1 0.982656 0.457406 0.776063 0 0 0 0 0.997131 0 0 0 0 0 0 0 0 0 0 0 -0.915627
0.869282 1 0.982913 0.454524 0.77235 0 0 0 0 0.997907 0 0 0 0 0 0 0 0 0 0 0 -0.916856
0.871243 1 0.983422 0.448713 0.7648 0 0 0 0 0.999097 0 0 0 0 0 0 0 0 0 0 0 -0.919299
0.873122 1 0.983902 0.44312 0.757456 0 0 0 0 0.999774 0 0 0 0 0 0 0 0 0 0 0 -0.921606
0.873742 1 0.984059 0.441267 0.755006 0 0 0 0 0.999899 0 0 0 0 0 0 0 0 0 0 0 -0.92236
0.87605 1 0.984637 0.434344 0.745781 0 0 0 0 0.999929 0 0 0 0 0 0 0 0 0 0 0 -0.925137
0.876623 1 0.984778 0.43262 0.743466 0 0 0 0 0.999831 0 0 0 0 0 0 0 0 0 0 0 -0.925819
0.877237 1 0.984929 0.430768 0.740971 0 0 0 0 0.99968 0 0 0 0 0 0 0 0 0 0 0 -0.926546
0.877784 1 0.985063 0.429118 0.738741 0 0 0 0 0.999504 0 0 0 0 0 0 0 0 0 0 0 -0.927191
0.884245 1 0.986601 0.409424 0.711653 0 0 0 0 0.99453 0 0 0 0 0 0 0 0 0 0 0 -0.934603
0.88756 1 0.987357 0.399189 0.697237 0 0 0 0 0.989904 0 0 0 0 0 0 0 0 0 0 0 -0.938256
0.887865 1 0.987426 0.398244 0.695894 0 0 0 0 0.989408 0 0 0 0 0 0 0 0 0 0 0 -0.938587
0.892634 1 0.988473 0.383354 0.674488 0 0 0 0 0.980098 0 0 0 0 0 0 0 0 0 0 0 -0.943652
0.896765 1 0.989343 0.37031 0.655361 0 0 0 0 0.969682 0 0 0 0 0 0 0 0 0 0 0 -0.947867
0.897279 1 0.989448 0.368679 0.652944 0 0 0 0 0.968234 0 0 0 0 0 0 0 0 0 0 0 -0.94838
0.898718 1 0.989742 0.364094 0.646125 0 0 0 0 0.963996 0 0 0 0 0 0 0 0 0 0 0 -0.949805
0.901081 1 0.990215 0.356536 0.634792 0 0 0 0 0.956466 0 0 0 0 0 0 0 0 0 0 0 -0.952101
0.904291 1 0.99084 0.346196 0.61911 0 0 0 0 0.945091 0 0 0 0 0 0 0 0 0 0 0 -0.955135
0.905891 1 0.991143 0.341011 0.61117 0 0 0 0 0.93893 0 0 0 0 0 0 0 0 0 0 0 -0.956612
0.907821 1 0.991503 0.334728 0.60148 0 0 0 0 0.931058 0 0 0 0 0 0 0 0 0 0 0 -0.958361
0.911044 1 0.992087 0.32417 0.585035 0 0 0 0 0.916851 0 0 0 0 0 0 0 0 0 0 0 -0.961204
0.91211 1 0.992275 0.32066 0.579523 0 0 0 0 0.91186 0 0 0 0 0 0 0 0 0 0 0 -0.962122
0.913565 1 0.992529 0.315855 0.571943 0 0 0 0 0.904815 0 0 0 0 0 0 0 0 0 0 0 -0.963358
0.915167 1 0.992803 0.310546 0.563519 0 0 0 0 0.896744 0 0 0 0 0 0 0 0 0 0 0 -0.964696
0.922549 1 0.994001 0.285809 0.523629 0 0 0 0 0.855302 0 0 0 0 0 0 0 0 0 0 0 -0.970544
0.924838 1 0.994351 0.278051 0.510908 0 0 0 0 0.841036 0 0 0 0 0 0 0 0 0 0 0 -0.972251
0.92659 1 0.994611 0.272083 0.501055 0 0 0 0 0.829661 0 0 0 0 0 0 0 0 0 0 0 -0.973524
0.927438 1 0.994735 0.269188 0.496253 0 0 0 0 0.824018 0 0 0 0 0 0 0 0 0 0 0 -0.974129
0.929092 1 0.994972 0.263521 0.486818 0 0 0 0 0.812741 0 0 0 0 0 0 0 0 0 0 0 -0.97529
0.9351 1 0.995788 0.242753 0.451809 0 0 0 0 0.768833 0 0 0 0 0 0 0 0 0 0 0 -0.979286
0.93832 1 0.996196 0.231504 0.432572 0 0 0 0 0.743401 0 0 0 0 0 0 0 0 0 0 0 -0.981284
0.939209 1 0.996304 0.228381 0.427198 0 0 0 0 0.73614 0 0 0 0 0 0 0 0 0 0 0 -0.981819
0.940683 1 0.996481 0.223196 0.418243 0 0 0 0 0.723892 0 0 0 0 0 0 0 0 0 0 0 -0.982687
0.942666 1 0.996713 0.216188 0.406078 0 0 0 0 0.706966 0 0 0 0 0 0 0 0 0 0 0 -0.983822
0.943616 1 0.996821 0.21282 0.400207 0 0 0 0 0.698681 0 0 0 0 0 0 0 0 0 0 0 -0.984352
0.94604 1 0.997088 0.204193 0.385092 0 0 0 0 0.677011 0 0 0 0 0 0 0 0 0 0 0 -0.985666
0.947451 1 0.997239 0.199151 0.376211 0 0 0 0 0.664056 0 0 0 0 0 0 0 0 0 0 0 -0.986404
0.948422 1 0.99734 0.195671 0.370059 0 0 0 0 0.654989 0 0 0 0 0 0 0 0 0 0 0 -0.986901
0.948517 1 0.99735 0.195329 0.369453 0 0 0 0 0.654092 0 0 0 0 0 0 0 0 0 0 0 -0.986949
0.952106 1 0.997706 0.182402 0.346454 0 0 0 0 0.619503 0 0 0 0 0 0 0 0 0 0 0 -0.988701
0.952979 1 0.997789 0.17924 0.340792 0 0 0 0 0.610832 0 0 0 0 0 0 0 0 0 0 0 -0.989109
0.953114 1 0.997802 0.178751 0.339916 0 0 0 0 0.609486 0 0 0 0 0 0 0 0 0 0 0 -0.989171
0.954143 1 0.997897 0.175018 0.333213 0 0 0 0 0.599133 0 0 0 0 0 0 0 0 0 0 0 -0.989641
0.956023 1 0.998066 0.168173 0.320875 0 0 0 0 0.579861 0 0 0 0 0 0 0 0 0 0 0 -0.990471
0.960674 1 0.998453 0.151118 0.289864 0 0 0 0 0.530239 0 0 0 0 0 0 0 0 0 0 0 -0.992378
0.961335 1 0.998505 0.14868 0.2854 0 0 0 0 0.522961 0 0 0 0 0 0 0 0 0 0 0 -0.992632
0.962275 1 0.998577 0.145208 0.27903 0 0 0 0 0.512518 0 0 0 0 0 0 0 0 0 0 0 -0.992985
0.964947 1 0.998771 0.135297 0.260765 0 0 0 0 0.482211 0 0 0 0 0 0 0 0 0 0 0 -0.993943
0.964977 1 0.998773 0.135187 0.26056 0 0 0 0 0.481868 0 0 0 0 0 0 0 0 0 0 0 -0.993953
0.967223 1 0.998926 0.12681 0.245025 0 0 0 0 0.455672 0 0 0 0 0 0 0 0 0 0 0 -0.994703
0.975475 1 0.999399 0.0956932 0.186575 0 0 0 0 0.353903 0 0 0 0 0 0 0 0 0 0 0 -0.997033
0.980965 1 0.999638 0.0746899 0.146481 0 0 0 0 0.281368 0 0 0 0 0 0 0 0 0 0 0 -0.998213
0.982077 1 0.999679 0.0704065 0.138243 0 0 0 0 0.266207 0 0 0 0 0 0 0 0 0 0 0 -0.998415
0.985638 1 0.999794 0.0566229 0.111596 0 0 0 0 0.216591 0 0 0 0 0 0 0 0 0 0 0 -0.998982
0.989077 1 0.999881 0.0432134 0.0854723 0 0 0 0 0.167127 0 0 0 0 0 0 0 0 0 0 0 -0.999411
0.989455 1 0.999889 0.0417365 0.0825835 0 0 0 0 0.161608 0 0 0 0 0 0 0 0 0 0 0 -0.999451
0.990942 1 0.999918 0.0359034 0.0711504 0 0 0 0 0.139675 0 0 0 0 0 0 0 0 0 0 0 -0.999595
0.991026 1 0.999919 0.0355749 0.0705055 0 0 0 0 0.138434 0 0 0 0 0 0 0 0 0 0 0 -0.999603
0.991629 1 0.99993 0.0332042 0.0658477 0 0 0 0 0.129453 0 0 0 0 0 0 0 0 0 0 0 -0.999654
0.993071 1 0.999952 0.0275251 0.0546662 0 0 0 0 0.107796 0 0 0 0 0 0 0 0 0 0 0 -0.999763
0.996233 1 0.999986 0.0150098 0.0299061 0 0 0 0 0.0593582 0 0 0 0 0 0 0 0 0 0 0 -0.99993
0.996508 1 0.999988 0.0139188 0.02774 0 0 0 0 0.0550897 0 0 0 0 0 0 0 0 0 0 0 -0.99994
0.99856 1 0.999998 0.00575113 0.0114857 0 0 0 0 0.022905 0 0 0 0 0 0 0 0 0 0 0 -0.99999
1 -2 0.5 -0.207107 0 0.207107 0.0226467 -0.0226467 -0.0185494 0.0185494 -0.0035339 0.0035339 0 -2 -2 0.5 -0.00339262 -1.20711 1.57921 1.20711 
0 1 0.5 0.75 -1 0.25 0.625 0.375 0.875 0.125 0.4375 0.5625 -0.5 -0.75 -0.25 -0.125 0.6875 -0.0625 -0.09375 -0.1875 