410
1 0.944785
2 0.111871
3 0.111871
4 0.512323
5 0.512323
6 0.0018928
7 0.0018928
8 0.0018928
9 0.00308645
10 0.00308645
11 0.00196904
12 0.00196904
13 0.00196904
14 0.00196904
15 0.00196904
16 0.0322779
17 0.0322779
18 0.00558267
19 0.00558267
20 0.00558267
21 0.00472071
22 0.00472071
23 0.00536512
24 0.00536512
25 0.00536512
26 0.00536512
27 0.00536512
28 0.00536512
29 0.00536512
30 0.0151294
31 0.0151294
32 0.0151294
33 0.0151294
34 0.0151294
35 0.0151294
36 0.0151294
37 0.0151294
38 0.0151294
39 0.0151294
40 0.0151294
41 0.0156166
42 0.0156166
43 0.0156166
44 0.0156166
45 0.0156166
46 0.0156166
47 0.0156166
48 0.0156166
49 0.0151426
50 0.0151426
51 0.0151426
52 0.0151426
53 0.0151426
54 0.0151426
55 0.0151426
56 0.0151426
57 0.0151426
58 0.0151426
59 0.0151426
60 0.0151426
61 0.0151426
62 0.000103135
63 0.000103135
64 0.000103135
65 0.000103135
66 0.000103135
67 0.000103135
68 0.000103135
69 0.000103135
70 0.000103135
71 0.000103135
72 0.000103135
73 0.000103135
74 0.000103135
75 0.000103135
76 0.000103135
77 0.000403006
78 0.000403006
79 0.000403006
80 0.000403006
81 0.000403006
82 0.000403006
83 0.000403006
84 0.000403006
85 0.000403006
86 0.000403006
87 0.000403006
88 0.000403006
89 0.000403006
90 0.000403006
91 0.000403006
92 0.000403006
93 0.000403006
94 0.000403006
95 0.000403006
96 0.000403006
97 0.000403006
98 0.000403006
99 0.000403006
100 0.000403006
101 0.000659083
102 0.000659083
103 0.000659083
104 0.000659083
105 0.000659083
106 0.000659083
107 0.000659083
108 0.000659083
109 0.000659083
110 0.000659083
111 0.000659083
112 0.000659083
113 0.000659083
114 0.000659083
115 0.000659083
116 0.000659083
117 0.000447265
118 0.000447265
119 0.000447265
120 0.000447265
121 0.000447265
122 0.000447265
123 0.000447265
124 0.000447265
125 0.000371931
126 0.000371931
127 0.000371931
128 0.000371931
129 0.000371931
130 0.000371931
131 0.000371931
132 0.000371931
133 0.000371931
134 8.84892e-05
135 8.84892e-05
136 8.84892e-05
137 8.84892e-05
138 8.84892e-05
139 8.84892e-05
140 8.84892e-05
141 8.84892e-05
142 1.79469e-05
143 1.79469e-05
144 1.79469e-05
145 1.79469e-05
146 1.79469e-05
147 1.79469e-05
148 1.79469e-05
149 1.79469e-05
150 1.79469e-05
151 1.79469e-05
152 1.79469e-05
153 1.79469e-05
154 1.79469e-05
155 1.79469e-05
156 1.79469e-05
157 1.79469e-05
158 1.79469e-05
159 1.79469e-05
160 1.79469e-05
161 1.79469e-05
162 1.79469e-05
163 1.79469e-05
164 1.79469e-05
165 1.79469e-05
166 1.57156e-05
167 1.57156e-05
168 1.57156e-05
169 1.57156e-05
170 1.57156e-05
171 1.57156e-05
172 1.57156e-05
173 1.57156e-05
174 1.57156e-05
175 1.57156e-05
176 1.57156e-05
177 1.57156e-05
178 4.42248e-05
179 4.42248e-05
180 4.42248e-05
181 4.42248e-05
182 4.42248e-05
183 4.42248e-05
184 4.42248e-05
185 4.42248e-05
186 4.42248e-05
187 4.42248e-05
188 4.42248e-05
189 4.42248e-05
190 4.42248e-05
191 4.42248e-05
192 4.42248e-05
193 0.000118557
194 0.000118557
195 0.000118557
196 0.000118557
197 0.000118557
198 0.000118557
199 0.000118557
200 0.000118557
201 0.000118557
202 0.000118557
203 0.000118557
204 0.000118557
205 0.000118557
206 0.000118557
207 0.000118557
208 0.000118557
209 0.000118557
210 0.000118557
211 0.000118557
212 0.000118557
213 0.000118557
214 0.000118557
215 0.000118557
216 0.000118557
217 0.000118557
218 0.000118557
219 0.000118557
220 0.000118557
221 0.000118557
222 0.000118557
223 0.000118557
224 0.000118557
225 0.000118557
226 0.000118557
227 0.000118557
228 0.000118557
229 0.000118557
230 0.000118557
231 0.000118557
232 0.000118557
233 0.000118557
234 0.000118557
235 0.000118557
236 0.000118557
237 0.000118557
238 0.000118557
239 0.000118557
240 0.000118557
241 0.000249502
242 0.000249502
243 0.000249502
244 0.000249502
245 0.000249502
246 0.000249502
247 0.000249502
248 0.000249502
249 0.000249502
250 0.000249502
251 0.000249502
252 0.000249502
253 0.000249502
254 0.000249502
255 0.000249502
256 0.000249502
257 0.000249502
258 0.000249502
259 0.000249502
260 0.000249502
261 0.000249502
262 0.000249502
263 0.000249502
264 0.000249502
265 0.000249502
266 0.000249502
267 0.000249502
268 0.000249502
269 0.000249502
270 0.000249502
271 0.000249502
272 0.000249502
273 0.000149328
274 0.000149328
275 0.000149328
276 0.000149328
277 0.000149328
278 0.000149328
279 0.000149328
280 0.000149328
281 0.000149328
282 0.000149328
283 0.000149328
284 0.000149328
285 0.000149328
286 0.000149328
287 0.000149328
288 0.000149328
289 0.000136771
290 0.000136771
291 0.000136771
292 0.000136771
293 0.000136771
294 0.000136771
295 0.000136771
296 0.000136771
297 0.000136771
298 0.000136771
299 0.000136771
300 0.000136771
301 0.000136771
302 0.000136771
303 0.000136771
304 0.000136771
305 0.000136771
306 0.000136771
307 0.000136771
308 0.000136771
309 0.000136771
310 0.000136771
311 0.000136771
312 0.000136771
313 0.000136771
314 0.000136771
315 0.000136771
316 0.000136771
317 0.000136771
318 2.25159e-06
319 2.25159e-06
320 2.25159e-06
321 2.25159e-06
322 2.25159e-06
323 2.25159e-06
324 2.25159e-06
325 2.25159e-06
326 2.25159e-06
327 2.25159e-06
328 2.25159e-06
329 2.25159e-06
330 2.25159e-06
331 2.25159e-06
332 2.25159e-06
333 2.25159e-06
334 2.25159e-06
335 2.25159e-06
336 2.25159e-06
337 2.25159e-06
338 2.25159e-06
339 2.25159e-06
340 2.25159e-06
341 2.25159e-06
342 2.25159e-06
343 2.25159e-06
344 2.25159e-06
345 2.25159e-06
346 2.25159e-06
347 2.25159e-06
348 2.25159e-06
349 2.25159e-06
350 2.25159e-06
351 2.25159e-06
352 2.25159e-06
353 2.25159e-06
354 2.25159e-06
355 2.25159e-06
356 2.25159e-06
357 2.25159e-06
358 2.25159e-06
359 2.25159e-06
360 2.25159e-06
361 2.25159e-06
362 2.25159e-06
363 2.25159e-06
364 2.25159e-06
365 2.25159e-06
366 2.25159e-06
367 2.25159e-06
368 2.25159e-06
369 2.25159e-06
370 2.25159e-06
371 2.25159e-06
372 2.25159e-06
373 2.25159e-06
374 2.25159e-06
375 2.25159e-06
376 2.25159e-06
377 2.25159e-06
378 2.25159e-06
379 2.25159e-06
380 2.25159e-06
381 2.25159e-06
382 2.25159e-06
383 2.25159e-06
384 2.25159e-06
385 2.25159e-06
386 2.25159e-06
387 2.25159e-06
388 2.25159e-06
389 2.25159e-06
390 2.25159e-06
391 2.25159e-06
392 2.25159e-06
393 2.25159e-06
394 2.25159e-06
395 2.25159e-06
396 2.25159e-06
397 2.25159e-06
398 2.25159e-06
399 2.25159e-06
400 2.25159e-06
401 2.25159e-06
402 2.25159e-06
403 2.25159e-06
404 2.25159e-06
405 2.25159e-06
406 2.25159e-06
407 2.25159e-06
408 2.25159e-06
409 2.25159e-06
410 2.25159e-06
