2.38122 -0.779649 -0.782718 -0.782818 -0.784242 -0.788514 -0.78878 -0.789523 -0.789523 -0.789523 
2.38122 -0.779223 -0.782721 -0.782836 -0.784457 -0.789322 -0.789625 -0.790468 -0.790468 -0.790468 
2.38122 -0.777695 -0.782733 -0.782898 -0.785226 -0.792206 -0.792638 -0.793841 -0.793841 -0.793841 
2.38122 -0.776772 -0.78274 -0.782935 -0.785686 -0.793935 -0.794444 -0.795859 -0.795859 -0.795859 
2.38122 -0.775188 -0.782749 -0.782996 -0.786471 -0.79688 -0.797518 -0.799292 -0.799292 -0.799292 
2.38122 -0.7699 -0.782771 -0.783189 -0.789036 -0.806519 -0.807567 -0.810477 -0.810477 -0.810477 
2.38122 -0.764568 -0.782774 -0.783364 -0.79154 -0.815935 -0.817365 -0.821329 -0.821329 -0.821329 
2.38122 -0.762619 -0.782771 -0.783423 -0.792434 -0.819301 -0.820864 -0.82519 -0.82519 -0.82519 
2.38122 -0.761441 -0.782767 -0.783457 -0.792969 -0.821318 -0.822958 -0.827498 -0.827498 -0.827498 
2.38122 -0.760945 -0.782766 -0.783471 -0.793193 -0.822161 -0.823834 -0.828463 -0.828463 -0.828463 
2.38122 -0.758818 -0.782757 -0.78353 -0.794146 -0.825754 -0.827562 -0.832563 -0.832563 -0.832563 
2.38122 -0.754368 -0.782729 -0.783642 -0.796097 -0.833115 -0.835191 -0.840926 -0.840926 -0.840926 
2.38122 -0.752865 -0.782717 -0.783677 -0.796744 -0.835556 -0.837719 -0.843689 -0.843689 -0.843689 
2.38122 -0.751975 -0.782709 -0.783697 -0.797123 -0.836991 -0.839203 -0.84531 -0.84531 -0.84531 
2.38122 -0.747395 -0.782661 -0.783791 -0.79904 -0.844243 -0.8467 -0.853471 -0.853471 -0.853471 
2.38122 -0.74242 -0.782593 -0.783876 -0.801056 -0.85188 -0.854581 -0.862008 -0.862008 -0.862008 
2.38122 -0.736999 -0.782501 -0.783949 -0.803172 -0.859923 -0.862862 -0.87093 -0.87093 -0.87093 
2.38122 -0.736377 -0.782489 -0.783956 -0.80341 -0.860828 -0.863792 -0.871929 -0.871929 -0.871929 
2.38122 -0.722031 -0.782149 -0.784044 -0.80859 -0.880636 -0.884099 -0.893558 -0.893558 -0.893558 
2.38122 -0.714376 -0.781914 -0.784032 -0.811124 -0.890403 -0.894063 -0.904034 -0.904034 -0.904034 
2.38122 -0.714353 -0.781914 -0.784032 -0.811131 -0.890431 -0.894091 -0.904064 -0.904064 -0.904064 
2.38122 -0.712296 -0.781844 -0.784022 -0.811785 -0.892962 -0.896668 -0.906756 -0.906756 -0.906756 
2.38122 -0.707183 -0.781659 -0.783984 -0.81336 -0.899083 -0.902888 -0.913226 -0.913226 -0.913226 
2.38122 -0.698005 -0.781286 -0.783869 -0.816013 -0.909475 -0.91341 -0.92407 -0.92407 -0.92407 
2.38122 -0.697408 -0.78126 -0.78386 -0.816178 -0.910125 -0.914067 -0.924741 -0.924741 -0.924741 
2.38122 -0.691836 -0.781005 -0.783759 -0.817672 -0.916036 -0.920027 -0.930814 -0.930814 -0.930814 
2.38122 -0.690504 -0.780941 -0.783732 -0.818017 -0.917409 -0.921409 -0.932215 -0.932215 -0.932215 
2.38122 -0.689244 -0.780879 -0.783705 -0.818339 -0.918693 -0.9227 -0.933521 -0.933521 -0.933521 
2.38122 -0.684397 -0.780633 -0.783591 -0.81954 -0.923505 -0.927531 -0.938386 -0.938386 -0.938386 
2.38122 -0.680742 -0.780438 -0.783495 -0.820406 -0.927 -0.931032 -0.941886 -0.941886 -0.941886 
2.38122 -0.678666 -0.780323 -0.783435 -0.820883 -0.928934 -0.932965 -0.94381 -0.94381 -0.94381 
2.38122 -0.678278 -0.780301 -0.783424 -0.820971 -0.929292 -0.933323 -0.944166 -0.944166 -0.944166 
2.38122 -0.672028 -0.779937 -0.783226 -0.822333 -0.934877 -0.93889 -0.949662 -0.949662 -0.949662 
2.38122 -0.663246 -0.779384 -0.782903 -0.824082 -0.942175 -0.946129 -0.956708 -0.956708 -0.956708 
2.38122 -0.658813 -0.779086 -0.782719 -0.824892 -0.945621 -0.94953 -0.959973 -0.959973 -0.959973 
2.38122 -0.656114 -0.778898 -0.7826 -0.825361 -0.947641 -0.951518 -0.961867 -0.961867 -0.961867 
2.38122 -0.655388 -0.778847 -0.782568 -0.825484 -0.948175 -0.952043 -0.962365 -0.962365 -0.962365 
2.38122 -0.654945 -0.778816 -0.782547 -0.825559 -0.948498 -0.95236 -0.962666 -0.962666 -0.962666 
2.38122 -0.649522 -0.778421 -0.782289 -0.826433 -0.952333 -0.956119 -0.966201 -0.966201 -0.966201 
2.38122 -0.645127 -0.778087 -0.782065 -0.827089 -0.955272 -0.958987 -0.968864 -0.968864 -0.968864 
2.38122 -0.639842 -0.777669 -0.781778 -0.827816 -0.95861 -0.962229 -0.971833 -0.971833 -0.971833 
2.38122 -0.639054 -0.777605 -0.781733 -0.827919 -0.959089 -0.962693 -0.972253 -0.972253 -0.972253 
2.38122 -0.634167 -0.7772 -0.781448 -0.828523 -0.961957 -0.965461 -0.974741 -0.974741 -0.974741 
2.38122 -0.631683 -0.776988 -0.781296 -0.828808 -0.963346 -0.966796 -0.975926 -0.975926 -0.975926 
2.38122 -0.625471 -0.776442 -0.780898 -0.829459 -0.96662 -0.969926 -0.978654 -0.978654 -0.978654 
2.38122 -0.625207 -0.776418 -0.780881 -0.829484 -0.966753 -0.970052 -0.978763 -0.978763 -0.978763 
2.38122 -0.623066 -0.776224 -0.780737 -0.829687 -0.967812 -0.971058 -0.979623 -0.979623 -0.979623 
2.38122 -0.616662 -0.775625 -0.780288 -0.830228 -0.970781 -0.973861 -0.981968 -0.981968 -0.981968 
2.38122 -0.616425 -0.775602 -0.780271 -0.830246 -0.970885 -0.973959 -0.982049 -0.982049 -0.982049 
2.38122 -0.603832 -0.774346 -0.779303 -0.831031 -0.975858 -0.978571 -0.985678 -0.985678 -0.985678 
2.38122 -0.598635 -0.773798 -0.778871 -0.831251 -0.977592 -0.980144 -0.986818 -0.986818 -0.986818 
2.38122 -0.596272 -0.773543 -0.778668 -0.831332 -0.97832 -0.980797 -0.98727 -0.98727 -0.98727 
2.38122 -0.592786 -0.773161 -0.778363 -0.831428 -0.979325 -0.98169 -0.987861 -0.987861 -0.987861 
2.38122 -0.59264 -0.773145 -0.77835 -0.831431 -0.979366 -0.981726 -0.987883 -0.987883 -0.987883 
2.38122 -0.592352 -0.773113 -0.778324 -0.831438 -0.979445 -0.981795 -0.987928 -0.987928 -0.987928 
2.38122 -0.584778 -0.772253 -0.777628 -0.831548 -0.981332 -0.983429 -0.988885 -0.988885 -0.988885 
2.38122 -0.579678 -0.771654 -0.777138 -0.831552 -0.982393 -0.984314 -0.989303 -0.989303 -0.989303 
2.38122 -0.577108 -0.771345 -0.776883 -0.831533 -0.982865 -0.984696 -0.989446 -0.989446 -0.989446 
2.38122 -0.576818 -0.77131 -0.776855 -0.83153 -0.982916 -0.984736 -0.989459 -0.989459 -0.989459 
2.38122 -0.57413 -0.770982 -0.776583 -0.831493 -0.98336 -0.985085 -0.989555 -0.989555 -0.989555 
2.38122 -0.572394 -0.770768 -0.776405 -0.831461 -0.983622 -0.985285 -0.989592 -0.989592 -0.989592 
2.38122 -0.571959 -0.770714 -0.77636 -0.831452 -0.983685 -0.985332 -0.989598 -0.989598 -0.989598 
2.38122 -0.569195 -0.770369 -0.776072 -0.831386 -0.984058 -0.985605 -0.989607 -0.989607 -0.989607 
2.38122 -0.568586 -0.770292 -0.776008 -0.831369 -0.984133 -0.985658 -0.989602 -0.989602 -0.989602 
2.38122 -0.565865 -0.769946 -0.775718 -0.831285 -0.984444 -0.985869 -0.989552 -0.989552 -0.989552 
2.38122 -0.565422 -0.769889 -0.77567 -0.83127 -0.98449 -0.985899 -0.98954 -0.98954 -0.98954 
2.38122 -0.560572 -0.76926 -0.775139 -0.831077 -0.984919 -0.986148 -0.98932 -0.98932 -0.98932 
2.38122 -0.560293 -0.769223 -0.775107 -0.831064 -0.984939 -0.986158 -0.989302 -0.989302 -0.989302 
2.38122 -0.559456 -0.769113 -0.775014 -0.831025 -0.984997 -0.986185 -0.989248 -0.989248 -0.989248 
2.38122 -0.550539 -0.767909 -0.773987 -0.830524 -0.985361 -0.986213 -0.988402 -0.988402 -0.988402 
2.38122 -0.550391 -0.767889 -0.77397 -0.830514 -0.985363 -0.986209 -0.988384 -0.988384 -0.988384 
2.38122 -0.546799 -0.767389 -0.773541 -0.830265 -0.985375 -0.986085 -0.987905 -0.987905 -0.987905 
2.38122 -0.54494 -0.767128 -0.773315 -0.830126 -0.985353 -0.985991 -0.987628 -0.987628 -0.987628 
2.38122 -0.544077 -0.767005 -0.773209 -0.830059 -0.985335 -0.985941 -0.987492 -0.987492 -0.987492 
2.38122 -0.543153 -0.766874 -0.773096 -0.829986 -0.985312 -0.985882 -0.987342 -0.987342 -0.987342 
2.38122 -0.542239 -0.766743 -0.772983 -0.829912 -0.985284 -0.985819 -0.987189 -0.987189 -0.987189 
2.38122 -0.54098 -0.766563 -0.772826 -0.829807 -0.985239 -0.985725 -0.98697 -0.98697 -0.98697 
2.38122 -0.539082 -0.766288 -0.772588 -0.829643 -0.985153 -0.985566 -0.986624 -0.986624 -0.986624 
2.38122 -0.531604 -0.765185 -0.771625 -0.828927 -0.98462 -0.984744 -0.985063 -0.985063 -0.985063 
2.38122 -0.529311 -0.76484 -0.771322 -0.828686 -0.984395 -0.984431 -0.984523 -0.984523 -0.984523 
2.38122 -0.526677 -0.764439 -0.77097 -0.828396 -0.984101 -0.984036 -0.983868 -0.983868 -0.983868 
2.38122 -0.522311 -0.763765 -0.770375 -0.827886 -0.983533 -0.983299 -0.982703 -0.982703 -0.982703 
2.38122 -0.521837 -0.763691 -0.77031 -0.827828 -0.983465 -0.983213 -0.982571 -0.982571 -0.982571 
2.38122 -0.516783 -0.762893 -0.769603 -0.827187 -0.982669 -0.982222 -0.981087 -0.981087 -0.981087 
2.38122 -0.51616 -0.762794 -0.769515 -0.827105 -0.982562 -0.982091 -0.980895 -0.980895 -0.980895 
2.38122 -0.515913 -0.762755 -0.76948 -0.827072 -0.982519 -0.982038 -0.980819 -0.980819 -0.980819 
2.38122 -0.510478 -0.761876 -0.768697 -0.82632 -0.981491 -0.980802 -0.979057 -0.979057 -0.979057 
2.38122 -0.509828 -0.76177 -0.768602 -0.826227 -0.981358 -0.980644 -0.978837 -0.978837 -0.978837 
2.38122 -0.509242 -0.761673 -0.768516 -0.826141 -0.981237 -0.9805 -0.978636 -0.978636 -0.978636 
2.38122 -0.507882 -0.761449 -0.768316 -0.825941 -0.980947 -0.980159 -0.978165 -0.978165 -0.978165 
2.38122 -0.507209 -0.761338 -0.768216 -0.825841 -0.980801 -0.979987 -0.977928 -0.977928 -0.977928 
2.38122 -0.506143 -0.761162 -0.768058 -0.825681 -0.980564 -0.97971 -0.977549 -0.977549 -0.977549 
2.38122 -0.505661 -0.761081 -0.767986 -0.825607 -0.980455 -0.979582 -0.977376 -0.977376 -0.977376 
2.38122 -0.503671 -0.760749 -0.767688 -0.8253 -0.979993 -0.979045 -0.976649 -0.976649 -0.976649 
2.38122 -0.501688 -0.760415 -0.767388 -0.824987 -0.979514 -0.97849 -0.975907 -0.975907 -0.975907 
2.38122 -0.50072 -0.760251 -0.76724 -0.824831 -0.979272 -0.978212 -0.975538 -0.975538 -0.975538 
2.38122 -0.491173 -0.758603 -0.765752 -0.823205 -0.976649 -0.975232 -0.971671 -0.971671 -0.971671 
2.38122 -0.490261 -0.758442 -0.765606 -0.823041 -0.976376 -0.974925 -0.97128 -0.97128 -0.97128 
2.38122 -0.489505 -0.758309 -0.765485 -0.822904 -0.976146 -0.974668 -0.970954 -0.970954 -0.970954 
2.38122 -0.488085 -0.758057 -0.765257 -0.822644 -0.975708 -0.974177 -0.970333 -0.970333 -0.970333 
2.38122 -0.486898 -0.757845 -0.765065 -0.822423 -0.975334 -0.97376 -0.969809 -0.969809 -0.969809 
2.38122 -0.486547 -0.757783 -0.765008 -0.822358 -0.975222 -0.973635 -0.969652 -0.969652 -0.969652 
2.38122 -0.485361 -0.75757 -0.764815 -0.822134 -0.97484 -0.97321 -0.96912 -0.96912 -0.96912 
2.38122 -0.485093 -0.757522 -0.764771 -0.822084 -0.974753 -0.973113 -0.968999 -0.968999 -0.968999 
2.38122 -0.484799 -0.757469 -0.764723 -0.822028 -0.974657 -0.973006 -0.968866 -0.968866 -0.968866 
2.38122 -0.481437 -0.756861 -0.764169 -0.821377 -0.97353 -0.971757 -0.967317 -0.967317 -0.967317 
2.38122 -0.480322 -0.756658 -0.763983 -0.821157 -0.973145 -0.971332 -0.966793 -0.966793 -0.966793 
2.38122 -0.478269 -0.756282 -0.76364 -0.820746 -0.972421 -0.970534 -0.965816 -0.965816 -0.965816 
2.38122 -0.477419 -0.756125 -0.763496 -0.820574 -0.972115 -0.970199 -0.965406 -0.965406 -0.965406 
2.38122 -0.475256 -0.755724 -0.76313 -0.82013 -0.971324 -0.96933 -0.964349 -0.964349 -0.964349 
2.38122 -0.472183 -0.75515 -0.762603 -0.819484 -0.970163 -0.968061 -0.962816 -0.962816 -0.962816 
2.38122 -0.4652 -0.753823 -0.761383 -0.817958 -0.967371 -0.965028 -0.959196 -0.959196 -0.959196 
2.38122 -0.463927 -0.753578 -0.761157 -0.81767 -0.96684 -0.964453 -0.958516 -0.958516 -0.958516 
2.38122 -0.462082 -0.75322 -0.760828 -0.817249 -0.966057 -0.963608 -0.95752 -0.95752 -0.95752 
2.38122 -0.456267 -0.752079 -0.759774 -0.815883 -0.963495 -0.960853 -0.954299 -0.954299 -0.954299 
2.38122 -0.454155 -0.75166 -0.759385 -0.815373 -0.962529 -0.959818 -0.953098 -0.953098 -0.953098 
2.38122 -0.452538 -0.751336 -0.759085 -0.814977 -0.961778 -0.959014 -0.952169 -0.952169 -0.952169 
2.38122 -0.451869 -0.751202 -0.758961 -0.814812 -0.961464 -0.958679 -0.951782 -0.951782 -0.951782 
2.38122 -0.451817 -0.751192 -0.758951 -0.814799 -0.961439 -0.958652 -0.951751 -0.951751 -0.951751 
2.38122 -0.44814 -0.750449 -0.758261 -0.813879 -0.95968 -0.956776 -0.949594 -0.949594 -0.949594 
2.38122 -0.444559 -0.749717 -0.75758 -0.812961 -0.957913 -0.954898 -0.94745 -0.94745 -0.94745 
2.38122 -0.442308 -0.749253 -0.757148 -0.812373 -0.956777 -0.953692 -0.946079 -0.946079 -0.946079 
2.38122 -0.440807 -0.748941 -0.756857 -0.811977 -0.956008 -0.952877 -0.945156 -0.945156 -0.945156 
2.38122 -0.436899 -0.748124 -0.756094 -0.810927 -0.953965 -0.950717 -0.942719 -0.942719 -0.942719 
2.38122 -0.434094 -0.747531 -0.75554 -0.810159 -0.952463 -0.949132 -0.94094 -0.94094 -0.94094 
2.38122 -0.433353 -0.747374 -0.755393 -0.809954 -0.952061 -0.948709 -0.940466 -0.940466 -0.940466 
2.38122 -0.433041 -0.747308 -0.755331 -0.809867 -0.951891 -0.94853 -0.940266 -0.940266 -0.940266 
2.38122 -0.430635 -0.746794 -0.754849 -0.809194 -0.950569 -0.947139 -0.938713 -0.938713 -0.938713 
2.38122 -0.426341 -0.745867 -0.75398 -0.80797 -0.948155 -0.944604 -0.935896 -0.935896 -0.935896 
2.38122 -0.422875 -0.745111 -0.753269 -0.80696 -0.946157 -0.942512 -0.933584 -0.933584 -0.933584 
2.38122 -0.419492 -0.744365 -0.752568 -0.805957 -0.944165 -0.940429 -0.931292 -0.931292 -0.931292 
2.38122 -0.417318 -0.743882 -0.752112 -0.805303 -0.942862 -0.93907 -0.929802 -0.929802 -0.929802 
2.38122 -0.416463 -0.743691 -0.751933 -0.805043 -0.942346 -0.938532 -0.929213 -0.929213 -0.929213 
2.38122 -0.41514 -0.743395 -0.751653 -0.80464 -0.941541 -0.937693 -0.928296 -0.928296 -0.928296 
2.38122 -0.412324 -0.742761 -0.751055 -0.803772 -0.939808 -0.935889 -0.92633 -0.92633 -0.92633 
2.38122 -0.41065 -0.742381 -0.750696 -0.803251 -0.938765 -0.934805 -0.925151 -0.925151 -0.925151 
2.38122 -0.408529 -0.741898 -0.75024 -0.802584 -0.937429 -0.933418 -0.923647 -0.923647 -0.923647 
2.38122 -0.401773 -0.74034 -0.748764 -0.800414 -0.933072 -0.928903 -0.918776 -0.918776 -0.918776 
2.38122 -0.400785 -0.740109 -0.748545 -0.800091 -0.932422 -0.928231 -0.918053 -0.918053 -0.918053 
2.38122 -0.384715 -0.736275 -0.744898 -0.794635 -0.921406 -0.916885 -0.905976 -0.905976 -0.905976 
2.38122 -0.38368 -0.736023 -0.744657 -0.79427 -0.920669 -0.916129 -0.905177 -0.905177 -0.905177 
2.38122 -0.381528 -0.735495 -0.744154 -0.793508 -0.919125 -0.914546 -0.903509 -0.903509 -0.903509 
2.38122 -0.375005 -0.733878 -0.742609 -0.791157 -0.914361 -0.90967 -0.898394 -0.898394 -0.898394 
2.38122 -0.368099 -0.732137 -0.740941 -0.788603 -0.90918 -0.904383 -0.892881 -0.892881 -0.892881 
2.38122 -0.363318 -0.730914 -0.739767 -0.786796 -0.905514 -0.90065 -0.889009 -0.889009 -0.889009 
2.38122 -0.363226 -0.73089 -0.739744 -0.786761 -0.905442 -0.900577 -0.888934 -0.888934 -0.888934 
2.38122 -0.362837 -0.73079 -0.739648 -0.786613 -0.905142 -0.900271 -0.888618 -0.888618 -0.888618 
2.38122 -0.36105 -0.730329 -0.739205 -0.785928 -0.903753 -0.898859 -0.887158 -0.887158 -0.887158 
2.38122 -0.360636 -0.730221 -0.739102 -0.785769 -0.903429 -0.89853 -0.886819 -0.886819 -0.886819 
2.38122 -0.355948 -0.728999 -0.737927 -0.783949 -0.899738 -0.894782 -0.882956 -0.882956 -0.882956 
2.38122 -0.355127 -0.728784 -0.73772 -0.783628 -0.899085 -0.89412 -0.882276 -0.882276 -0.882276 
2.38122 -0.354737 -0.728682 -0.737621 -0.783475 -0.898775 -0.893805 -0.881953 -0.881953 -0.881953 
2.38122 -0.352027 -0.727967 -0.736933 -0.782405 -0.896605 -0.891606 -0.879696 -0.879696 -0.879696 
2.38122 -0.350022 -0.727435 -0.736421 -0.781608 -0.894987 -0.889968 -0.878018 -0.878018 -0.878018 
2.38122 -0.349231 -0.727225 -0.736218 -0.781292 -0.894347 -0.889319 -0.877355 -0.877355 -0.877355 
2.38122 -0.346231 -0.726423 -0.735445 -0.780085 -0.891901 -0.886845 -0.874828 -0.874828 -0.874828 
2.38122 -0.337484 -0.724051 -0.733155 -0.7765 -0.884639 -0.879515 -0.867377 -0.867377 -0.867377 
2.38122 -0.333482 -0.72295 -0.732089 -0.774827 -0.881254 -0.876105 -0.863928 -0.863928 -0.863928 
2.38122 -0.331999 -0.722539 -0.731692 -0.774202 -0.879989 -0.874832 -0.862644 -0.862644 -0.862644 
2.38122 -0.328828 -0.721656 -0.730837 -0.772856 -0.877268 -0.872096 -0.859888 -0.859888 -0.859888 
2.38122 -0.321739 -0.719659 -0.7289 -0.769801 -0.871102 -0.865906 -0.853675 -0.853675 -0.853675 
2.38122 -0.321695 -0.719647 -0.728888 -0.769782 -0.871063 -0.865867 -0.853636 -0.853636 -0.853636 
2.38122 -0.315233 -0.717799 -0.727093 -0.766942 -0.865343 -0.860137 -0.847914 -0.847914 -0.847914 
2.38122 -0.315052 -0.717746 -0.727042 -0.766862 -0.865181 -0.859975 -0.847753 -0.847753 -0.847753 
2.38122 -0.314965 -0.717721 -0.727018 -0.766823 -0.865103 -0.859897 -0.847675 -0.847675 -0.847675 
2.38122 -0.313063 -0.717172 -0.726484 -0.765978 -0.863402 -0.858195 -0.845981 -0.845981 -0.845981 
2.38122 -0.308791 -0.715929 -0.725275 -0.764061 -0.85955 -0.854346 -0.842157 -0.842157 -0.842157 
2.38122 -0.297541 -0.712601 -0.722032 -0.758911 -0.849229 -0.844054 -0.83199 -0.83199 -0.83199 
2.38122 -0.295568 -0.712009 -0.721455 -0.757992 -0.847393 -0.842226 -0.830192 -0.830192 -0.830192 
2.38122 -0.294757 -0.711765 -0.721216 -0.757614 -0.846636 -0.841473 -0.829453 -0.829453 -0.829453 
2.38122 -0.29475 -0.711763 -0.721214 -0.75761 -0.846629 -0.841467 -0.829446 -0.829446 -0.829446 
2.38122 -0.293542 -0.711399 -0.720859 -0.757045 -0.8455 -0.840344 -0.828343 -0.828343 -0.828343 
2.38122 -0.287077 -0.709433 -0.718939 -0.753988 -0.839407 -0.834291 -0.822414 -0.822414 -0.822414 
2.38122 -0.282442 -0.708008 -0.717544 -0.751768 -0.834991 -0.82991 -0.818139 -0.818139 -0.818139 
2.38122 -0.272984 -0.705056 -0.714654 -0.747163 -0.825864 -0.820875 -0.80936 -0.80936 -0.80936 
2.38122 -0.269617 -0.703991 -0.71361 -0.745499 -0.822577 -0.817627 -0.806216 -0.806216 -0.806216 
2.38122 -0.267017 -0.703164 -0.712799 -0.744207 -0.820028 -0.815109 -0.803783 -0.803783 -0.803783 
2.38122 -0.260999 -0.701234 -0.710903 -0.741187 -0.814084 -0.809246 -0.798134 -0.798134 -0.798134 
2.38122 -0.248481 -0.697143 -0.706882 -0.734783 -0.801546 -0.796908 -0.786309 -0.786309 -0.786309 
2.38122 -0.245623 -0.696196 -0.705949 -0.733298 -0.798653 -0.794066 -0.783597 -0.783597 -0.783597 
2.38122 -0.245611 -0.696192 -0.705945 -0.733292 -0.79864 -0.794053 -0.783585 -0.783585 -0.783585 
2.38122 -0.230861 -0.691217 -0.701041 -0.725499 -0.783531 -0.779245 -0.769524 -0.769524 -0.769524 
2.38122 -0.22891 -0.690548 -0.700381 -0.724452 -0.781513 -0.777271 -0.767658 -0.767658 -0.767658 
2.38122 -0.228268 -0.690328 -0.700163 -0.724107 -0.780847 -0.77662 -0.767043 -0.767043 -0.767043 
2.38122 -0.228132 -0.690281 -0.700117 -0.724034 -0.780706 -0.776482 -0.766913 -0.766913 -0.766913 
2.38122 -0.225194 -0.689268 -0.699117 -0.722448 -0.777654 -0.773499 -0.764097 -0.764097 -0.764097 
2.38122 -0.223512 -0.688686 -0.698542 -0.721537 -0.775902 -0.771788 -0.762485 -0.762485 -0.762485 
2.38122 -0.219019 -0.687122 -0.696996 -0.719089 -0.771207 -0.767205 -0.758172 -0.758172 -0.758172 
2.38122 -0.215829 -0.686003 -0.695891 -0.717339 -0.767861 -0.763941 -0.755106 -0.755106 -0.755106 
2.38122 -0.213793 -0.685286 -0.695181 -0.716218 -0.765719 -0.761854 -0.753148 -0.753148 -0.753148 
2.38122 -0.213478 -0.685175 -0.695072 -0.716044 -0.765388 -0.761531 -0.752845 -0.752845 -0.752845 
2.38122 -0.210537 -0.684134 -0.694041 -0.714416 -0.762285 -0.758509 -0.750014 -0.750014 -0.750014 
2.38122 -0.208392 -0.683371 -0.693286 -0.713224 -0.760017 -0.7563 -0.747949 -0.747949 -0.747949 
2.38122 -0.207229 -0.682956 -0.692875 -0.712575 -0.758785 -0.755101 -0.746827 -0.746827 -0.746827 
2.38122 -0.206068 -0.682541 -0.692465 -0.711927 -0.757555 -0.753904 -0.745709 -0.745709 -0.745709 
2.38122 -0.199298 -0.680104 -0.69005 -0.708123 -0.750351 -0.746902 -0.73918 -0.73918 -0.73918 
2.38122 -0.192954 -0.677793 -0.687759 -0.704521 -0.743563 -0.740313 -0.733055 -0.733055 -0.733055 
2.38122 -0.192559 -0.677649 -0.687616 -0.704295 -0.74314 -0.739902 -0.732674 -0.732674 -0.732674 
2.38122 -0.190359 -0.676841 -0.686815 -0.703037 -0.740777 -0.737611 -0.730549 -0.730549 -0.730549 
2.38122 -0.18677 -0.675516 -0.6855 -0.700976 -0.736914 -0.733866 -0.727081 -0.727081 -0.727081 
2.38122 -0.180481 -0.673176 -0.683176 -0.697337 -0.730121 -0.72729 -0.721002 -0.721002 -0.721002 
2.38122 -0.178921 -0.672591 -0.682595 -0.696429 -0.72843 -0.725655 -0.719494 -0.719494 -0.719494 
2.38122 -0.172413 -0.670136 -0.680155 -0.692621 -0.721363 -0.718824 -0.713203 -0.713203 -0.713203 
2.38122 -0.168717 -0.66873 -0.678757 -0.690442 -0.717337 -0.714936 -0.709631 -0.709631 -0.709631 
2.38122 -0.165332 -0.667434 -0.677467 -0.688437 -0.713641 -0.71137 -0.706358 -0.706358 -0.706358 
2.38122 -0.159635 -0.665237 -0.675281 -0.685042 -0.707408 -0.705361 -0.700854 -0.700854 -0.700854 
2.38122 -0.158407 -0.66476 -0.674806 -0.684307 -0.706061 -0.704063 -0.699668 -0.699668 -0.699668 
2.38122 -0.156135 -0.663877 -0.673926 -0.682944 -0.703568 -0.701663 -0.697474 -0.697474 -0.697474 
2.38122 -0.152536 -0.66247 -0.672525 -0.680776 -0.699614 -0.697857 -0.694 -0.694 -0.694 
2.38122 -0.14411 -0.659144 -0.66921 -0.675663 -0.690333 -0.688934 -0.685874 -0.685874 -0.685874 
2.38122 -0.139731 -0.657398 -0.667468 -0.672984 -0.685497 -0.68429 -0.681656 -0.681656 -0.681656 
2.38122 -0.133261 -0.654795 -0.66487 -0.669001 -0.678339 -0.677423 -0.67543 -0.67543 -0.67543 
2.38122 -0.130472 -0.653664 -0.663742 -0.667274 -0.675248 -0.674461 -0.672749 -0.672749 -0.672749 
2.38122 -0.130086 -0.653508 -0.663585 -0.667034 -0.674821 -0.674051 -0.672378 -0.672378 -0.672378 
2.38122 -0.129631 -0.653323 -0.6634 -0.666752 -0.674316 -0.673568 -0.671941 -0.671941 -0.671941 
2.38122 -0.114562 -0.647122 -0.657204 -0.65732 -0.65758 -0.657554 -0.657496 -0.657496 -0.657496 
2.38122 -0.104213 -0.64278 -0.65286 -0.650753 -0.64606 -0.646554 -0.647616 -0.647616 -0.647616 
2.38122 -0.0959639 -0.63927 -0.649346 -0.645469 -0.636868 -0.637791 -0.639768 -0.639768 -0.639768 
2.38122 -0.0959026 -0.639243 -0.649319 -0.645429 -0.6368 -0.637726 -0.63971 -0.63971 -0.63971 
2.38122 -0.0940398 -0.638445 -0.648519 -0.64423 -0.634724 -0.635749 -0.637941 -0.637941 -0.637941 
2.38122 -0.0888016 -0.636186 -0.646257 -0.640845 -0.628885 -0.63019 -0.632975 -0.632975 -0.632975 
2.38122 -0.0872266 -0.635504 -0.645573 -0.639824 -0.627129 -0.628519 -0.631484 -0.631484 -0.631484 
2.38122 -0.083101 -0.633709 -0.643774 -0.637143 -0.622531 -0.624146 -0.627584 -0.627584 -0.627584 
2.38122 -0.0790149 -0.631921 -0.641981 -0.634477 -0.617977 -0.619817 -0.623728 -0.623728 -0.623728 
2.38122 -0.0785932 -0.631736 -0.641795 -0.634201 -0.617507 -0.619371 -0.623331 -0.623331 -0.623331 
2.38122 -0.0768197 -0.630956 -0.641013 -0.63304 -0.615531 -0.617493 -0.62166 -0.62166 -0.62166 
2.38122 -0.0680942 -0.627089 -0.637133 -0.627303 -0.605813 -0.608268 -0.613461 -0.613461 -0.613461 
2.38122 -0.0677092 -0.626917 -0.63696 -0.627049 -0.605384 -0.607861 -0.6131 -0.6131 -0.6131 
2.38122 -0.0666474 -0.626443 -0.636485 -0.626348 -0.604202 -0.60674 -0.612105 -0.612105 -0.612105 
2.38122 -0.066076 -0.626187 -0.636228 -0.62597 -0.603566 -0.606137 -0.611569 -0.611569 -0.611569 
2.38122 -0.0624966 -0.624582 -0.634617 -0.6236 -0.599583 -0.602361 -0.60822 -0.60822 -0.60822 
2.38122 -0.0595672 -0.623263 -0.633292 -0.621655 -0.596326 -0.599273 -0.605483 -0.605483 -0.605483 
2.38122 -0.0556342 -0.621482 -0.631504 -0.619036 -0.591955 -0.595133 -0.601816 -0.601816 -0.601816 
2.38122 -0.0554339 -0.621391 -0.631412 -0.618902 -0.591732 -0.594922 -0.60163 -0.60163 -0.60163 
2.38122 -0.0549661 -0.621179 -0.631199 -0.61859 -0.591213 -0.59443 -0.601194 -0.601194 -0.601194 
2.38122 -0.0505893 -0.619184 -0.629195 -0.615664 -0.586353 -0.589829 -0.597124 -0.597124 -0.597124 
2.38122 -0.0449365 -0.61659 -0.626587 -0.61187 -0.580084 -0.583898 -0.591882 -0.591882 -0.591882 
2.38122 -0.0445382 -0.616406 -0.626403 -0.611602 -0.579643 -0.583481 -0.591514 -0.591514 -0.591514 
2.38122 -0.0443342 -0.616312 -0.626308 -0.611465 -0.579417 -0.583267 -0.591325 -0.591325 -0.591325 
2.38122 -0.0434667 -0.615912 -0.625906 -0.610881 -0.578456 -0.582359 -0.590522 -0.590522 -0.590522 
2.38122 -0.0430122 -0.615702 -0.625695 -0.610575 -0.577952 -0.581882 -0.590102 -0.590102 -0.590102 
2.38122 -0.0427483 -0.61558 -0.625572 -0.610397 -0.57766 -0.581606 -0.589858 -0.589858 -0.589858 
2.38122 -0.0369664 -0.612897 -0.622874 -0.606493 -0.571261 -0.575559 -0.584521 -0.584521 -0.584521 
2.38122 -0.0354305 -0.612181 -0.622154 -0.605453 -0.569563 -0.573955 -0.583107 -0.583107 -0.583107 
2.38122 -0.0328784 -0.610987 -0.620953 -0.603722 -0.566744 -0.571292 -0.58076 -0.58076 -0.58076 
2.38122 -0.0326725 -0.610891 -0.620856 -0.603582 -0.566516 -0.571077 -0.58057 -0.58057 -0.58057 
2.38122 -0.0226622 -0.606168 -0.616104 -0.596762 -0.555482 -0.560664 -0.571401 -0.571401 -0.571401 
2.38122 -0.0210848 -0.605418 -0.615348 -0.595683 -0.553746 -0.559027 -0.569961 -0.569961 -0.569961 
2.38122 -0.0177392 -0.603822 -0.613742 -0.59339 -0.55007 -0.555561 -0.566913 -0.566913 -0.566913 
2.38122 -0.0169525 -0.603446 -0.613363 -0.592851 -0.549206 -0.554747 -0.566197 -0.566197 -0.566197 
2.38122 -0.0159611 -0.602971 -0.612884 -0.59217 -0.548118 -0.553721 -0.565296 -0.565296 -0.565296 
2.38122 -0.0140559 -0.602056 -0.611964 -0.590861 -0.546028 -0.551752 -0.563565 -0.563565 -0.563565 
2.38122 -0.0129242 -0.601512 -0.611416 -0.590082 -0.544787 -0.550583 -0.562538 -0.562538 -0.562538 
2.38122 -0.00956646 -0.599893 -0.609784 -0.587768 -0.54111 -0.547119 -0.559495 -0.559495 -0.559495 
2.38122 -0.00894504 -0.599592 -0.609482 -0.58734 -0.54043 -0.546478 -0.558933 -0.558933 -0.558933 
2.38122 0.00380991 -0.59337 -0.603211 -0.578503 -0.526517 -0.533385 -0.547443 -0.547443 -0.547443 
2.38122 0.00654468 -0.592023 -0.601852 -0.576599 -0.523546 -0.53059 -0.544993 -0.544993 -0.544993 
2.38122 0.0120125 -0.589314 -0.599121 -0.572784 -0.517618 -0.525018 -0.540109 -0.540109 -0.540109 
2.38122 0.016728 -0.586962 -0.596749 -0.569483 -0.51252 -0.520228 -0.535912 -0.535912 -0.535912 
2.38122 0.0169797 -0.586837 -0.596622 -0.569307 -0.512248 -0.519972 -0.535689 -0.535689 -0.535689 
2.38122 0.0332788 -0.578597 -0.588307 -0.557832 -0.494741 -0.503537 -0.521299 -0.521299 -0.521299 
2.38122 0.0337785 -0.578342 -0.588049 -0.557478 -0.494207 -0.503036 -0.52086 -0.52086 -0.52086 
2.38122 0.0340556 -0.5782 -0.587906 -0.557282 -0.493911 -0.502758 -0.520617 -0.520617 -0.520617 
2.38122 0.0342841 -0.578083 -0.587788 -0.55712 -0.493667 -0.502529 -0.520417 -0.520417 -0.520417 
2.38122 0.037122 -0.57663 -0.58632 -0.555111 -0.490639 -0.499689 -0.517931 -0.517931 -0.517931 
2.38122 0.0393792 -0.57547 -0.585149 -0.553511 -0.488235 -0.497434 -0.515958 -0.515958 -0.515958 
2.38122 0.0419144 -0.574163 -0.583829 -0.551712 -0.485539 -0.494907 -0.513746 -0.513746 -0.513746 
2.38122 0.0528267 -0.568491 -0.578099 -0.543942 -0.473992 -0.484083 -0.504276 -0.504276 -0.504276 
2.38122 0.0550272 -0.567339 -0.576934 -0.54237 -0.471675 -0.481912 -0.502376 -0.502376 -0.502376 
2.38122 0.0586778 -0.565419 -0.574994 -0.539759 -0.467839 -0.478319 -0.499231 -0.499231 -0.499231 
2.38122 0.060053 -0.564694 -0.574261 -0.538775 -0.466396 -0.476968 -0.498049 -0.498049 -0.498049 
2.38122 0.0604833 -0.564467 -0.574031 -0.538466 -0.465945 -0.476546 -0.49768 -0.49768 -0.49768 
2.38122 0.0609761 -0.564206 -0.573768 -0.538113 -0.465429 -0.476062 -0.497256 -0.497256 -0.497256 
2.38122 0.0619841 -0.563673 -0.57323 -0.537391 -0.464374 -0.475074 -0.496391 -0.496391 -0.496391 
2.38122 0.0629752 -0.563149 -0.572699 -0.53668 -0.463337 -0.474103 -0.495542 -0.495542 -0.495542 
2.38122 0.0673615 -0.560819 -0.570344 -0.533532 -0.458758 -0.469815 -0.491789 -0.491789 -0.491789 
2.38122 0.0676289 -0.560677 -0.5702 -0.53334 -0.45848 -0.469555 -0.49156 -0.49156 -0.49156 
2.38122 0.067984 -0.560488 -0.570009 -0.533085 -0.45811 -0.469208 -0.491257 -0.491257 -0.491257 
2.38122 0.0691522 -0.559865 -0.569379 -0.532245 -0.456894 -0.46807 -0.49026 -0.49026 -0.49026 
2.38122 0.0705183 -0.559135 -0.568641 -0.531262 -0.455473 -0.46674 -0.489096 -0.489096 -0.489096 
2.38122 0.0719912 -0.558347 -0.567844 -0.530202 -0.453943 -0.465308 -0.487842 -0.487842 -0.487842 
2.38122 0.0732476 -0.557674 -0.567163 -0.529298 -0.452639 -0.464087 -0.486773 -0.486773 -0.486773 
2.38122 0.0795489 -0.554282 -0.563732 -0.524754 -0.446123 -0.457988 -0.481431 -0.481431 -0.481431 
2.38122 0.0830431 -0.55239 -0.561819 -0.522229 -0.442524 -0.454621 -0.478481 -0.478481 -0.478481 
2.38122 0.0851209 -0.551262 -0.560677 -0.520726 -0.44039 -0.452624 -0.476731 -0.476731 -0.476731 
2.38122 0.085178 -0.551231 -0.560645 -0.520685 -0.440331 -0.452569 -0.476682 -0.476682 -0.476682 
2.38122 0.0866798 -0.550413 -0.559818 -0.519598 -0.438791 -0.451128 -0.475419 -0.475419 -0.475419 
2.38122 0.0875075 -0.549962 -0.559362 -0.518998 -0.437943 -0.450335 -0.474724 -0.474724 -0.474724 
2.38122 0.0885743 -0.54938 -0.558772 -0.518226 -0.436851 -0.449313 -0.473828 -0.473828 -0.473828 
2.38122 0.0885781 -0.549378 -0.55877 -0.518223 -0.436847 -0.449309 -0.473825 -0.473825 -0.473825 
2.38122 0.0899628 -0.548621 -0.558005 -0.517219 -0.435431 -0.447985 -0.472663 -0.472663 -0.472663 
2.38122 0.0905966 -0.548274 -0.557654 -0.51676 -0.434784 -0.447379 -0.472132 -0.472132 -0.472132 
2.38122 0.0911422 -0.547976 -0.557351 -0.516364 -0.434227 -0.446858 -0.471675 -0.471675 -0.471675 
2.38122 0.0956956 -0.545475 -0.55482 -0.513059 -0.429589 -0.442519 -0.467869 -0.467869 -0.467869 
2.38122 0.114078 -0.535246 -0.544463 -0.499666 -0.411069 -0.425198 -0.452653 -0.452653 -0.452653 
2.38122 0.116215 -0.534043 -0.543244 -0.498104 -0.408938 -0.423205 -0.450899 -0.450899 -0.450899 
2.38122 0.11872 -0.532629 -0.541812 -0.496271 -0.406446 -0.420874 -0.448848 -0.448848 -0.448848 
2.38122 0.120882 -0.531405 -0.540572 -0.494689 -0.4043 -0.418868 -0.447081 -0.447081 -0.447081 
2.38122 0.125256 -0.52892 -0.538054 -0.491483 -0.399974 -0.414821 -0.443515 -0.443515 -0.443515 
2.38122 0.139504 -0.520741 -0.529765 -0.481016 -0.386022 -0.40177 -0.431995 -0.431995 -0.431995 
2.38122 0.141032 -0.519857 -0.528869 -0.479892 -0.384539 -0.400383 -0.430769 -0.430769 -0.430769 
2.38122 0.141275 -0.519716 -0.528726 -0.479713 -0.384303 -0.400163 -0.430573 -0.430573 -0.430573 
2.38122 0.143381 -0.518494 -0.527487 -0.478162 -0.382264 -0.398255 -0.428886 -0.428886 -0.428886 
2.38122 0.153965 -0.512308 -0.521215 -0.470354 -0.372088 -0.388732 -0.420448 -0.420448 -0.420448 
2.38122 0.159854 -0.508836 -0.517693 -0.466003 -0.366481 -0.383483 -0.415787 -0.415787 -0.415787 
2.38122 0.160169 -0.508649 -0.517504 -0.465769 -0.366182 -0.383203 -0.415538 -0.415538 -0.415538 
2.38122 0.178453 -0.497722 -0.506418 -0.452223 -0.349033 -0.367138 -0.40122 -0.40122 -0.40122 
2.38122 0.179569 -0.497048 -0.505735 -0.451395 -0.348 -0.366169 -0.400354 -0.400354 -0.400354 
2.38122 0.181434 -0.49592 -0.50459 -0.45001 -0.346275 -0.364552 -0.398908 -0.398908 -0.398908 
2.38122 0.183008 -0.494967 -0.503622 -0.448841 -0.344823 -0.363191 -0.397689 -0.397689 -0.397689 
2.38122 0.184205 -0.49424 -0.502885 -0.447952 -0.34372 -0.362156 -0.396763 -0.396763 -0.396763 
2.38122 0.184299 -0.494183 -0.502827 -0.447882 -0.343634 -0.362076 -0.396691 -0.396691 -0.396691 
2.38122 0.186866 -0.492623 -0.501243 -0.445975 -0.341275 -0.359864 -0.394709 -0.394709 -0.394709 
2.38122 0.190315 -0.490519 -0.499108 -0.443411 -0.338119 -0.356903 -0.392053 -0.392053 -0.392053 
2.38122 0.196448 -0.48676 -0.495292 -0.438848 -0.332542 -0.351669 -0.38735 -0.38735 -0.38735 
2.38122 0.20242 -0.483076 -0.491552 -0.434402 -0.327156 -0.34661 -0.382794 -0.382794 -0.382794 
2.38122 0.20522 -0.481341 -0.48979 -0.432316 -0.324645 -0.344251 -0.380666 -0.380666 -0.380666 
2.38122 0.205997 -0.480858 -0.4893 -0.431736 -0.32395 -0.343598 -0.380076 -0.380076 -0.380076 
2.38122 0.207991 -0.479619 -0.488041 -0.43025 -0.32217 -0.341925 -0.378565 -0.378565 -0.378565 
2.38122 0.209714 -0.478545 -0.486951 -0.428966 -0.320636 -0.340483 -0.377261 -0.377261 -0.377261 
2.38122 0.213263 -0.476329 -0.4847 -0.426319 -0.317487 -0.337523 -0.374581 -0.374581 -0.374581 
2.38122 0.215599 -0.474866 -0.483215 -0.424577 -0.315424 -0.335582 -0.372823 -0.372823 -0.372823 
2.38122 0.219985 -0.472109 -0.480414 -0.421304 -0.311567 -0.331952 -0.369529 -0.369529 -0.369529 
2.38122 0.220088 -0.472044 -0.480348 -0.421227 -0.311477 -0.331867 -0.369451 -0.369451 -0.369451 
2.38122 0.22742 -0.467407 -0.475638 -0.415752 -0.305085 -0.325847 -0.363973 -0.363973 -0.363973 
2.38122 0.229667 -0.465979 -0.474188 -0.414073 -0.30314 -0.324014 -0.362301 -0.362301 -0.362301 
2.38122 0.229808 -0.46589 -0.474097 -0.413968 -0.303018 -0.323899 -0.362196 -0.362196 -0.362196 
2.38122 0.230929 -0.465176 -0.473372 -0.413131 -0.30205 -0.322987 -0.361363 -0.361363 -0.361363 
2.38122 0.23214 -0.464404 -0.472587 -0.412226 -0.301006 -0.322002 -0.360464 -0.360464 -0.360464 
2.38122 0.24273 -0.457615 -0.465689 -0.404309 -0.291958 -0.313463 -0.352643 -0.352643 -0.352643 
2.38122 0.24545 -0.455859 -0.463905 -0.402275 -0.289657 -0.311289 -0.350645 -0.350645 -0.350645 
2.38122 0.246528 -0.455162 -0.463197 -0.401469 -0.288748 -0.31043 -0.349855 -0.349855 -0.349855 
2.38122 0.247454 -0.454563 -0.462588 -0.400776 -0.287968 -0.309693 -0.349176 -0.349176 -0.349176 
2.38122 0.247631 -0.454448 -0.462472 -0.400644 -0.28782 -0.309552 -0.349047 -0.349047 -0.349047 
2.38122 0.248115 -0.454135 -0.462153 -0.400281 -0.287412 -0.309167 -0.348692 -0.348692 -0.348692 
2.38122 0.251776 -0.451758 -0.459738 -0.397543 -0.284343 -0.306265 -0.346017 -0.346017 -0.346017 
2.38122 0.254426 -0.450032 -0.457984 -0.395559 -0.282132 -0.304172 -0.344084 -0.344084 -0.344084 
2.38122 0.256903 -0.448416 -0.456341 -0.393706 -0.280074 -0.302224 -0.342283 -0.342283 -0.342283 
2.38122 0.260415 -0.446116 -0.454003 -0.391077 -0.277169 -0.299472 -0.339734 -0.339734 -0.339734 
2.38122 0.26139 -0.445477 -0.453353 -0.390347 -0.276366 -0.298711 -0.339028 -0.339028 -0.339028 
2.38122 0.261803 -0.445205 -0.453078 -0.390038 -0.276026 -0.298388 -0.338729 -0.338729 -0.338729 
2.38122 0.263523 -0.444075 -0.451929 -0.388751 -0.274612 -0.297048 -0.337485 -0.337485 -0.337485 
2.38122 0.265828 -0.442557 -0.450386 -0.387025 -0.272724 -0.295258 -0.335821 -0.335821 -0.335821 
2.38122 0.273266 -0.437636 -0.445382 -0.381455 -0.266677 -0.289517 -0.330471 -0.330471 -0.330471 
2.38122 0.273982 -0.43716 -0.444899 -0.38092 -0.2661 -0.288968 -0.329958 -0.329958 -0.329958 
2.38122 0.274047 -0.437117 -0.444855 -0.38087 -0.266047 -0.288917 -0.329911 -0.329911 -0.329911 
2.38122 0.276623 -0.435403 -0.443113 -0.378942 -0.263973 -0.286946 -0.328067 -0.328067 -0.328067 
2.38122 0.27826 -0.434312 -0.442003 -0.377715 -0.262658 -0.285696 -0.326897 -0.326897 -0.326897 
2.38122 0.280505 -0.432812 -0.440478 -0.376034 -0.260862 -0.283987 -0.325295 -0.325295 -0.325295 
2.38122 0.281232 -0.432326 -0.439984 -0.37549 -0.260282 -0.283435 -0.324777 -0.324777 -0.324777 
2.38122 0.290393 -0.42617 -0.433724 -0.368629 -0.253031 -0.276525 -0.318273 -0.318273 -0.318273 
2.38122 0.291111 -0.425685 -0.433231 -0.368091 -0.252467 -0.275987 -0.317766 -0.317766 -0.317766 
2.38122 0.29488 -0.423134 -0.430637 -0.365268 -0.249519 -0.273173 -0.315105 -0.315105 -0.315105 
2.38122 0.302339 -0.418061 -0.425477 -0.359683 -0.243741 -0.267649 -0.309863 -0.309863 -0.309863 
2.38122 0.311736 -0.411618 -0.418924 -0.352646 -0.236566 -0.260773 -0.303301 -0.303301 -0.303301 
2.38122 0.312103 -0.411366 -0.418667 -0.352372 -0.236289 -0.260507 -0.303046 -0.303046 -0.303046 
2.38122 0.313133 -0.410656 -0.417945 -0.351601 -0.23551 -0.259759 -0.30233 -0.30233 -0.30233 
2.38122 0.326216 -0.401581 -0.408713 -0.341808 -0.225739 -0.250361 -0.293282 -0.293282 -0.293282 
2.38122 0.326323 -0.401506 -0.408637 -0.341728 -0.22566 -0.250285 -0.293209 -0.293209 -0.293209 
2.38122 0.326405 -0.401449 -0.408579 -0.341667 -0.2256 -0.250227 -0.293152 -0.293152 -0.293152 
2.38122 0.333412 -0.396543 -0.403587 -0.336424 -0.220462 -0.245268 -0.288343 -0.288343 -0.288343 
2.38122 0.333777 -0.396286 -0.403326 -0.336151 -0.220196 -0.245011 -0.288093 -0.288093 -0.288093 
2.38122 0.335431 -0.395123 -0.402143 -0.334914 -0.218993 -0.243849 -0.286961 -0.286961 -0.286961 
2.38122 0.339972 -0.391921 -0.398885 -0.331518 -0.21571 -0.240672 -0.283863 -0.283863 -0.283863 
2.38122 0.341713 -0.39069 -0.397632 -0.330217 -0.214459 -0.23946 -0.282677 -0.282677 -0.282677 
2.38122 0.346285 -0.387447 -0.394333 -0.326799 -0.211192 -0.236292 -0.279571 -0.279571 -0.279571 
2.38122 0.346375 -0.387383 -0.394267 -0.326732 -0.211128 -0.236229 -0.27951 -0.27951 -0.27951 
2.38122 0.351121 -0.384003 -0.390828 -0.323186 -0.207766 -0.232964 -0.276297 -0.276297 -0.276297 
2.38122 0.357484 -0.379449 -0.386193 -0.318433 -0.203306 -0.228621 -0.272006 -0.272006 -0.272006 
2.38122 0.363642 -0.375016 -0.381682 -0.313835 -0.199039 -0.224457 -0.26787 -0.26787 -0.26787 
2.38122 0.38257 -0.361241 -0.367662 -0.29972 -0.186237 -0.211898 -0.255267 -0.255267 -0.255267 
2.38122 0.384077 -0.360134 -0.366535 -0.298597 -0.185238 -0.210913 -0.25427 -0.25427 -0.25427 
2.38122 0.384766 -0.359627 -0.366019 -0.298084 -0.184782 -0.210463 -0.253814 -0.253814 -0.253814 
2.38122 0.38515 -0.359345 -0.365732 -0.297798 -0.184528 -0.210213 -0.253561 -0.253561 -0.253561 
2.38122 0.395453 -0.351734 -0.357984 -0.290129 -0.17779 -0.203551 -0.246777 -0.246777 -0.246777 
2.38122 0.396163 -0.351207 -0.357448 -0.289601 -0.177331 -0.203096 -0.246312 -0.246312 -0.246312 
2.38122 0.396288 -0.351114 -0.357353 -0.289507 -0.17725 -0.203016 -0.246229 -0.246229 -0.246229 
2.38122 0.398961 -0.349126 -0.35533 -0.287519 -0.175527 -0.201306 -0.244477 -0.244477 -0.244477 
2.38122 0.399648 -0.348615 -0.35481 -0.287009 -0.175086 -0.200868 -0.244028 -0.244028 -0.244028 
2.38122 0.402978 -0.346131 -0.352281 -0.284533 -0.172955 -0.19875 -0.24185 -0.24185 -0.24185 
2.38122 0.406018 -0.343858 -0.349967 -0.282274 -0.171023 -0.196826 -0.239866 -0.239866 -0.239866 
2.38122 0.407438 -0.342794 -0.348884 -0.281219 -0.170124 -0.19593 -0.238941 -0.238941 -0.238941 
2.38122 0.414457 -0.337516 -0.343511 -0.276007 -0.165719 -0.19153 -0.234378 -0.234378 -0.234378 
2.38122 0.414564 -0.337435 -0.343428 -0.275927 -0.165652 -0.191463 -0.234308 -0.234308 -0.234308 
2.38122 0.419115 -0.333996 -0.339927 -0.27255 -0.162831 -0.188636 -0.23136 -0.23136 -0.23136 
2.38122 0.426074 -0.328711 -0.334547 -0.267391 -0.158567 -0.184349 -0.226867 -0.226867 -0.226867 
2.38122 0.428705 -0.326705 -0.332504 -0.265442 -0.15697 -0.18274 -0.225173 -0.225173 -0.225173 
2.38122 0.431108 -0.324869 -0.330635 -0.263662 -0.15552 -0.181276 -0.223628 -0.223628 -0.223628 
2.38122 0.432885 -0.323509 -0.32925 -0.262347 -0.154452 -0.180197 -0.222487 -0.222487 -0.222487 
2.38122 0.434057 -0.322611 -0.328335 -0.261479 -0.15375 -0.179486 -0.221734 -0.221734 -0.221734 
2.38122 0.435813 -0.321264 -0.326964 -0.26018 -0.152701 -0.178425 -0.220609 -0.220609 -0.220609 
2.38122 0.437079 -0.320291 -0.325974 -0.259243 -0.151947 -0.177661 -0.219798 -0.219798 -0.219798 
2.38122 0.440406 -0.31773 -0.323366 -0.256782 -0.149976 -0.17566 -0.217669 -0.217669 -0.217669 
2.38122 0.440551 -0.317619 -0.323253 -0.256675 -0.14989 -0.175573 -0.217576 -0.217576 -0.217576 
2.38122 0.44121 -0.31711 -0.322735 -0.256187 -0.149501 -0.175178 -0.217155 -0.217155 -0.217155 
2.38122 0.444666 -0.314441 -0.320018 -0.253633 -0.147471 -0.173113 -0.214949 -0.214949 -0.214949 
2.38122 0.4452 -0.314027 -0.319596 -0.253238 -0.147159 -0.172795 -0.214608 -0.214608 -0.214608 
2.38122 0.44545 -0.313834 -0.319399 -0.253053 -0.147013 -0.172646 -0.214449 -0.214449 -0.214449 
2.38122 0.456868 -0.304955 -0.310359 -0.244624 -0.140421 -0.165905 -0.207191 -0.207191 -0.207191 
2.38122 0.458692 -0.303529 -0.308907 -0.24328 -0.139383 -0.164839 -0.206036 -0.206036 -0.206036 
2.38122 0.462243 -0.300746 -0.306073 -0.240662 -0.137372 -0.162771 -0.203789 -0.203789 -0.203789 
2.38122 0.462969 -0.300177 -0.305493 -0.240127 -0.136963 -0.16235 -0.203331 -0.203331 -0.203331 
2.38122 0.463805 -0.29952 -0.304824 -0.239511 -0.136493 -0.161865 -0.202802 -0.202802 -0.202802 
2.38122 0.471693 -0.293302 -0.298494 -0.233704 -0.132097 -0.15732 -0.197831 -0.197831 -0.197831 
2.38122 0.472992 -0.292275 -0.297447 -0.232748 -0.13138 -0.156576 -0.197014 -0.197014 -0.197014 
2.38122 0.473274 -0.292051 -0.29722 -0.232541 -0.131225 -0.156415 -0.196836 -0.196836 -0.196836 
2.38122 0.477349 -0.288819 -0.293929 -0.229544 -0.12899 -0.154093 -0.194277 -0.194277 -0.194277 
2.38122 0.477973 -0.288323 -0.293424 -0.229086 -0.128649 -0.153738 -0.193885 -0.193885 -0.193885 
2.38122 0.48707 -0.281067 -0.286035 -0.222405 -0.123738 -0.148608 -0.188191 -0.188191 -0.188191 
2.38122 0.490524 -0.278298 -0.283216 -0.219872 -0.121898 -0.146677 -0.186035 -0.186035 -0.186035 
2.38122 0.491482 -0.277529 -0.282432 -0.219169 -0.12139 -0.146143 -0.185437 -0.185437 -0.185437 
2.38122 0.495576 -0.274234 -0.279078 -0.216169 -0.119232 -0.14387 -0.182887 -0.182887 -0.182887 
2.38122 0.496107 -0.273806 -0.278641 -0.215779 -0.118953 -0.143576 -0.182557 -0.182557 -0.182557 
2.38122 0.49828 -0.272052 -0.276856 -0.214188 -0.117817 -0.142376 -0.181205 -0.181205 -0.181205 
2.38122 0.500026 -0.270641 -0.275418 -0.212909 -0.116907 -0.141414 -0.18012 -0.18012 -0.18012 
2.38122 0.503972 -0.267444 -0.272163 -0.210022 -0.114865 -0.139249 -0.177671 -0.177671 -0.177671 
2.38122 0.505999 -0.265799 -0.270488 -0.20854 -0.113823 -0.138142 -0.176415 -0.176415 -0.176415 
2.38122 0.510313 -0.262286 -0.266911 -0.205386 -0.111619 -0.135795 -0.173743 -0.173743 -0.173743 
2.38122 0.513136 -0.259982 -0.264565 -0.203324 -0.110189 -0.134267 -0.171999 -0.171999 -0.171999 
2.38122 0.517661 -0.256278 -0.260793 -0.200021 -0.107915 -0.131831 -0.169205 -0.169205 -0.169205 
2.38122 0.52042 -0.254013 -0.258486 -0.198009 -0.106539 -0.130352 -0.167504 -0.167504 -0.167504 
2.38122 0.526852 -0.248712 -0.253089 -0.193321 -0.103363 -0.126926 -0.163545 -0.163545 -0.163545 
2.38122 0.528165 -0.247627 -0.251984 -0.192365 -0.10272 -0.12623 -0.162738 -0.162738 -0.162738 
2.38122 0.536721 -0.24053 -0.244757 -0.18614 -0.0985769 -0.121727 -0.157489 -0.157489 -0.157489 
2.38122 0.53675 -0.240506 -0.244733 -0.186119 -0.0985633 -0.121712 -0.157472 -0.157472 -0.157472 
2.38122 0.538895 -0.238719 -0.242914 -0.18456 -0.0975366 -0.120591 -0.156158 -0.156158 -0.156158 
2.38122 0.540923 -0.237027 -0.241191 -0.183087 -0.0965705 -0.119534 -0.154918 -0.154918 -0.154918 
2.38122 0.542502 -0.235708 -0.239848 -0.18194 -0.0958212 -0.118713 -0.153952 -0.153952 -0.153952 
2.38122 0.542584 -0.235639 -0.239778 -0.18188 -0.0957822 -0.11867 -0.153902 -0.153902 -0.153902 
2.38122 0.5436 -0.234789 -0.238912 -0.181142 -0.0953013 -0.118143 -0.15328 -0.15328 -0.15328 
2.38122 0.545582 -0.23313 -0.237223 -0.179704 -0.0943669 -0.117116 -0.15207 -0.15207 -0.15207 
2.38122 0.54638 -0.232461 -0.236541 -0.179125 -0.0939916 -0.116704 -0.151582 -0.151582 -0.151582 
2.38122 0.554842 -0.225343 -0.229293 -0.17299 -0.0900531 -0.112353 -0.146422 -0.146422 -0.146422 
2.38122 0.558867 -0.221942 -0.22583 -0.170076 -0.0882053 -0.110301 -0.143973 -0.143973 -0.143973 
2.38122 0.56115 -0.220007 -0.22386 -0.168424 -0.0871639 -0.109141 -0.142584 -0.142584 -0.142584 
2.38122 0.565977 -0.215907 -0.219686 -0.164934 -0.0849801 -0.106699 -0.139652 -0.139652 -0.139652 
2.38122 0.571121 -0.211521 -0.21522 -0.161218 -0.0826773 -0.104113 -0.136531 -0.136531 -0.136531 
2.38122 0.573188 -0.209754 -0.213421 -0.159726 -0.0817594 -0.103078 -0.135279 -0.135279 -0.135279 
2.38122 0.574349 -0.20876 -0.212409 -0.158889 -0.0812457 -0.102498 -0.134576 -0.134576 -0.134576 
2.38122 0.576255 -0.207126 -0.210746 -0.157513 -0.0804045 -0.101548 -0.133421 -0.133421 -0.133421 
2.38122 0.578726 -0.205006 -0.208587 -0.155732 -0.0793198 -0.100319 -0.131926 -0.131926 -0.131926 
2.38122 0.581084 -0.202978 -0.206522 -0.154032 -0.0782897 -0.0991489 -0.1305 -0.1305 -0.1305 
2.38122 0.58264 -0.201638 -0.205158 -0.152911 -0.077613 -0.098379 -0.129559 -0.129559 -0.129559 
2.38122 0.583182 -0.201171 -0.204682 -0.152521 -0.0773777 -0.0981109 -0.129232 -0.129232 -0.129232 
2.38122 0.584182 -0.200309 -0.203804 -0.151801 -0.0769444 -0.0976171 -0.128627 -0.128627 -0.128627 
2.38122 0.585964 -0.198771 -0.202239 -0.150518 -0.0761749 -0.0967388 -0.127551 -0.127551 -0.127551 
2.38122 0.587344 -0.197578 -0.201024 -0.149525 -0.0755806 -0.0960595 -0.126718 -0.126718 -0.126718 
2.38122 0.588527 -0.196555 -0.199982 -0.148674 -0.0750726 -0.095478 -0.126004 -0.126004 -0.126004 
2.38122 0.592279 -0.193303 -0.196672 -0.145975 -0.07347 -0.0936391 -0.12374 -0.12374 -0.12374 
2.38122 0.594538 -0.191341 -0.194674 -0.144352 -0.0725115 -0.0925359 -0.122378 -0.122378 -0.122378 
2.38122 0.594654 -0.191241 -0.194572 -0.144269 -0.0724625 -0.0924795 -0.122309 -0.122309 -0.122309 
2.38122 0.597091 -0.18912 -0.192413 -0.142518 -0.0714335 -0.0912922 -0.12084 -0.12084 -0.12084 
2.38122 0.604075 -0.183022 -0.186205 -0.137505 -0.0685142 -0.0879078 -0.116636 -0.116636 -0.116636 
2.38122 0.604327 -0.182802 -0.18598 -0.137325 -0.0684096 -0.0877861 -0.116484 -0.116484 -0.116484 
2.38122 0.60815 -0.17945 -0.182568 -0.134584 -0.0668304 -0.0859448 -0.114186 -0.114186 -0.114186 
2.38122 0.611632 -0.176389 -0.179452 -0.13209 -0.065403 -0.084274 -0.112093 -0.112093 -0.112093 
2.38122 0.622226 -0.167029 -0.169924 -0.124512 -0.0611227 -0.0792273 -0.105736 -0.105736 -0.105736 
2.38122 0.625647 -0.163991 -0.166832 -0.122069 -0.0597603 -0.0776091 -0.103686 -0.103686 -0.103686 
2.38122 0.631506 -0.158771 -0.161518 -0.117888 -0.0574485 -0.0748497 -0.100176 -0.100176 -0.100176 
2.38122 0.648142 -0.143829 -0.146309 -0.106042 -0.0510295 -0.0670955 -0.0902269 -0.0902269 -0.0902269 
2.38122 0.658837 -0.13413 -0.136437 -0.0984473 -0.0470105 -0.0621687 -0.0838403 -0.0838403 -0.0838403 
2.38122 0.659478 -0.133547 -0.135843 -0.097993 -0.0467724 -0.0618751 -0.0834581 -0.0834581 -0.0834581 
2.38122 0.65979 -0.133263 -0.135554 -0.0977718 -0.0466566 -0.0617321 -0.083272 -0.083272 -0.083272 
2.38122 0.660087 -0.132992 -0.135278 -0.0975606 -0.0465461 -0.0615957 -0.0830943 -0.0830943 -0.0830943 
2.38122 0.660366 -0.132738 -0.13502 -0.0973634 -0.0464429 -0.0614683 -0.0829283 -0.0829283 -0.0829283 
2.38122 0.661127 -0.132044 -0.134314 -0.0968235 -0.0461607 -0.0611196 -0.0824739 -0.0824739 -0.0824739 
2.38122 0.66198 -0.131266 -0.133522 -0.0962183 -0.0458448 -0.060729 -0.0819647 -0.0819647 -0.0819647 
2.38122 0.666485 -0.12715 -0.129333 -0.0930261 -0.0441859 -0.0586716 -0.0792773 -0.0792773 -0.0792773 
2.38122 0.676136 -0.118287 -0.120314 -0.0861959 -0.040677 -0.0542867 -0.0735225 -0.0735225 -0.0735225 
2.38122 0.679079 -0.115573 -0.117552 -0.0841157 -0.0396191 -0.0529557 -0.0717683 -0.0717683 -0.0717683 
2.38122 0.679547 -0.115141 -0.117112 -0.0837849 -0.0394513 -0.0527442 -0.0714893 -0.0714893 -0.0714893 
2.38122 0.683441 -0.11154 -0.113447 -0.081034 -0.0380607 -0.0509873 -0.0691684 -0.0691684 -0.0691684 
2.38122 0.683722 -0.11128 -0.113183 -0.080836 -0.0379609 -0.0508609 -0.0690012 -0.0690012 -0.0690012 
2.38122 0.684081 -0.110947 -0.112845 -0.0805826 -0.0378333 -0.0506992 -0.0687874 -0.0687874 -0.0687874 
2.38122 0.686573 -0.108637 -0.110493 -0.0788234 -0.0369493 -0.0495777 -0.0673023 -0.0673023 -0.0673023 
2.38122 0.694972 -0.100819 -0.102539 -0.0729003 -0.033997 -0.0458106 -0.0622981 -0.0622981 -0.0622981 
2.38122 0.69669 -0.0992152 -0.100907 -0.0716901 -0.0333983 -0.0450426 -0.0612748 -0.0612748 -0.0612748 
2.38122 0.69754 -0.0984206 -0.100098 -0.0710913 -0.0331026 -0.0446627 -0.0607683 -0.0607683 -0.0607683 
2.38122 0.699006 -0.0970491 -0.0987025 -0.0700589 -0.0325936 -0.044008 -0.059895 -0.059895 -0.059895 
2.38122 0.702207 -0.0940498 -0.0956508 -0.0678054 -0.0314864 -0.0425805 -0.057988 -0.057988 -0.057988 
2.38122 0.703161 -0.0931546 -0.09474 -0.0671341 -0.0311575 -0.0421555 -0.0574197 -0.0574197 -0.0574197 
2.38122 0.70429 -0.0920945 -0.0936614 -0.0663397 -0.0307689 -0.0416528 -0.0567471 -0.0567471 -0.0567471 
2.38122 0.704417 -0.091975 -0.0935398 -0.0662502 -0.0307252 -0.0415962 -0.0566714 -0.0566714 -0.0566714 
2.38122 0.706245 -0.0902567 -0.0917916 -0.0649645 -0.0300976 -0.0407831 -0.0555825 -0.0555825 -0.0555825 
2.38122 0.707596 -0.0889858 -0.0904986 -0.0640148 -0.0296351 -0.0401827 -0.0547779 -0.0547779 -0.0547779 
2.38122 0.712454 -0.0844043 -0.0858374 -0.0606002 -0.027979 -0.0380265 -0.0518835 -0.0518835 -0.0518835 
2.38122 0.718318 -0.0788544 -0.0801913 -0.0564825 -0.0259962 -0.0354305 -0.0483897 -0.0483897 -0.0483897 
2.38122 0.721139 -0.0761768 -0.0774673 -0.054503 -0.0250483 -0.034184 -0.0467088 -0.0467088 -0.0467088 
2.38122 0.726556 -0.0710212 -0.0722226 -0.0507048 -0.0232389 -0.0317947 -0.0434807 -0.0434807 -0.0434807 
2.38122 0.728976 -0.0687113 -0.0698728 -0.0490086 -0.0224346 -0.0307285 -0.0420379 -0.0420379 -0.0420379 
2.38122 0.729721 -0.0680002 -0.0691495 -0.0484871 -0.0221879 -0.0304009 -0.0415943 -0.0415943 -0.0415943 
2.38122 0.730494 -0.0672615 -0.068398 -0.0479457 -0.0219319 -0.0300607 -0.0411335 -0.0411335 -0.0411335 
2.38122 0.732596 -0.0652501 -0.066352 -0.0464733 -0.0212369 -0.029136 -0.0398801 -0.0398801 -0.0398801 
2.38122 0.733445 -0.064437 -0.065525 -0.0458788 -0.0209568 -0.0287628 -0.0393739 -0.0393739 -0.0393739 
2.38122 0.737092 -0.0609388 -0.0619667 -0.0433258 -0.0197569 -0.0271604 -0.037199 -0.037199 -0.037199 
2.38122 0.738566 -0.059523 -0.0605266 -0.0422947 -0.0192737 -0.0265135 -0.0363201 -0.0363201 -0.0363201 
2.38122 0.740991 -0.0571897 -0.0581533 -0.0405981 -0.0184803 -0.0254494 -0.0348733 -0.0348733 -0.0348733 
2.38122 0.743369 -0.0548985 -0.0558228 -0.0389353 -0.0177047 -0.0244068 -0.0334546 -0.0334546 -0.0334546 
2.38122 0.750429 -0.0480748 -0.0488826 -0.0340022 -0.015415 -0.0213152 -0.0292412 -0.0292412 -0.0292412 
2.38122 0.751385 -0.0471488 -0.0479408 -0.0333349 -0.0151066 -0.0208971 -0.0286707 -0.0286707 -0.0286707 
2.38122 0.751931 -0.046619 -0.0474021 -0.0329534 -0.0149304 -0.0206582 -0.0283445 -0.0283445 -0.0283445 
2.38122 0.756713 -0.0419744 -0.0426785 -0.0296154 -0.0133924 -0.0185674 -0.0254886 -0.0254886 -0.0254886 
2.38122 0.769555 -0.0294288 -0.0299206 -0.0206619 -0.00929964 -0.0129603 -0.0178119 -0.0178119 -0.0178119 
2.38122 0.773472 -0.0255813 -0.0260082 -0.0179338 -0.00806119 -0.0112516 -0.0154681 -0.0154681 -0.0154681 
2.38122 0.776511 -0.0225887 -0.0229654 -0.0158177 -0.00710304 -0.00992577 -0.0136483 -0.0136483 -0.0136483 
2.38122 0.782616 -0.0165611 -0.0168368 -0.0115703 -0.00518607 -0.00726363 -0.00999152 -0.00999152 -0.00999152 
2.38122 0.783841 -0.0153486 -0.015604 -0.0107183 -0.00480246 -0.00672939 -0.00925727 -0.00925727 -0.00925727 
2.38122 0.790455 -0.00878561 -0.00893148 -0.00612007 -0.00273719 -0.00384463 -0.00529054 -0.00529054 -0.00529054 
2.38122 0.792565 -0.00668595 -0.00679689 -0.0046538 -0.00208027 -0.0029241 -0.00402416 -0.00402416 -0.00402416 
2.38122 0.795243 -0.00401739 -0.004084 -0.00279356 -0.0012479 -0.00175574 -0.00241649 -0.00241649 -0.00241649 
2.38122 0.795704 -0.00355738 -0.00361635 -0.00247327 -0.0011047 -0.00155451 -0.00213956 -0.00213956 -0.00213956 
2.38122 0.797451 -0.00181297 -0.00184301 -0.00125966 -0.000562399 -0.000791869 -0.00108996 -0.00108996 -0.00108996 
2.38122 0.801697 0.00243297 0.00247323 0.0016878 0.000752828 0.00106152 0.00146128 0.00146128 0.00146128 
2.38122 0.803271 0.00401065 0.00407697 0.00278066 0.00123987 0.00174917 0.00240798 0.00240798 0.00240798 
2.38122 0.805116 0.00586094 0.0059578 0.00406076 0.00180996 0.00255499 0.00351743 0.00351743 0.00351743 
2.38122 0.810853 0.0116305 0.0118224 0.00804144 0.00358026 0.0050633 0.00697107 0.00697107 0.00697107 
2.38122 0.82402 0.0249499 0.0253597 0.0171692 0.00762862 0.0108314 0.0149117 0.0149117 0.0149117 
2.38122 0.824536 0.0254747 0.0258931 0.0175271 0.00778715 0.0110581 0.0152237 0.0152237 0.0152237 
2.38122 0.825072 0.0260197 0.0264469 0.0178986 0.00795168 0.0112935 0.0155475 0.0155475 0.0155475 
2.38122 0.825495 0.0264495 0.0268837 0.0181916 0.00808139 0.0114791 0.015803 0.015803 0.015803 
2.38122 0.825496 0.0264504 0.0268846 0.0181922 0.00808168 0.0114795 0.0158035 0.0158035 0.0158035 
2.38122 0.828293 0.0292971 0.0297776 0.0201301 0.00893966 0.0127082 0.017494 0.017494 0.017494 
2.38122 0.833495 0.0346041 0.0351706 0.023733 0.0105342 0.0149961 0.0206406 0.0206406 0.0206406 
2.38122 0.838 0.0392141 0.0398551 0.0268523 0.0119145 0.0169809 0.0233688 0.0233688 0.0233688 
2.38122 0.851125 0.052718 0.0535757 0.0359358 0.0159357 0.0227843 0.0313343 0.0313343 0.0313343 
2.38122 0.854128 0.0558238 0.0567311 0.0380139 0.0168567 0.0241173 0.0331611 0.0331611 0.0331611 
2.38122 0.8599 0.0618089 0.0628114 0.0420071 0.0186283 0.0266848 0.0366762 0.0366762 0.0366762 
2.38122 0.861979 0.0639696 0.0650064 0.0434451 0.019267 0.0276114 0.0379435 0.0379435 0.0379435 
2.38122 0.866787 0.0689771 0.0700931 0.0467705 0.0207456 0.0297584 0.0408773 0.0408773 0.0408773 
2.38122 0.866998 0.0691973 0.0703167 0.0469165 0.0208106 0.0298528 0.0410062 0.0410062 0.0410062 
2.38122 0.870127 0.0724652 0.0736362 0.0490809 0.0217745 0.0312538 0.0429183 0.0429183 0.0429183 
2.38122 0.87205 0.074476 0.0756786 0.0504106 0.0223673 0.0321157 0.0440939 0.0440939 0.0440939 
2.38122 0.872398 0.0748411 0.0760494 0.0506519 0.0224749 0.0322723 0.0443073 0.0443073 0.0443073 
2.38122 0.877096 0.0797647 0.0810502 0.0539005 0.0239256 0.034383 0.0471826 0.0471826 0.0471826 
2.38122 0.884345 0.0873912 0.0887959 0.0589144 0.0261714 0.0376535 0.0516287 0.0516287 0.0516287 
2.38122 0.888998 0.0923038 0.0937848 0.0621326 0.027618 0.0397612 0.0544878 0.0544878 0.0544878 
2.38122 0.890277 0.0936569 0.0951588 0.0630174 0.0280165 0.0403419 0.0552746 0.0552746 0.0552746 
2.38122 0.895244 0.0989201 0.100503 0.0664531 0.029567 0.0426018 0.0583328 0.0583328 0.0583328 
2.38122 0.900082 0.104063 0.105725 0.0698007 0.0310832 0.0448116 0.0613172 0.0613172 0.0613172 
2.38122 0.90125 0.105306 0.106987 0.0706083 0.0314498 0.045346 0.062038 0.062038 0.062038 
2.38122 0.903631 0.107844 0.109565 0.0722563 0.032199 0.0464378 0.0635094 0.0635094 0.0635094 
2.38122 0.905929 0.110297 0.112055 0.0738465 0.0329233 0.0474932 0.0649303 0.0649303 0.0649303 
2.38122 0.906783 0.111209 0.112981 0.0744373 0.0331927 0.0478858 0.0654584 0.0654584 0.0654584 
2.38122 0.913436 0.118334 0.120215 0.079043 0.0353003 0.0509556 0.0695807 0.0695807 0.0695807 
2.38122 0.913656 0.11857 0.120454 0.079195 0.0353701 0.0510572 0.069717 0.069717 0.069717 
2.38122 0.914496 0.119471 0.121369 0.0797768 0.0356373 0.0514462 0.0702383 0.0702383 0.0702383 
2.38122 0.918177 0.123427 0.125385 0.0823255 0.0368103 0.0531535 0.0725241 0.0725241 0.0725241 
2.38122 0.919409 0.124753 0.126731 0.0831784 0.0372038 0.053726 0.0732896 0.0732896 0.0732896 
2.38122 0.921217 0.126702 0.128709 0.0844311 0.0377827 0.054568 0.0744145 0.0744145 0.0744145 
2.38122 0.921472 0.126976 0.128987 0.0846074 0.0378642 0.0546865 0.0745728 0.0745728 0.0745728 
2.38122 0.921816 0.127347 0.129364 0.0848458 0.0379745 0.054847 0.074787 0.074787 0.074787 
2.38122 0.923761 0.129446 0.131494 0.0861933 0.0385988 0.0557546 0.075998 0.075998 0.075998 
2.38122 0.925744 0.131588 0.133668 0.0875671 0.0392365 0.0566814 0.0772334 0.0772334 0.0772334 
2.38122 0.927231 0.133196 0.1353 0.0885976 0.0397157 0.0573776 0.0781605 0.0781605 0.0781605 
2.38122 0.935124 0.141754 0.143987 0.0940689 0.0422735 0.0610897 0.0830907 0.0830907 0.0830907 
2.38122 0.937497 0.144334 0.146605 0.0957144 0.0430474 0.0622111 0.0845759 0.0845759 0.0845759 
2.38122 0.946533 0.154194 0.156611 0.101985 0.0460165 0.066507 0.0902454 0.0902454 0.0902454 
2.38122 0.948653 0.156515 0.158966 0.103456 0.0467184 0.0675206 0.0915786 0.0915786 0.0915786 
2.38122 0.94942 0.157355 0.159819 0.103989 0.0469728 0.0678879 0.0920612 0.0920612 0.0920612 
2.38122 0.950719 0.158779 0.161264 0.104891 0.0474046 0.0685108 0.0928793 0.0928793 0.0928793 
2.38122 0.952373 0.160594 0.163106 0.10604 0.0479553 0.069305 0.0939214 0.0939214 0.0939214 
2.38122 0.954693 0.163143 0.165691 0.107652 0.04873 0.0704213 0.0953841 0.0953841 0.0953841 
2.38122 0.955916 0.164488 0.167056 0.108502 0.0491396 0.0710111 0.096156 0.096156 0.096156 
2.38122 0.958925 0.167801 0.170418 0.110594 0.0501504 0.0724653 0.0980567 0.0980567 0.0980567 
2.38122 0.95973 0.168689 0.171318 0.111154 0.0504217 0.0728553 0.0985659 0.0985659 0.0985659 
2.38122 0.962696 0.171961 0.174639 0.113217 0.0514238 0.0742948 0.100443 0.100443 0.100443 
2.38122 0.963793 0.173173 0.175867 0.11398 0.0517954 0.0748281 0.101137 0.101137 0.101137 
2.38122 0.968277 0.178134 0.180901 0.1171 0.0533221 0.0770162 0.103981 0.103981 0.103981 
2.38122 0.970809 0.180942 0.183749 0.118864 0.0541891 0.0782569 0.105589 0.105589 0.105589 
2.38122 0.971449 0.181652 0.18447 0.11931 0.0544089 0.0785711 0.105996 0.105996 0.105996 
2.38122 0.976905 0.187718 0.190622 0.123112 0.0562917 0.081259 0.109469 0.109469 0.109469 
2.38122 0.977062 0.187892 0.190799 0.123221 0.0563459 0.0813362 0.109569 0.109569 0.109569 
2.38122 0.978703 0.18972 0.192653 0.124365 0.0569157 0.0821482 0.110615 0.110615 0.110615 
2.38122 0.979201 0.190276 0.193216 0.124713 0.057089 0.082395 0.110933 0.110933 0.110933 
2.38122 0.99269 0.205373 0.208528 0.134132 0.0618411 0.0891358 0.119569 0.119569 0.119569 
2.38122 0.99424 0.207115 0.210295 0.135216 0.0623947 0.0899176 0.120565 0.120565 0.120565 
2.38122 0.995019 0.207991 0.211183 0.135761 0.0626736 0.0903111 0.121066 0.121066 0.121066 
2.38122 0.995222 0.20822 0.211415 0.135903 0.0627464 0.0904138 0.121197 0.121197 0.121197 
2.38122 0.99611 0.209219 0.212428 0.136524 0.0630649 0.090863 0.121768 0.121768 0.121768 
2.38122 1.02018 0.236506 0.240093 0.153413 0.071915 0.103242 0.13736 0.13736 0.13736 
2.38122 1.0202 0.236529 0.240116 0.153427 0.0719227 0.103253 0.137374 0.137374 0.137374 
2.38122 1.02182 0.238371 0.241984 0.154563 0.0725316 0.104097 0.138426 0.138426 0.138426 
2.38122 1.02765 0.245041 0.248743 0.158669 0.0747488 0.107163 0.142236 0.142236 0.142236 
2.38122 1.02854 0.246067 0.249784 0.1593 0.0750919 0.107636 0.142822 0.142822 0.142822 
2.38122 1.03176 0.249754 0.25352 0.161566 0.0763281 0.109338 0.144928 0.144928 0.144928 
2.38122 1.03622 0.254881 0.258716 0.164715 0.0780582 0.111713 0.147858 0.147858 0.147858 
2.38122 1.04094 0.260332 0.26424 0.168058 0.0799116 0.114249 0.150973 0.150973 0.150973 
2.38122 1.04333 0.263085 0.26703 0.169745 0.0808531 0.115533 0.152546 0.152546 0.152546 
2.38122 1.05346 0.274835 0.278936 0.176934 0.084916 0.121047 0.159263 0.159263 0.159263 
2.38122 1.05791 0.280007 0.284176 0.180092 0.0867272 0.12349 0.162221 0.162221 0.162221 
2.38122 1.05817 0.28031 0.284482 0.180277 0.0868337 0.123634 0.162395 0.162395 0.162395 
2.38122 1.05861 0.280828 0.285007 0.180593 0.0870159 0.123879 0.162691 0.162691 0.162691 
2.38122 1.06742 0.291125 0.295437 0.186872 0.0906696 0.128777 0.168583 0.168583 0.168583 
2.38122 1.07096 0.295267 0.299632 0.189395 0.0921561 0.130759 0.170954 0.170954 0.170954 
2.38122 1.07166 0.296095 0.300472 0.189899 0.0924546 0.131157 0.171429 0.171429 0.171429 
2.38122 1.07635 0.301611 0.306058 0.193256 0.0944519 0.133809 0.174589 0.174589 0.174589 
2.38122 1.08075 0.306792 0.311305 0.196406 0.0963443 0.136312 0.177558 0.177558 0.177558 
2.38122 1.08112 0.307222 0.311741 0.196668 0.096502 0.13652 0.177805 0.177805 0.177805 
2.38122 1.08326 0.309751 0.314302 0.198205 0.0974322 0.137746 0.179255 0.179255 0.179255 
2.38122 1.08725 0.314466 0.319077 0.201069 0.0991765 0.140039 0.181959 0.181959 0.181959 
2.38122 1.08727 0.314491 0.319102 0.201084 0.0991858 0.140051 0.181974 0.181974 0.181974 
2.38122 1.10003 0.329659 0.334459 0.210286 0.104889 0.147492 0.190684 0.190684 0.190684 
2.38122 1.10044 0.330148 0.334954 0.210583 0.105076 0.147734 0.190965 0.190965 0.190965 
2.38122 1.10803 0.339207 0.344125 0.216073 0.108555 0.152228 0.196176 0.196176 0.196176 
2.38122 1.11983 0.353385 0.358475 0.224657 0.114106 0.159335 0.204346 0.204346 0.204346 
2.38122 1.12205 0.356058 0.36118 0.226274 0.115168 0.160685 0.205888 0.205888 0.205888 
2.38122 1.12216 0.356189 0.361313 0.226354 0.11522 0.160752 0.205964 0.205964 0.205964 
2.38122 1.12455 0.359084 0.364242 0.228105 0.116375 0.162218 0.207635 0.207635 0.207635 
2.38122 1.12611 0.360964 0.366145 0.229242 0.117129 0.163172 0.208721 0.208721 0.208721 
2.38122 1.12933 0.364853 0.370081 0.231596 0.118695 0.165152 0.210968 0.210968 0.210968 
2.38122 1.13113 0.367043 0.372296 0.23292 0.119582 0.16627 0.212234 0.212234 0.212234 
2.38122 1.13183 0.367882 0.373145 0.233427 0.119922 0.166698 0.212719 0.212719 0.212719 
2.38122 1.13353 0.369945 0.375232 0.234675 0.120762 0.167754 0.213913 0.213913 0.213913 
2.38122 1.1352 0.371982 0.377293 0.235907 0.121594 0.168799 0.215091 0.215091 0.215091 
2.38122 1.13623 0.373231 0.378557 0.236663 0.122105 0.16944 0.215815 0.215815 0.215815 
2.38122 1.13997 0.377783 0.383163 0.239416 0.123979 0.171784 0.218451 0.218451 0.218451 
2.38122 1.1403 0.378177 0.383561 0.239654 0.124142 0.171988 0.218679 0.218679 0.218679 
2.38122 1.14233 0.380657 0.38607 0.241154 0.125169 0.173269 0.220117 0.220117 0.220117 
2.38122 1.14838 0.388034 0.393533 0.245616 0.128252 0.1771 0.224398 0.224398 0.224398 
2.38122 1.15145 0.391798 0.397341 0.247892 0.12984 0.179065 0.226584 0.226584 0.226584 
2.38122 1.15411 0.395063 0.400643 0.249867 0.131225 0.180774 0.228483 0.228483 0.228483 
2.38122 1.16164 0.404309 0.409994 0.25546 0.135192 0.185645 0.233865 0.233865 0.233865 
2.38122 1.16193 0.404671 0.41036 0.255679 0.135349 0.185837 0.234077 0.234077 0.234077 
2.38122 1.16223 0.405037 0.410731 0.2559 0.135507 0.18603 0.23429 0.23429 0.23429 
2.38122 1.16481 0.408225 0.413954 0.257829 0.136891 0.187721 0.236149 0.236149 0.236149 
2.38122 1.17397 0.419551 0.425407 0.264685 0.141872 0.193768 0.242765 0.242765 0.242765 
2.38122 1.17485 0.420632 0.4265 0.265339 0.142352 0.194349 0.243398 0.243398 0.243398 
2.38122 1.17983 0.426821 0.432758 0.269088 0.14512 0.197685 0.247023 0.247023 0.247023 
2.38122 1.18645 0.435057 0.441084 0.274078 0.148849 0.202155 0.251855 0.251855 0.251855 
2.38122 1.18732 0.436154 0.442193 0.274743 0.14935 0.202753 0.2525 0.2525 0.2525 
2.38122 1.19408 0.444602 0.450732 0.279867 0.153238 0.207379 0.257469 0.257469 0.257469 
2.38122 1.19717 0.448465 0.454637 0.282211 0.155035 0.209508 0.259746 0.259746 0.259746 
2.38122 1.19942 0.451297 0.457498 0.28393 0.156359 0.211072 0.261416 0.261416 0.261416 
2.38122 1.19994 0.451941 0.45815 0.284322 0.156662 0.211429 0.261796 0.261796 0.261796 
2.38122 1.20731 0.461217 0.467524 0.289957 0.161051 0.216589 0.267279 0.267279 0.267279 
2.38122 1.21136 0.466332 0.472693 0.293068 0.163501 0.219454 0.270309 0.270309 0.270309 
2.38122 1.21493 0.470842 0.47725 0.295813 0.165679 0.221992 0.272985 0.272985 0.272985 
2.38122 1.21605 0.472266 0.478688 0.296679 0.16637 0.222796 0.27383 0.27383 0.27383 
2.38122 1.21709 0.473584 0.48002 0.297482 0.167012 0.22354 0.274613 0.274613 0.274613 
2.38122 1.21802 0.474755 0.481203 0.298195 0.167583 0.224203 0.275309 0.275309 0.275309 
2.38122 1.21975 0.476947 0.483417 0.29953 0.168654 0.225445 0.276613 0.276613 0.276613 
2.38122 1.22187 0.479639 0.486137 0.301171 0.169976 0.226974 0.278215 0.278215 0.278215 
2.38122 1.2265 0.485532 0.49209 0.304765 0.17289 0.230335 0.281727 0.281727 0.281727 
2.38122 1.22799 0.48743 0.494008 0.305923 0.173835 0.231422 0.28286 0.28286 0.28286 
2.38122 1.23103 0.491305 0.497922 0.308289 0.175774 0.233647 0.285174 0.285174 0.285174 
2.38122 1.2317 0.492157 0.498782 0.308809 0.176201 0.234137 0.285683 0.285683 0.285683 
2.38122 1.23418 0.495321 0.501978 0.310742 0.177796 0.235961 0.287576 0.287576 0.287576 
2.38122 1.23435 0.495542 0.502201 0.310877 0.177907 0.236089 0.287708 0.287708 0.287708 
2.38122 1.24006 0.502846 0.509578 0.315345 0.181622 0.240322 0.292086 0.292086 0.292086 
2.38122 1.24189 0.505193 0.511948 0.316781 0.182825 0.241689 0.293496 0.293496 0.293496 
2.38122 1.24358 0.507369 0.514146 0.318114 0.183945 0.242959 0.294803 0.294803 0.294803 
2.38122 1.2468 0.511501 0.518318 0.320646 0.186082 0.245377 0.297288 0.297288 0.297288 
2.38122 1.25047 0.516221 0.523085 0.323541 0.188542 0.248152 0.300133 0.300133 0.300133 
2.38122 1.25079 0.516635 0.523503 0.323796 0.188759 0.248396 0.300382 0.300382 0.300382 
2.38122 1.25232 0.518605 0.525491 0.325004 0.189791 0.249557 0.301571 0.301571 0.301571 
2.38122 1.25478 0.521784 0.528701 0.326958 0.191466 0.251438 0.303491 0.303491 0.303491 
2.38122 1.25553 0.522753 0.52968 0.327553 0.191977 0.252012 0.304077 0.304077 0.304077 
2.38122 1.26217 0.531335 0.538343 0.332832 0.196547 0.25712 0.309273 0.309273 0.309273 
2.38122 1.26288 0.532262 0.539279 0.333403 0.197045 0.257675 0.309836 0.309836 0.309836 
2.38122 1.26634 0.536755 0.543815 0.336172 0.199467 0.260368 0.312564 0.312564 0.312564 
2.38122 1.27055 0.542218 0.549329 0.339542 0.202436 0.263659 0.315889 0.315889 0.315889 
2.38122 1.27195 0.544049 0.551177 0.340673 0.203437 0.264766 0.317004 0.317004 0.317004 
2.38122 1.27505 0.548085 0.55525 0.343167 0.205653 0.267212 0.319466 0.319466 0.319466 
2.38122 1.28279 0.558193 0.565451 0.349425 0.211269 0.27338 0.325651 0.325651 0.325651 
2.38122 1.2831 0.558601 0.565863 0.349678 0.211498 0.273631 0.325902 0.325902 0.325902 
2.38122 1.28422 0.56006 0.567336 0.350583 0.212316 0.274527 0.326797 0.326797 0.326797 
2.38122 1.28874 0.565989 0.573318 0.354263 0.215662 0.278179 0.33044 0.33044 0.33044 
2.38122 1.29507 0.574319 0.581722 0.359445 0.220417 0.283345 0.335573 0.335573 0.335573 
2.38122 1.29588 0.575378 0.58279 0.360104 0.221026 0.284004 0.336227 0.336227 0.336227 
2.38122 1.29606 0.575614 0.583028 0.360251 0.221162 0.284151 0.336373 0.336373 0.336373 
2.38122 1.29931 0.579897 0.587349 0.362921 0.223636 0.286826 0.339021 0.339021 0.339021 
2.38122 1.30037 0.581297 0.588762 0.363795 0.224448 0.287703 0.339888 0.339888 0.339888 
2.38122 1.30099 0.582125 0.589597 0.364312 0.22493 0.288222 0.340401 0.340401 0.340401 
2.38122 1.30552 0.588111 0.595635 0.368051 0.228427 0.291987 0.344114 0.344114 0.344114 
2.38122 1.30625 0.589073 0.596605 0.368653 0.228992 0.292594 0.344712 0.344712 0.344712 
2.38122 1.30743 0.590634 0.59818 0.36963 0.229912 0.29358 0.345683 0.345683 0.345683 
2.38122 1.31165 0.596231 0.603825 0.373136 0.233225 0.297128 0.349168 0.349168 0.349168 
2.38122 1.31387 0.599182 0.606801 0.374987 0.234983 0.299006 0.351009 0.351009 0.351009 
2.38122 1.3166 0.602807 0.610457 0.377263 0.237154 0.30132 0.353274 0.353274 0.353274 
2.38122 1.31827 0.605029 0.612698 0.378659 0.238491 0.302742 0.354664 0.354664 0.354664 
2.38122 1.31846 0.605287 0.612957 0.378821 0.238646 0.302907 0.354825 0.354825 0.354825 
2.38122 1.32412 0.612835 0.620569 0.383573 0.243223 0.307761 0.35956 0.35956 0.35956 
2.38122 1.32976 0.620375 0.628172 0.388333 0.247847 0.312644 0.364306 0.364306 0.364306 
2.38122 1.33005 0.620767 0.628567 0.388581 0.248089 0.312899 0.364553 0.364553 0.364553 
2.38122 1.33014 0.620887 0.628688 0.388656 0.248163 0.312977 0.364629 0.364629 0.364629 
2.38122 1.3334 0.62525 0.633086 0.391416 0.250865 0.315819 0.367384 0.367384 0.367384 
2.38122 1.33465 0.626933 0.634783 0.392482 0.251912 0.316919 0.368448 0.368448 0.368448 
2.38122 1.33826 0.631781 0.639669 0.395556 0.254942 0.320095 0.371518 0.371518 0.371518 
2.38122 1.34893 0.646157 0.654159 0.404702 0.264058 0.329598 0.380667 0.380667 0.380667 
2.38122 1.35344 0.65226 0.66031 0.4086 0.267987 0.333669 0.384571 0.384571 0.384571 
2.38122 1.3573 0.657486 0.665576 0.411945 0.271378 0.337174 0.387924 0.387924 0.387924 
2.38122 1.36198 0.663851 0.671989 0.416028 0.275544 0.341464 0.392019 0.392019 0.392019 
2.38122 1.37023 0.675078 0.683301 0.423257 0.282985 0.349092 0.399277 0.399277 0.399277 
2.38122 1.38012 0.688611 0.696933 0.432013 0.292113 0.358389 0.408084 0.408084 0.408084 
2.38122 1.3832 0.692831 0.701182 0.434754 0.294995 0.36131 0.410843 0.410843 0.410843 
2.38122 1.38416 0.694148 0.702509 0.43561 0.295898 0.362225 0.411706 0.411706 0.411706 
2.38122 1.38481 0.695047 0.703414 0.436195 0.296515 0.362849 0.412295 0.412295 0.412295 
2.38122 1.38943 0.701403 0.709815 0.440337 0.300901 0.367279 0.416468 0.416468 0.416468 
2.38122 1.39562 0.709933 0.718404 0.445912 0.306848 0.373263 0.422092 0.422092 0.422092 
2.38122 1.4036 0.720973 0.729519 0.45316 0.314647 0.381073 0.429411 0.429411 0.429411 
2.38122 1.40869 0.728043 0.736636 0.45782 0.319703 0.386114 0.434122 0.434122 0.434122 
2.38122 1.4152 0.737102 0.745755 0.463815 0.326251 0.392618 0.440187 0.440187 0.440187 
2.38122 1.41816 0.741229 0.749908 0.466554 0.32926 0.395598 0.44296 0.44296 0.44296 
2.38122 1.41872 0.742011 0.750695 0.467073 0.329832 0.396163 0.443486 0.443486 0.443486 
2.38122 1.42626 0.75255 0.761301 0.474095 0.337599 0.403826 0.450603 0.450603 0.450603 
2.38122 1.42842 0.755579 0.764349 0.47612 0.339851 0.40604 0.452657 0.452657 0.452657 
2.38122 1.43026 0.75815 0.766935 0.47784 0.341769 0.407924 0.454403 0.454403 0.454403 
2.38122 1.43125 0.759544 0.768338 0.478775 0.342812 0.408948 0.455351 0.455351 0.455351 
2.38122 1.43183 0.760361 0.76916 0.479322 0.343424 0.409549 0.455907 0.455907 0.455907 
2.38122 1.43304 0.762052 0.770862 0.480457 0.344693 0.410792 0.457058 0.457058 0.457058 
2.38122 1.43661 0.767082 0.775922 0.483836 0.348483 0.414503 0.46049 0.46049 0.46049 
2.38122 1.43745 0.768261 0.777108 0.48463 0.349375 0.415375 0.461296 0.461296 0.461296 
2.38122 1.43815 0.769251 0.778104 0.485296 0.350124 0.416107 0.461973 0.461973 0.461973 
2.38122 1.44902 0.784588 0.793532 0.495664 0.361862 0.427537 0.472517 0.472517 0.472517 
2.38122 1.45531 0.793505 0.802499 0.501729 0.36879 0.434249 0.478692 0.478692 0.478692 
2.38122 1.45533 0.793534 0.802529 0.501749 0.368813 0.434272 0.478713 0.478713 0.478713 
2.38122 1.4555 0.793773 0.802769 0.501912 0.369 0.434452 0.478879 0.478879 0.478879 
2.38122 1.4579 0.797177 0.806192 0.504234 0.371666 0.437028 0.481246 0.481246 0.481246 
2.38122 1.4587 0.798319 0.80734 0.505015 0.372562 0.437894 0.482041 0.482041 0.482041 
2.38122 1.46184 0.802777 0.811823 0.508065 0.376075 0.441281 0.485151 0.485151 0.485151 
2.38122 1.46385 0.805644 0.814706 0.510031 0.378345 0.443466 0.487156 0.487156 0.487156 
2.38122 1.47105 0.815914 0.825032 0.517095 0.386538 0.451335 0.494367 0.494367 0.494367 
2.38122 1.47582 0.822747 0.8319 0.521816 0.392045 0.456605 0.49919 0.49919 0.49919 
2.38122 1.47992 0.828622 0.837806 0.52589 0.396816 0.461161 0.503355 0.503355 0.503355 
2.38122 1.48219 0.83187 0.841071 0.528148 0.399468 0.463689 0.505664 0.505664 0.505664 
2.38122 1.48571 0.836933 0.846159 0.531675 0.403621 0.467641 0.509273 0.509273 0.509273 
2.38122 1.48992 0.843001 0.852257 0.535915 0.408631 0.472399 0.513614 0.513614 0.513614 
2.38122 1.49086 0.844352 0.853615 0.536861 0.409751 0.473462 0.514583 0.514583 0.514583 
2.38122 1.49197 0.845957 0.855228 0.537986 0.411085 0.474726 0.515736 0.515736 0.515736 
2.38122 1.49545 0.850984 0.860279 0.541515 0.415276 0.478694 0.519352 0.519352 0.519352 
2.38122 1.49621 0.852071 0.861371 0.542279 0.416185 0.479554 0.520135 0.520135 0.520135 
2.38122 1.49926 0.856486 0.865807 0.545389 0.419891 0.483055 0.523324 0.523324 0.523324 
2.38122 1.50341 0.862493 0.871842 0.549632 0.424962 0.487838 0.527677 0.527677 0.527677 
2.38122 1.50477 0.864467 0.873826 0.55103 0.426636 0.489415 0.529112 0.529112 0.529112 
2.38122 1.50493 0.864697 0.874056 0.551192 0.426831 0.489598 0.529278 0.529278 0.529278 
2.38122 1.50502 0.864829 0.874189 0.551286 0.426944 0.489704 0.529375 0.529375 0.529375 
2.38122 1.50999 0.872048 0.881441 0.556412 0.4331 0.495492 0.534638 0.534638 0.534638 
2.38122 1.51006 0.872158 0.881551 0.55649 0.433194 0.49558 0.534718 0.534718 0.534718 
2.38122 1.5156 0.88022 0.889649 0.562238 0.440127 0.502082 0.540626 0.540626 0.540626 
2.38122 1.52527 0.894347 0.903836 0.572376 0.452426 0.513573 0.551056 0.551056 0.551056 
2.38122 1.5278 0.898047 0.907552 0.575045 0.455678 0.516603 0.553804 0.553804 0.553804 
2.38122 1.52968 0.900801 0.910317 0.577036 0.458107 0.518863 0.555854 0.555854 0.555854 
2.38122 1.53256 0.905034 0.914567 0.580101 0.461854 0.522347 0.559013 0.559013 0.559013 
2.38122 1.53625 0.910459 0.920013 0.58404 0.466681 0.526827 0.563074 0.563074 0.563074 
2.38122 1.53965 0.91545 0.925024 0.587676 0.471147 0.530965 0.566824 0.566824 0.566824 
2.38122 1.53995 0.9159 0.925476 0.588005 0.471551 0.53134 0.567163 0.567163 0.567163 
2.38122 1.54211 0.919079 0.928667 0.590327 0.474408 0.533984 0.569559 0.569559 0.569559 
2.38122 1.5425 0.919663 0.929253 0.590754 0.474934 0.534471 0.569999 0.569999 0.569999 
2.38122 1.55151 0.932966 0.942606 0.600522 0.487003 0.54561 0.580088 0.580088 0.580088 
2.38122 1.55212 0.933872 0.943514 0.60119 0.48783 0.546373 0.580778 0.580778 0.580778 
2.38122 1.55286 0.934968 0.944615 0.601999 0.488833 0.547296 0.581614 0.581614 0.581614 
2.38122 1.55551 0.938902 0.948563 0.604906 0.492441 0.550616 0.584619 0.584619 0.584619 
2.38122 1.56137 0.947602 0.957292 0.611359 0.50047 0.557991 0.591295 0.591295 0.591295 
2.38122 1.57603 0.969465 0.979226 0.627729 0.520956 0.57673 0.608252 0.608252 0.608252 
2.38122 1.57845 0.973088 0.982859 0.630463 0.524393 0.579864 0.611087 0.611087 0.611087 
2.38122 1.58556 0.983749 0.993552 0.638543 0.534576 0.589131 0.619473 0.619473 0.619473 
2.38122 1.58559 0.983799 0.993602 0.638581 0.534625 0.589175 0.619513 0.619513 0.619513 
2.38122 1.59133 0.992432 1.00226 0.645164 0.542947 0.59673 0.62635 0.62635 0.62635 
2.38122 1.59796 1.00242 1.01228 0.652828 0.552664 0.605532 0.634318 0.634318 0.634318 
2.38122 1.6007 1.00657 1.01643 0.656022 0.556721 0.609201 0.63764 0.63764 0.63764 
2.38122 1.60412 1.01174 1.02162 0.660017 0.561805 0.613792 0.641797 0.641797 0.641797 
2.38122 1.60663 1.01554 1.02543 0.662964 0.565557 0.617179 0.644864 0.644864 0.644864 
2.38122 1.60795 1.01755 1.02744 0.664526 0.567549 0.618975 0.646491 0.646491 0.646491 
2.38122 1.6091 1.01929 1.02919 0.665878 0.569274 0.62053 0.6479 0.6479 0.6479 
2.38122 1.62166 1.0384 1.04834 0.680828 0.588392 0.637725 0.663483 0.663483 0.663483 
2.38122 1.62286 1.04023 1.05017 0.682271 0.590242 0.639385 0.664989 0.664989 0.664989 
2.38122 1.62617 1.04529 1.05524 0.686262 0.595363 0.643977 0.669154 0.669154 0.669154 
2.38122 1.63143 1.05334 1.0633 0.692644 0.603564 0.651322 0.675818 0.675818 0.675818 
2.38122 1.63332 1.05623 1.0662 0.694945 0.606523 0.653969 0.678221 0.678221 0.678221 
2.38122 1.63404 1.05733 1.0673 0.695821 0.607651 0.654978 0.679137 0.679137 0.679137 
2.38122 1.63694 1.06179 1.07177 0.69938 0.612234 0.659074 0.682856 0.682856 0.682856 
2.38122 1.6381 1.06356 1.07354 0.700796 0.614058 0.660703 0.684336 0.684336 0.684336 
2.38122 1.64236 1.07011 1.0801 0.706049 0.620833 0.66675 0.68983 0.68983 0.68983 
2.38122 1.65208 1.0851 1.09512 0.718154 0.636472 0.680682 0.702498 0.702498 0.702498 
2.38122 1.65515 1.08984 1.09987 0.722011 0.641463 0.68512 0.706538 0.706538 0.706538 
2.38122 1.66156 1.09976 1.1098 0.73011 0.651956 0.69444 0.715026 0.715026 0.715026 
2.38122 1.66191 1.10031 1.11035 0.730559 0.652538 0.694957 0.715497 0.715497 0.715497 
2.38122 1.66671 1.10776 1.11781 0.736684 0.660484 0.702004 0.72192 0.72192 0.72192 
2.38122 1.66875 1.11094 1.12098 0.7393 0.663879 0.705012 0.724664 0.724664 0.724664 
2.38122 1.67659 1.12315 1.13321 0.749427 0.677038 0.716659 0.735295 0.735295 0.735295 
2.38122 1.6783 1.12581 1.13587 0.751639 0.679914 0.719201 0.737618 0.737618 0.737618 
2.38122 1.67994 1.12838 1.13844 0.75378 0.682698 0.721662 0.739867 0.739867 0.739867 
2.38122 1.68355 1.13402 1.14408 0.7585 0.68884 0.727087 0.744826 0.744826 0.744826 
2.38122 1.68762 1.1404 1.15047 0.763858 0.695816 0.733243 0.750459 0.750459 0.750459 
2.38122 1.69596 1.15349 1.16357 0.77493 0.710243 0.745959 0.762107 0.762107 0.762107 
2.38122 1.69887 1.15808 1.16816 0.778831 0.715329 0.750436 0.766213 0.766213 0.766213 
2.38122 1.70028 1.16029 1.17037 0.780713 0.717783 0.752597 0.768194 0.768194 0.768194 
2.38122 1.70139 1.16205 1.17213 0.782216 0.719743 0.754321 0.769777 0.769777 0.769777 
2.38122 1.70242 1.16367 1.17375 0.783602 0.721551 0.755911 0.771236 0.771236 0.771236 
2.38122 1.70402 1.16619 1.17627 0.785758 0.724363 0.758384 0.773507 0.773507 0.773507 
2.38122 1.71057 1.17654 1.18663 0.794658 0.735975 0.768589 0.782885 0.782885 0.782885 
2.38122 1.71066 1.17669 1.18677 0.79478 0.736135 0.768729 0.783013 0.783013 0.783013 
2.38122 1.71442 1.18264 1.19272 0.799928 0.742854 0.774628 0.788441 0.788441 0.788441 
2.38122 1.71703 1.18678 1.19686 0.803517 0.747538 0.778739 0.792225 0.792225 0.792225 
2.38122 1.71824 1.1887 1.19878 0.805185 0.749716 0.780649 0.793985 0.793985 0.793985 
2.38122 1.72226 1.19508 1.20516 0.810745 0.756975 0.787014 0.799851 0.799851 0.799851 
2.38122 1.72816 1.20446 1.21454 0.818967 0.767709 0.79642 0.808529 0.808529 0.808529 
2.38122 1.72976 1.20701 1.21709 0.821207 0.770634 0.798981 0.810894 0.810894 0.810894 
2.38122 1.74687 1.23439 1.24445 0.845539 0.802396 0.826762 0.836609 0.836609 0.836609 
2.38122 1.74974 1.239 1.24905 0.849676 0.807794 0.831478 0.840985 0.840985 0.840985 
2.38122 1.75033 1.23995 1.25001 0.850533 0.808912 0.832454 0.841891 0.841891 0.841891 
2.38122 1.75363 1.24525 1.2553 0.855314 0.815149 0.8379 0.84695 0.84695 0.84695 
2.38122 1.75544 1.24818 1.25823 0.857961 0.818601 0.840914 0.849751 0.849751 0.849751 
2.38122 1.76172 1.2583 1.26834 0.867158 0.830592 0.851379 0.859488 0.859488 0.859488 
2.38122 1.76422 1.26234 1.27237 0.870845 0.835396 0.855569 0.863392 0.863392 0.863392 
2.38122 1.76723 1.26721 1.27724 0.875309 0.841212 0.860641 0.86812 0.86812 0.86812 
2.38122 1.77033 1.27223 1.28225 0.87992 0.847216 0.865877 0.873006 0.873006 0.873006 
2.38122 1.77145 1.27403 1.28405 0.88158 0.849377 0.867761 0.874764 0.874764 0.874764 
2.38122 1.77748 1.28383 1.29383 0.890632 0.861157 0.878028 0.884359 0.884359 0.884359 
2.38122 1.78056 1.28883 1.29882 0.895282 0.867204 0.883296 0.889289 0.889289 0.889289 
2.38122 1.78107 1.28966 1.29966 0.896059 0.868214 0.884176 0.890113 0.890113 0.890113 
2.38122 1.78241 1.29184 1.30183 0.89809 0.870853 0.886476 0.892266 0.892266 0.892266 
2.38122 1.78357 1.29373 1.30372 0.899853 0.873145 0.888472 0.894136 0.894136 0.894136 
2.38122 1.78439 1.29507 1.30506 0.901106 0.874772 0.88989 0.895465 0.895465 0.895465 
2.38122 1.78459 1.29539 1.30538 0.901408 0.875165 0.890232 0.895785 0.895785 0.895785 
2.38122 1.78689 1.29915 1.30913 0.904921 0.879728 0.894207 0.899512 0.899512 0.899512 
2.38122 1.7871 1.29949 1.30946 0.905239 0.880141 0.894566 0.899849 0.899849 0.899849 
2.38122 1.79308 1.30926 1.31922 0.914433 0.892074 0.904958 0.909604 0.909604 0.909604 
2.38122 1.79341 1.3098 1.31976 0.914945 0.892738 0.905536 0.910147 0.910147 0.910147 
2.38122 1.7954 1.31305 1.323 0.918018 0.896723 0.909006 0.913408 0.913408 0.913408 
2.38122 1.79596 1.31397 1.32392 0.918886 0.897848 0.909986 0.91433 0.91433 0.91433 
2.38122 1.79663 1.31505 1.325 0.919915 0.899182 0.911147 0.915422 0.915422 0.915422 
2.38122 1.79804 1.31736 1.32731 0.922108 0.902024 0.913622 0.917749 0.917749 0.917749 
2.38122 1.79908 1.31908 1.32902 0.923734 0.904131 0.915456 0.919475 0.919475 0.919475 
2.38122 1.80441 1.32781 1.33774 0.932064 0.914917 0.924846 0.92832 0.92832 0.92832 
2.38122 1.80609 1.33058 1.3405 0.934714 0.918345 0.92783 0.931134 0.931134 0.931134 
2.38122 1.81124 1.33905 1.34895 0.942848 0.92886 0.936983 0.939773 0.939773 0.939773 
2.38122 1.8156 1.34623 1.35611 0.949779 0.937809 0.944773 0.947137 0.947137 0.947137 
2.38122 1.81787 1.34998 1.35985 0.953418 0.942504 0.94886 0.951003 0.951003 0.951003 
2.38122 1.81905 1.35192 1.36179 0.955301 0.944932 0.950974 0.953004 0.953004 0.953004 
2.38122 1.8226 1.35779 1.36764 0.961022 0.952304 0.957391 0.959084 0.959084 0.959084 
2.38122 1.83439 1.37733 1.38713 0.980215 0.976983 0.978879 0.979489 0.979489 0.979489 
2.38122 1.83785 1.38309 1.39287 0.985925 0.984307 0.985257 0.98556 0.98556 0.98556 
2.38122 1.86099 1.42175 1.43141 1.02483 1.03399 1.02856 1.02695 1.02695 1.02695 
2.38122 1.86553 1.42936 1.439 1.03262 1.04388 1.03719 1.03523 1.03523 1.03523 
2.38122 1.86789 1.43333 1.44295 1.03669 1.04905 1.0417 1.03957 1.03957 1.03957 
2.38122 1.86896 1.43514 1.44475 1.03855 1.0514 1.04375 1.04154 1.04154 1.04154 
2.38122 1.87479 1.44497 1.45455 1.0487 1.06426 1.05498 1.05235 1.05235 1.05235 
2.38122 1.87661 1.44803 1.4576 1.05188 1.06827 1.05848 1.05573 1.05573 1.05573 
2.38122 1.87714 1.44892 1.45849 1.0528 1.06944 1.05951 1.05671 1.05671 1.05671 
2.38122 1.87911 1.45226 1.46181 1.05628 1.07382 1.06334 1.06041 1.06041 1.06041 
2.38122 1.88067 1.4549 1.46444 1.05903 1.07729 1.06637 1.06333 1.06333 1.06333 
2.38122 1.88321 1.45918 1.46871 1.0635 1.08293 1.0713 1.06809 1.06809 1.06809 
2.38122 1.88768 1.46675 1.47625 1.07144 1.09292 1.08004 1.07654 1.07654 1.07654 
2.38122 1.88864 1.46838 1.47787 1.07315 1.09508 1.08193 1.07837 1.07837 1.07837 
2.38122 1.89041 1.4714 1.48087 1.07633 1.09907 1.08542 1.08175 1.08175 1.08175 
2.38122 1.89121 1.47274 1.48221 1.07775 1.10085 1.08698 1.08326 1.08326 1.08326 
2.38122 1.8929 1.47562 1.48508 1.0808 1.10467 1.09032 1.0865 1.0865 1.0865 
2.38122 1.89428 1.47796 1.4874 1.08327 1.10777 1.09304 1.08913 1.08913 1.08913 
2.38122 1.89482 1.47888 1.48832 1.08425 1.109 1.09411 1.09017 1.09017 1.09017 
2.38122 1.90166 1.49052 1.49991 1.09664 1.1245 1.10769 1.10335 1.10335 1.10335 
2.38122 1.90647 1.49873 1.50808 1.10543 1.13546 1.11731 1.11271 1.11271 1.11271 
2.38122 1.91452 1.51248 1.52177 1.12029 1.15394 1.13353 1.12851 1.12851 1.12851 
2.38122 1.91463 1.51269 1.52198 1.12051 1.15421 1.13377 1.12875 1.12875 1.12875 
2.38122 1.9157 1.51451 1.52379 1.12249 1.15666 1.13593 1.13085 1.13085 1.13085 
2.38122 1.92233 1.52588 1.5351 1.13489 1.17201 1.14943 1.14404 1.14404 1.14404 
2.38122 1.92634 1.53277 1.54196 1.14245 1.18134 1.15765 1.15208 1.15208 1.15208 
2.38122 1.92731 1.53445 1.54363 1.1443 1.18362 1.15965 1.15404 1.15404 1.15404 
2.38122 1.9289 1.53717 1.54634 1.1473 1.18731 1.16291 1.15723 1.15723 1.15723 
2.38122 1.92933 1.53792 1.54708 1.14812 1.18832 1.1638 1.15811 1.15811 1.15811 
2.38122 1.93532 1.54824 1.55735 1.15956 1.20237 1.17619 1.17026 1.17026 1.17026 
2.38122 1.9357 1.54891 1.55802 1.1603 1.20328 1.17699 1.17105 1.17105 1.17105 
2.38122 1.93804 1.55294 1.56202 1.16478 1.20877 1.18184 1.17581 1.17581 1.17581 
2.38122 1.94069 1.55752 1.56658 1.1699 1.21503 1.18737 1.18125 1.18125 1.18125 
2.38122 1.9586 1.5886 1.59748 1.20503 1.25773 1.22519 1.21854 1.21854 1.21854 
2.38122 1.96324 1.59668 1.60552 1.21429 1.2689 1.23512 1.22836 1.22836 1.22836 
2.38122 1.96436 1.59863 1.60746 1.21653 1.2716 1.23752 1.23074 1.23074 1.23074 
2.38122 1.96522 1.60013 1.60895 1.21825 1.27367 1.23937 1.23256 1.23256 1.23256 
2.38122 1.96853 1.60592 1.6147 1.22492 1.2817 1.24651 1.23964 1.23964 1.23964 
2.38122 1.97139 1.61091 1.61966 1.2307 1.28863 1.25269 1.24577 1.24577 1.24577 
2.38122 1.97753 1.62166 1.63034 1.24321 1.30359 1.26603 1.25902 1.25902 1.25902 
2.38122 1.97991 1.62583 1.63449 1.24809 1.30941 1.27123 1.26419 1.26419 1.26419 
2.38122 1.98005 1.62607 1.63473 1.24837 1.30974 1.27153 1.26448 1.26448 1.26448 
2.38122 1.98041 1.62671 1.63537 1.24913 1.31064 1.27233 1.26528 1.26528 1.26528 
2.38122 1.9824 1.6302 1.63883 1.25321 1.3155 1.27668 1.26961 1.26961 1.26961 
2.38122 1.9868 1.63793 1.64651 1.26232 1.32631 1.28636 1.27925 1.27925 1.27925 
2.38122 1.98815 1.64031 1.64887 1.26513 1.32964 1.28934 1.28222 1.28222 1.28222 
2.38122 1.99517 1.65268 1.66116 1.27981 1.34699 1.30491 1.29775 1.29775 1.29775 
2.38122 1.9994 1.66015 1.66858 1.28874 1.35749 1.31435 1.30719 1.30719 1.30719 
2.38122 1.99945 1.66022 1.66866 1.28883 1.3576 1.31445 1.30729 1.30729 1.30729 
2.38122 2.00054 1.66216 1.67058 1.29115 1.36032 1.3169 1.30973 1.30973 1.30973 
2.38122 2.00102 1.66301 1.67142 1.29217 1.36152 1.31798 1.31082 1.31082 1.31082 
2.38122 2.00444 1.66905 1.67743 1.29944 1.37004 1.32566 1.3185 1.3185 1.3185 
2.38122 2.00747 1.67442 1.68276 1.30592 1.37761 1.33249 1.32534 1.32534 1.32534 
2.38122 2.00752 1.6745 1.68284 1.30602 1.37773 1.33259 1.32544 1.32544 1.32544 
2.38122 2.00784 1.67507 1.6834 1.30671 1.37853 1.33331 1.32616 1.32616 1.32616 
2.38122 2.01129 1.68119 1.68948 1.31414 1.38719 1.34113 1.334 1.334 1.334 
2.38122 2.01842 1.69386 1.70206 1.32959 1.40512 1.35737 1.3503 1.3503 1.3503 
2.38122 2.02225 1.70067 1.70882 1.33795 1.41478 1.36614 1.35911 1.35911 1.35911 
2.38122 2.02351 1.70293 1.71106 1.34073 1.41798 1.36905 1.36203 1.36203 1.36203 
2.38122 2.03393 1.72152 1.72951 1.36378 1.44444 1.39314 1.38629 1.38629 1.38629 
2.38122 2.0347 1.72289 1.73087 1.3655 1.4464 1.39493 1.38809 1.38809 1.38809 
2.38122 2.03573 1.72475 1.73271 1.36782 1.44905 1.39735 1.39053 1.39053 1.39053 
2.38122 2.04127 1.73466 1.74255 1.38025 1.46319 1.41029 1.40359 1.40359 1.40359 
2.38122 2.04221 1.73636 1.74423 1.38239 1.46562 1.41251 1.40583 1.40583 1.40583 
2.38122 2.04525 1.74181 1.74964 1.38927 1.47342 1.41966 1.41305 1.41305 1.41305 
2.38122 2.05328 1.75626 1.76397 1.40762 1.49411 1.43869 1.4323 1.4323 1.4323 
2.38122 2.05364 1.7569 1.76461 1.40844 1.49503 1.43953 1.43315 1.43315 1.43315 
2.38122 2.05431 1.7581 1.7658 1.40998 1.49675 1.44112 1.43476 1.43476 1.43476 
2.38122 2.0565 1.76205 1.76972 1.41503 1.50242 1.44635 1.44005 1.44005 1.44005 
2.38122 2.06364 1.77494 1.7825 1.43161 1.52093 1.46346 1.4574 1.4574 1.4574 
2.38122 2.07128 1.78877 1.79621 1.44956 1.54083 1.48193 1.47614 1.47614 1.47614 
2.38122 2.07154 1.78924 1.79668 1.45017 1.54151 1.48256 1.47678 1.47678 1.47678 
2.38122 2.07238 1.79077 1.7982 1.45218 1.54372 1.48462 1.47887 1.47887 1.47887 
2.38122 2.07438 1.7944 1.8018 1.45692 1.54896 1.4895 1.48382 1.48382 1.48382 
2.38122 2.07558 1.79658 1.80396 1.45977 1.55209 1.49242 1.48679 1.48679 1.48679 
2.38122 2.08415 1.81215 1.81939 1.48027 1.57456 1.51341 1.50814 1.50814 1.50814 
2.38122 2.08493 1.81357 1.8208 1.48216 1.57662 1.51534 1.51011 1.51011 1.51011 
2.38122 2.08546 1.81454 1.82175 1.48344 1.57801 1.51665 1.51143 1.51143 1.51143 
2.38122 2.08629 1.81605 1.82325 1.48544 1.58019 1.5187 1.51352 1.51352 1.51352 
2.38122 2.08922 1.8214 1.82856 1.49255 1.58793 1.52596 1.52091 1.52091 1.52091 
2.38122 2.09505 1.83204 1.8391 1.50676 1.60331 1.54044 1.53566 1.53566 1.53566 
2.38122 2.0969 1.83542 1.84245 1.51131 1.60821 1.54506 1.54038 1.54038 1.54038 
2.38122 2.09728 1.83612 1.84314 1.51224 1.60922 1.54601 1.54135 1.54135 1.54135 
2.38122 2.09871 1.83874 1.84574 1.51576 1.61301 1.54959 1.545 1.545 1.545 
2.38122 2.10144 1.84373 1.85068 1.52249 1.62024 1.55643 1.55197 1.55197 1.55197 
2.38122 2.12168 1.88094 1.88754 1.57335 1.67421 1.60786 1.60449 1.60449 1.60449 
2.38122 2.12179 1.88114 1.88774 1.57363 1.6745 1.60814 1.60477 1.60477 1.60477 
2.38122 2.12242 1.8823 1.88888 1.57522 1.67618 1.60975 1.60642 1.60642 1.60642 
2.38122 2.12903 1.89451 1.90097 1.59219 1.69392 1.62682 1.62387 1.62387 1.62387 
2.38122 2.12947 1.89532 1.90178 1.59333 1.69509 1.62795 1.62503 1.62503 1.62503 
2.38122 2.13062 1.89745 1.90388 1.5963 1.69818 1.63093 1.62808 1.62808 1.62808 
2.38122 2.13256 1.90105 1.90745 1.60133 1.70341 1.63599 1.63325 1.63325 1.63325 
2.38122 2.13477 1.90514 1.91149 1.60707 1.70936 1.64174 1.63913 1.63913 1.63913 
2.38122 2.13539 1.90629 1.91263 1.60869 1.71103 1.64336 1.64079 1.64079 1.64079 
2.38122 2.13915 1.91325 1.91952 1.61849 1.72115 1.65317 1.65084 1.65084 1.65084 
2.38122 2.1415 1.91762 1.92384 1.62466 1.72749 1.65934 1.65715 1.65715 1.65715 
2.38122 2.14307 1.92053 1.92673 1.62879 1.73173 1.66346 1.66137 1.66137 1.66137 
2.38122 2.14668 1.92725 1.93337 1.63832 1.74148 1.67298 1.67111 1.67111 1.67111 
2.38122 2.14925 1.93203 1.93811 1.64515 1.74844 1.67978 1.67808 1.67808 1.67808 
2.38122 2.15557 1.94382 1.94977 1.66204 1.76557 1.6966 1.69529 1.69529 1.69529 
2.38122 2.16198 1.95579 1.96161 1.67932 1.78297 1.71375 1.71286 1.71286 1.71286 
2.38122 2.16311 1.95791 1.96371 1.6824 1.78605 1.7168 1.71598 1.71598 1.71598 
2.38122 2.16422 1.95999 1.96576 1.68541 1.78906 1.71979 1.71904 1.71904 1.71904 
2.38122 2.16558 1.96253 1.96828 1.68911 1.79276 1.72345 1.72279 1.72279 1.72279 
2.38122 2.17001 1.97083 1.97649 1.70122 1.80482 1.73543 1.73506 1.73506 1.73506 
2.38122 2.17387 1.97808 1.98365 1.71185 1.81534 1.74592 1.74581 1.74581 1.74581 
2.38122 2.17631 1.98267 1.98819 1.7186 1.822 1.75258 1.75262 1.75262 1.75262 
2.38122 2.17816 1.98615 1.99163 1.72373 1.82705 1.75764 1.7578 1.7578 1.7578 
2.38122 2.17858 1.98693 1.99241 1.72489 1.8282 1.75878 1.75898 1.75898 1.75898 
2.38122 2.18027 1.99012 1.99556 1.72961 1.83282 1.76342 1.76373 1.76373 1.76373 
2.38122 2.18448 1.99804 2.00339 1.74136 1.84431 1.77498 1.77556 1.77556 1.77556 
2.38122 2.18535 1.99968 2.00501 1.74379 1.84669 1.77738 1.77801 1.77801 1.77801 
2.38122 2.18978 2.00803 2.01327 1.75626 1.8588 1.78962 1.79054 1.79054 1.79054 
2.38122 2.1909 2.01015 2.01536 1.75944 1.86188 1.79274 1.79373 1.79373 1.79373 
2.38122 2.19333 2.01474 2.0199 1.76632 1.86853 1.79948 1.80063 1.80063 1.80063 
2.38122 2.19441 2.01679 2.02192 1.76941 1.8715 1.8025 1.80372 1.80372 1.80372 
2.38122 2.19605 2.0199 2.025 1.77409 1.876 1.80708 1.80841 1.80841 1.80841 
2.38122 2.19767 2.02295 2.02801 1.77869 1.88042 1.81158 1.81302 1.81302 1.81302 
2.38122 2.19823 2.02401 2.02906 1.7803 1.88196 1.81315 1.81462 1.81462 1.81462 
2.38122 2.1989 2.02528 2.03031 1.78221 1.88379 1.81503 1.81654 1.81654 1.81654 
2.38122 2.20664 2.03997 2.04483 1.80453 1.90505 1.83681 1.8388 1.8388 1.8388 
2.38122 2.20861 2.04371 2.04853 1.81025 1.91046 1.84238 1.8445 1.8445 1.8445 
2.38122 2.21103 2.0483 2.05306 1.81728 1.91709 1.84922 1.85148 1.85148 1.85148 
2.38122 2.21328 2.05258 2.05729 1.82385 1.92327 1.85561 1.85801 1.85801 1.85801 
2.38122 2.21771 2.06103 2.06564 1.83689 1.93547 1.86827 1.87094 1.87094 1.87094 
2.38122 2.21903 2.06355 2.06812 1.84078 1.9391 1.87205 1.87479 1.87479 1.87479 
2.38122 2.22016 2.0657 2.07025 1.84411 1.9422 1.87528 1.87809 1.87809 1.87809 
2.38122 2.22056 2.06645 2.07099 1.84528 1.94329 1.87641 1.87924 1.87924 1.87924 
2.38122 2.22263 2.07042 2.0749 1.85143 1.949 1.88237 1.88532 1.88532 1.88532 
2.38122 2.22534 2.07559 2.08001 1.85948 1.95645 1.89016 1.89327 1.89327 1.89327 
2.38122 2.2317 2.08774 2.09202 1.87851 1.97394 1.90856 1.91201 1.91201 1.91201 
2.38122 2.23426 2.09266 2.09687 1.88625 1.98101 1.91603 1.91962 1.91962 1.91962 
2.38122 2.23885 2.10145 2.10555 1.90013 1.99363 1.92941 1.93323 1.93323 1.93323 
2.38122 2.24751 2.1181 2.12198 1.92662 2.01748 1.95488 1.95912 1.95912 1.95912 
2.38122 2.24834 2.11971 2.12357 1.9292 2.01979 1.95735 1.96163 1.96163 1.96163 
2.38122 2.25285 2.1284 2.13215 1.94314 2.0322 1.97072 1.97519 1.97519 1.97519 
2.38122 2.25644 2.13532 2.13898 1.9543 2.04208 1.98141 1.98603 1.98603 1.98603 
2.38122 2.25755 2.13746 2.14109 1.95777 2.04514 1.98472 1.98938 1.98938 1.98938 
2.38122 2.25813 2.1386 2.14221 1.9596 2.04675 1.98647 1.99116 1.99116 1.99116 
2.38122 2.25852 2.13935 2.14295 1.96083 2.04783 1.98764 1.99235 1.99235 1.99235 
2.38122 2.26084 2.14382 2.14736 1.96807 2.0542 1.99457 1.99936 1.99936 1.99936 
2.38122 2.27295 2.16729 2.17052 2.00646 2.08754 2.03116 2.03633 2.03633 2.03633 
2.38122 2.2742 2.16971 2.1729 2.01044 2.09096 2.03494 2.04015 2.04015 2.04015 
2.38122 2.27923 2.17949 2.18254 2.0266 2.10479 2.0503 2.05562 2.05562 2.05562 
2.38122 2.28365 2.1881 2.19104 2.04092 2.11695 2.06388 2.06928 2.06928 2.06928 
2.38122 2.28488 2.19049 2.19339 2.0449 2.12032 2.06766 2.07308 2.07308 2.07308 
2.38122 2.28731 2.19523 2.19806 2.05282 2.12699 2.07515 2.08061 2.08061 2.08061 
2.38122 2.28963 2.19976 2.20254 2.06043 2.13338 2.08235 2.08783 2.08783 2.08783 
2.38122 2.29061 2.20168 2.20442 2.06364 2.13606 2.08538 2.09088 2.09088 2.09088 
2.38122 2.30622 2.23224 2.23455 2.11543 2.17884 2.13423 2.13972 2.13972 2.13972 
2.38122 2.31246 2.24449 2.24662 2.13645 2.19588 2.15397 2.15938 2.15938 2.15938 
2.38122 2.31465 2.24879 2.25086 2.14388 2.20186 2.16094 2.1663 2.1663 2.1663 
2.38122 2.32312 2.26549 2.26731 2.17283 2.22495 2.18806 2.19319 2.19319 2.19319 
2.38122 2.32909 2.27728 2.27892 2.19344 2.24118 2.20732 2.21221 2.21221 2.21221 
2.38122 2.33205 2.28314 2.28469 2.20375 2.24923 2.21693 2.2217 2.2217 2.2217 
2.38122 2.33387 2.28674 2.28824 2.21008 2.25416 2.22285 2.22752 2.22752 2.22752 
2.38122 2.34 2.29889 2.3002 2.23159 2.27077 2.24287 2.2472 2.2472 2.2472 
2.38122 2.34004 2.29897 2.30028 2.23173 2.27087 2.243 2.24732 2.24732 2.24732 
2.38122 2.34252 2.30389 2.30512 2.24048 2.27758 2.25114 2.2553 2.2553 2.2553 
2.38122 2.34927 2.31731 2.31833 2.26446 2.29579 2.27342 2.27708 2.27708 2.27708 
2.38122 2.3509 2.32056 2.32154 2.27031 2.3002 2.27884 2.28237 2.28237 2.28237 
2.38122 2.35669 2.33209 2.33288 2.2911 2.31576 2.2981 2.30112 2.30112 2.30112 
2.38122 2.36083 2.34035 2.34101 2.30609 2.32686 2.31196 2.31456 2.31456 2.31456 
2.38122 2.36243 2.34355 2.34416 2.3119 2.33115 2.31733 2.31977 2.31977 2.31977 
2.38122 2.36872 2.35613 2.35654 2.33489 2.34796 2.33856 2.34028 2.34028 2.34028 
2.38122 2.37285 2.36441 2.36468 2.35011 2.35898 2.35259 2.35378 2.35378 2.35378 
2.38122 2.37432 2.36736 2.36758 2.35554 2.36289 2.35759 2.35859 2.35859 2.35859 
2.38122 2.3803 2.37936 2.37939 2.37777 2.37877 2.37805 2.37819 2.37819 2.37819 
2.38122 2.38049 2.37976 2.37978 2.3785 2.37929 2.37872 2.37883 2.37883 2.37883 
