49 47 
1000
1 1 0 0 
-1 1 1 0 
6.12323e-17 1 2 0 
-0.577316 1 3 0 
1 -1 0 1 
1 6.12323e-17 0 2 
0.658716 1 4 0 
1 -0.577316 0 3 
-1 -1 1 1 
1 0.658716 0 4 
-0.83924 1 5 0 
0.870029 1 6 0 
6.12323e-17 -1 2 1 
1 -0.83924 0 5 
1 0.870029 0 6 
0.305729 1 7 0 
-1 6.12323e-17 1 2 
6.12323e-17 6.12323e-17 2 2 
-0.321539 1 8 0 
1 0.305729 0 7 
-0.577316 -1 3 1 
-0.577316 6.12323e-17 3 2 
1 -0.321539 0 8 
-0.942991 1 9 0 
-1 -0.577316 1 3 
6.12323e-17 -0.577316 2 3 
-0.577316 -0.577316 3 3 
0.952693 1 10 0 
0.658716 -1 4 1 
0.658716 6.12323e-17 4 2 
0.658716 -0.577316 4 3 
1 -0.942991 0 9 
-1 0.658716 1 4 
6.12323e-17 0.658716 2 4 
-0.577316 0.658716 3 4 
0.658716 0.658716 4 4 
0.47955 1 11 0 
1 0.952693 0 10 
-0.712639 1 12 0 
1 0.47955 0 11 
-0.83924 -1 5 1 
-0.83924 6.12323e-17 5 2 
-0.83924 -0.577316 5 3 
-0.83924 0.658716 5 4 
-1 -0.83924 1 5 
6.12323e-17 -0.83924 2 5 
-0.577316 -0.83924 3 5 
0.658716 -0.83924 4 5 
-0.155814 1 13 0 
-0.83924 -0.83924 5 5 
1 -0.712639 0 12 
0.7749 1 14 0 
0.870029 -1 6 1 
0.870029 6.12323e-17 6 2 
0.870029 -0.577316 6 3 
0.870029 0.658716 6 4 
-1 0.870029 1 6 
6.12323e-17 0.870029 2 6 
-0.577316 0.870029 3 6 
0.658716 0.870029 4 6 
1 -0.155814 0 13 
-0.83924 0.870029 5 6 
0.870029 -0.83924 6 5 
0.870029 0.870029 6 6 
-0.979477 1 15 0 
1 0.7749 0 14 
0.161087 1 16 0 
1 -0.979477 0 15 
0.305729 -1 7 1 
0.305729 6.12323e-17 7 2 
0.305729 -0.577316 7 3 
0.305729 0.658716 7 4 
-1 0.305729 1 7 
6.12323e-17 0.305729 2 7 
-0.577316 0.305729 3 7 
0.658716 0.305729 4 7 
0.983331 1 17 0 
0.305729 -0.83924 7 5 
0.305729 0.870029 7 6 
-0.83924 0.305729 5 7 
1 0.161087 0 16 
0.870029 0.305729 6 7 
0.305729 0.305729 7 7 
-0.461253 1 18 0 
-0.321539 -1 8 1 
-0.321539 6.12323e-17 8 2 
-0.321539 -0.577316 8 3 
-0.321539 0.658716 8 4 
-1 -0.321539 1 8 
6.12323e-17 -0.321539 2 8 
-0.577316 -0.321539 3 8 
0.658716 -0.321539 4 8 
1 0.983331 0 17 
-0.321539 -0.83924 8 5 
-0.321539 0.870029 8 6 
-0.321539 0.305729 8 7 
-0.891861 1 19 0 
-0.83924 -0.321539 5 8 
0.870029 -0.321539 6 8 
0.305729 -0.321539 7 8 
-0.942991 -1 9 1 
-0.321539 -0.321539 8 8 
-0.942991 6.12323e-17 9 2 
-0.942991 -0.577316 9 3 
-1 -0.942991 1 9 
-0.942991 0.658716 9 4 
6.12323e-17 -0.942991 2 9 
-0.577316 -0.942991 3 9 
1 -0.461253 0 18 
0.658716 -0.942991 4 9 
-0.83924 -0.942991 5 9 
0.870029 -0.942991 6 9 
0.571917 1 20 0 
0.305729 -0.942991 7 9 
-0.321539 -0.942991 8 9 
-0.942991 -0.83924 9 5 
0.952693 -1 10 1 
0.952693 6.12323e-17 10 2 
0.952693 -0.577316 10 3 
0.952693 0.658716 10 4 
-1 0.952693 1 10 
6.12323e-17 0.952693 2 10 
-0.577316 0.952693 3 10 
0.658716 0.952693 4 10 
1 -0.891861 0 19 
-0.942991 0.870029 9 6 
-0.942991 0.305729 9 7 
-0.942991 -0.321539 9 8 
0.912563 1 21 0 
0.952693 -0.83924 10 5 
0.952693 0.870029 10 6 
0.952693 0.305729 10 7 
0.47955 -1 11 1 
0.952693 -0.321539 10 8 
0.47955 6.12323e-17 11 2 
0.47955 -0.577316 11 3 
-1 0.47955 1 11 
0.47955 0.658716 11 4 
6.12323e-17 0.47955 2 11 
-0.577316 0.47955 3 11 
-0.83924 0.952693 5 10 
0.658716 0.47955 4 11 
0.870029 0.952693 6 10 
0.305729 0.952693 7 10 
1 0.571917 0 20 
-0.321539 0.952693 8 10 
-0.942991 -0.942991 9 9 
-0.942991 0.952693 9 10 
-0.649209 1 22 0 
0.952693 -0.942991 10 9 
0.952693 0.952693 10 10 
-0.83924 0.47955 5 11 
-0.712639 -1 12 1 
-0.712639 6.12323e-17 12 2 
-0.712639 -0.577316 12 3 
-0.712639 0.658716 12 4 
-1 -0.712639 1 12 
6.12323e-17 -0.712639 2 12 
-0.577316 -0.712639 3 12 
0.658716 -0.712639 4 12 
0.47955 -0.83924 11 5 
0.870029 0.47955 6 11 
0.305729 0.47955 7 11 
-0.321539 0.47955 8 11 
1 0.912563 0 21 
0.47955 0.870029 11 6 
0.47955 0.305729 11 7 
0.47955 -0.321539 11 8 
0.0797118 1 23 0 
0.47955 -0.942991 11 9 
0.47955 0.952693 11 10 
-0.942991 0.47955 9 11 
-0.155814 -1 13 1 
-0.155814 6.12323e-17 13 2 
-0.155814 -0.577316 13 3 
-0.155814 0.658716 13 4 
-1 -0.155814 1 13 
6.12323e-17 -0.155814 2 13 
-0.577316 -0.155814 3 13 
0.658716 -0.155814 4 13 
-0.83924 -0.712639 5 12 
-0.83924 -0.155814 5 13 
0.870029 -0.712639 6 12 
0.305729 -0.712639 7 12 
-0.712639 -0.83924 12 5 
-0.321539 -0.712639 8 12 
0.870029 -0.155814 6 13 
0.305729 -0.155814 7 13 
1 -0.649209 0 22 
-0.321539 -0.155814 8 13 
-0.155814 -0.83924 13 5 
-0.712639 0.870029 12 6 
-0.242294 1 24 0 
-0.712639 0.305729 12 7 
-0.712639 -0.321539 12 8 
-0.155814 0.870029 13 6 
0.952693 0.47955 10 11 
-0.155814 0.305729 13 7 
-0.155814 -0.321539 13 8 
-0.712639 -0.942991 12 9 
0.7749 -1 14 1 
0.7749 6.12323e-17 14 2 
0.7749 -0.577316 14 3 
0.7749 0.658716 14 4 
-1 0.7749 1 14 
6.12323e-17 0.7749 2 14 
-0.577316 0.7749 3 14 
0.658716 0.7749 4 14 
-0.942991 -0.712639 9 12 
-0.155814 -0.942991 13 9 
-0.942991 -0.155814 9 13 
-0.83924 0.7749 5 14 
1 0.0797118 0 23 
0.870029 0.7749 6 14 
0.305729 0.7749 7 14 
-0.321539 0.7749 8 14 
0.722267 1 25 0 
-0.942991 0.7749 9 14 
0.7749 -0.83924 14 5 
0.7749 0.870029 14 6 
0.47955 0.47955 11 11 
0.7749 0.305729 14 7 
0.7749 -0.321539 14 8 
0.7749 -0.942991 14 9 
-0.712639 0.952693 12 10 
-0.155814 0.952693 13 10 
0.7749 0.952693 14 10 
0.952693 -0.712639 10 12 
-0.979477 -1 15 1 
0.952693 -0.155814 10 13 
-0.979477 6.12323e-17 15 2 
0.952693 0.7749 10 14 
-1 -0.979477 1 15 
6.12323e-17 -0.979477 2 15 
-0.979477 -0.577316 15 3 
-0.979477 0.658716 15 4 
1 -0.242294 0 24 
-0.577316 -0.979477 3 15 
0.658716 -0.979477 4 15 
0.47955 -0.712639 11 12 
-0.992656 1 26 0 
0.47955 -0.155814 11 13 
0.47955 0.7749 11 14 
-0.712639 0.47955 12 11 
0.161087 -1 16 1 
0.161087 6.12323e-17 16 2 
0.161087 -0.577316 16 3 
0.161087 0.658716 16 4 
-1 0.161087 1 16 
6.12323e-17 0.161087 2 16 
-0.577316 0.161087 3 16 
0.658716 0.161087 4 16 
-0.979477 -0.83924 15 5 
0.161087 -0.83924 16 5 
-0.155814 0.47955 13 11 
0.7749 0.47955 14 11 
1 0.722267 0 25 
-0.712639 -0.712639 12 12 
-0.155814 -0.712639 13 12 
-0.712639 -0.155814 12 13 
-0.83924 -0.979477 5 15 
-0.155814 -0.155814 13 13 
-0.83924 0.161087 5 16 
0.7749 -0.712639 14 12 
0.390795 1 27 0 
0.7749 -0.155814 14 13 
-0.712639 0.7749 12 14 
-0.155814 0.7749 13 14 
0.983331 -1 17 1 
0.983331 6.12323e-17 17 2 
0.983331 -0.577316 17 3 
0.983331 0.658716 17 4 
-1 0.983331 1 17 
6.12323e-17 0.983331 2 17 
-0.577316 0.983331 3 17 
0.658716 0.983331 4 17 
-0.979477 0.870029 15 6 
0.161087 0.870029 16 6 
0.7749 0.7749 14 14 
-0.979477 0.305729 15 7 
1 -0.992656 0 26 
0.161087 0.305729 16 7 
-0.979477 -0.321539 15 8 
0.161087 -0.321539 16 8 
0.870029 -0.979477 6 15 
0.870029 0.161087 6 16 
0.305729 -0.979477 7 15 
0.305729 0.161087 7 16 
-0.782195 1 28 0 
-0.321539 -0.979477 8 15 
-0.321539 0.161087 8 16 
-0.83924 0.983331 5 17 
-0.461253 -1 18 1 
-0.461253 6.12323e-17 18 2 
-0.461253 -0.577316 18 3 
-0.461253 0.658716 18 4 
0.983331 -0.83924 17 5 
-0.461253 -0.83924 18 5 
0.870029 0.983331 6 17 
0.305729 0.983331 7 17 
-1 -0.461253 1 18 
6.12323e-17 -0.461253 2 18 
-0.577316 -0.461253 3 18 
0.658716 -0.461253 4 18 
1 0.390795 0 27 
-0.321539 0.983331 8 17 
-0.83924 -0.461253 5 18 
0.870029 -0.461253 6 18 
-0.979477 -0.942991 15 9 
0.305729 -0.461253 7 18 
-0.321539 -0.461253 8 18 
0.161087 -0.942991 16 9 
0.994064 1 29 0 
0.983331 0.870029 17 6 
-0.461253 0.870029 18 6 
0.983331 0.305729 17 7 
-0.942991 -0.979477 9 15 
-0.461253 0.305729 18 7 
0.983331 -0.321539 17 8 
-0.461253 -0.321539 18 8 
-0.891861 -1 19 1 
-0.942991 0.161087 9 16 
-0.891861 6.12323e-17 19 2 
0.983331 -0.942991 17 9 
-1 -0.891861 1 19 
-0.461253 -0.942991 18 9 
6.12323e-17 -0.891861 2 19 
-0.942991 0.983331 9 17 
1 -0.782195 0 28 
-0.942991 -0.461253 9 18 
-0.577316 -0.891861 3 19 
0.658716 -0.891861 4 19 
-0.979477 0.952693 15 10 
0.161087 0.952693 16 10 
0.983331 0.952693 17 10 
-0.461253 0.952693 18 10 
-0.397436 1 30 0 
-0.891861 -0.577316 19 3 
-0.891861 0.658716 19 4 
0.952693 -0.979477 10 15 
0.571917 -1 20 1 
0.571917 6.12323e-17 20 2 
0.952693 0.161087 10 16 
0.571917 -0.577316 20 3 
-1 0.571917 1 20 
0.571917 0.658716 20 4 
6.12323e-17 0.571917 2 20 
-0.577316 0.571917 3 20 
1 0.994064 0 29 
0.658716 0.571917 4 20 
0.952693 0.983331 10 17 
0.952693 -0.461253 10 18 
-0.83924 -0.891861 5 19 
-0.83924 0.571917 5 20 
0.870029 -0.891861 6 19 
0.870029 0.571917 6 20 
-0.979477 0.47955 15 11 
0.161087 0.47955 16 11 
0.305729 -0.891861 7 19 
0.305729 0.571917 7 20 
0.826374 1 31 0 
-0.321539 -0.891861 8 19 
-0.321539 0.571917 8 20 
0.983331 0.47955 17 11 
-0.891861 -0.83924 19 5 
-0.461253 0.47955 18 11 
0.571917 -0.83924 20 5 
-0.891861 0.870029 19 6 
0.47955 -0.979477 11 15 
0.47955 0.161087 11 16 
0.571917 0.870029 20 6 
-0.891861 0.305729 19 7 
0.912563 -1 21 1 
0.571917 0.305729 20 7 
-0.891861 -0.321539 19 8 
0.571917 -0.321539 20 8 
-1 0.912563 1 21 
0.47955 0.983331 11 17 
0.47955 -0.461253 11 18 
-0.979477 -0.712639 15 12 
1 -0.397436 0 30 
0.161087 -0.712639 16 12 
-0.979477 -0.155814 15 13 
0.161087 -0.155814 16 13 
-0.919986 1 32 0 
0.983331 -0.712639 17 12 
-0.461253 -0.712639 18 12 
0.983331 -0.155814 17 13 
-0.942991 -0.891861 9 19 
-0.461253 -0.155814 18 13 
-0.942991 0.571917 9 20 
-0.979477 0.7749 15 14 
-0.712639 -0.979477 12 15 
0.161087 0.7749 16 14 
-0.712639 0.161087 12 16 
0.983331 0.7749 17 14 
-0.649209 -1 22 1 
-0.461253 0.7749 18 14 
-0.155814 -0.979477 13 15 
-0.155814 0.161087 13 16 
0.912563 6.12323e-17 21 2 
-0.649209 6.12323e-17 22 2 
-0.712639 0.983331 12 17 
-0.712639 -0.461253 12 18 
-0.891861 -0.942991 19 9 
-0.155814 0.983331 13 17 
-0.155814 -0.461253 13 18 
0.571917 -0.942991 20 9 
-1 -0.649209 1 22 
0.7749 -0.979477 14 15 
0.7749 0.161087 14 16 
0.7749 0.983331 14 17 
6.12323e-17 0.912563 2 21 
0.7749 -0.461253 14 18 
6.12323e-17 -0.649209 2 22 
0.952693 -0.891861 10 19 
1 0.826374 0 31 
0.952693 0.571917 10 20 
-0.891861 0.952693 19 10 
0.571917 0.952693 20 10 
0.235278 1 33 0 
0.47955 -0.891861 11 19 
0.47955 0.571917 11 20 
-0.891861 0.47955 19 11 
0.0797118 -1 23 1 
0.0797118 6.12323e-17 23 2 
0.571917 0.47955 20 11 
-0.712639 -0.891861 12 19 
0.912563 -0.577316 21 3 
-0.712639 0.571917 12 20 
-0.155814 -0.891861 13 19 
-0.155814 0.571917 13 20 
-1 0.0797118 1 23 
6.12323e-17 0.0797118 2 23 
-0.649209 -0.577316 22 3 
0.0797118 -0.577316 23 3 
-0.979477 -0.979477 15 15 
-0.979477 0.161087 15 16 
0.161087 -0.979477 16 15 
0.161087 0.161087 16 16 
-0.577316 0.912563 3 21 
-0.577316 -0.649209 3 22 
-0.577316 0.0797118 3 23 
0.7749 -0.891861 14 19 
1 -0.919986 0 32 
0.7749 0.571917 14 20 
-0.979477 0.983331 15 17 
0.161087 0.983331 16 17 
-0.0812775 1 34 0 
-0.979477 -0.461253 15 18 
0.161087 -0.461253 16 18 
0.983331 -0.979477 17 15 
-0.891861 -0.712639 19 12 
0.983331 0.161087 17 16 
-0.461253 -0.979477 18 15 
-0.461253 0.161087 18 16 
-0.242294 -1 24 1 
-0.242294 6.12323e-17 24 2 
-0.242294 -0.577316 24 3 
0.983331 0.983331 17 17 
0.912563 0.658716 21 4 
-0.461253 0.983331 18 17 
0.983331 -0.461253 17 18 
-0.461253 -0.461253 18 18 
-1 -0.242294 1 24 
6.12323e-17 -0.242294 2 24 
-0.577316 -0.242294 3 24 
-0.649209 0.658716 22 4 
0.658716 0.912563 4 21 
0.0797118 0.658716 23 4 
-0.242294 0.658716 24 4 
0.658716 -0.649209 4 22 
1 0.235278 0 33 
0.658716 0.0797118 4 23 
0.658716 -0.242294 4 24 
0.571917 -0.712639 20 12 
0.934776 1 35 0 
-0.891861 -0.155814 19 13 
0.571917 -0.155814 20 13 
-0.891861 0.7749 19 14 
-0.979477 -0.891861 15 19 
0.571917 0.7749 20 14 
0.161087 -0.891861 16 19 
-0.979477 0.571917 15 20 
0.722267 -1 25 1 
0.722267 6.12323e-17 25 2 
0.161087 0.571917 16 20 
0.722267 -0.577316 25 3 
0.912563 -0.83924 21 5 
0.722267 0.658716 25 4 
0.983331 -0.891861 17 19 
-0.461253 -0.891861 18 19 
-1 0.722267 1 25 
6.12323e-17 0.722267 2 25 
-0.577316 0.722267 3 25 
0.658716 0.722267 4 25 
-0.83924 0.912563 5 21 
0.983331 0.571917 17 20 
-0.461253 0.571917 18 20 
-0.649209 -0.83924 22 5 
1 -0.0812775 0 34 
0.0797118 -0.83924 23 5 
-0.242294 -0.83924 24 5 
0.722267 -0.83924 25 5 
-0.964225 1 36 0 
-0.83924 -0.649209 5 22 
-0.83924 0.0797118 5 23 
-0.83924 -0.242294 5 24 
-0.891861 -0.979477 19 15 
-0.891861 0.161087 19 16 
-0.83924 0.722267 5 25 
0.571917 -0.979477 20 15 
-0.992656 -1 26 1 
-0.992656 6.12323e-17 26 2 
-0.992656 -0.577316 26 3 
-0.992656 0.658716 26 4 
0.912563 0.870029 21 6 
0.571917 0.161087 20 16 
-0.992656 -0.83924 26 5 
-0.891861 0.983331 19 17 
-1 -0.992656 1 26 
6.12323e-17 -0.992656 2 26 
-0.577316 -0.992656 3 26 
0.658716 -0.992656 4 26 
0.870029 0.912563 6 21 
-0.83924 -0.992656 5 26 
-0.891861 -0.461253 19 18 
0.571917 0.983331 20 17 
1 0.934776 0 35 
0.571917 -0.461253 20 18 
-0.649209 0.870029 22 6 
0.0797118 0.870029 23 6 
-0.524372 1 37 0 
-0.242294 0.870029 24 6 
0.722267 0.870029 25 6 
-0.992656 0.870029 26 6 
0.390795 -1 27 1 
0.390795 6.12323e-17 27 2 
0.390795 -0.577316 27 3 
0.390795 0.658716 27 4 
0.912563 0.305729 21 7 
0.390795 -0.83924 27 5 
0.390795 0.870029 27 6 
-0.649209 0.305729 22 7 
-1 0.390795 1 27 
6.12323e-17 0.390795 2 27 
-0.577316 0.390795 3 27 
0.658716 0.390795 4 27 
0.305729 0.912563 7 21 
0.0797118 0.305729 23 7 
-0.242294 0.305729 24 7 
0.722267 0.305729 25 7 
0.870029 -0.649209 6 22 
-0.992656 0.305729 26 7 
0.390795 0.305729 27 7 
0.870029 0.0797118 6 23 
-0.891861 -0.891861 19 19 
0.870029 -0.242294 6 24 
0.870029 0.722267 6 25 
0.870029 -0.992656 6 26 
1 -0.964225 0 36 
-0.83924 0.390795 5 27 
0.870029 0.390795 6 27 
0.305729 -0.649209 7 22 
0.528379 1 38 0 
0.305729 0.0797118 7 23 
0.305729 -0.242294 7 24 
0.305729 0.722267 7 25 
-0.782195 -1 28 1 
0.305729 -0.992656 7 26 
-0.782195 6.12323e-17 28 2 
0.305729 0.390795 7 27 
0.912563 -0.321539 21 8 
-0.782195 -0.577316 28 3 
-0.782195 0.658716 28 4 
-0.649209 -0.321539 22 8 
-1 -0.782195 1 28 
6.12323e-17 -0.782195 2 28 
0.0797118 -0.321539 23 8 
-0.242294 -0.321539 24 8 
-0.321539 0.912563 8 21 
0.722267 -0.321539 25 8 
-0.992656 -0.321539 26 8 
0.390795 -0.321539 27 8 
0.571917 -0.891861 20 19 
-0.577316 -0.782195 3 28 
0.658716 -0.782195 4 28 
-0.321539 -0.649209 8 22 
-0.891861 0.571917 19 20 
-0.321539 0.0797118 8 23 
-0.321539 -0.242294 8 24 
-0.321539 0.722267 8 25 
1 -0.524372 0 37 
-0.321539 -0.992656 8 26 
-0.321539 0.390795 8 27 
0.571917 0.571917 20 20 
-0.749487 1 39 0 
-0.83924 -0.782195 5 28 
0.870029 -0.782195 6 28 
0.305729 -0.782195 7 28 
0.994064 -1 29 1 
-0.321539 -0.782195 8 28 
0.994064 6.12323e-17 29 2 
0.994064 -0.577316 29 3 
0.912563 -0.942991 21 9 
0.994064 0.658716 29 4 
-0.782195 -0.83924 28 5 
-0.782195 0.870029 28 6 
-1 0.994064 1 29 
-0.782195 0.305729 28 7 
-0.782195 -0.321539 28 8 
6.12323e-17 0.994064 2 29 
-0.942991 0.912563 9 21 
-0.577316 0.994064 3 29 
0.658716 0.994064 4 29 
-0.83924 0.994064 5 29 
1 0.528379 0 38 
0.870029 0.994064 6 29 
0.305729 0.994064 7 29 
-0.321539 0.994064 8 29 
0.970809 1 40 0 
0.994064 -0.83924 29 5 
0.994064 0.870029 29 6 
0.994064 0.305729 29 7 
-0.397436 -1 30 1 
0.994064 -0.321539 29 8 
-0.397436 6.12323e-17 30 2 
-0.397436 -0.577316 30 3 
-0.649209 -0.942991 22 9 
-0.397436 0.658716 30 4 
0.0797118 -0.942991 23 9 
-0.242294 -0.942991 24 9 
0.912563 0.952693 21 10 
0.722267 -0.942991 25 9 
-0.992656 -0.942991 26 9 
0.390795 -0.942991 27 9 
-1 -0.397436 1 30 
6.12323e-17 -0.397436 2 30 
-0.782195 -0.942991 28 9 
-0.577316 -0.397436 3 30 
0.952693 0.912563 10 21 
0.658716 -0.397436 4 30 
0.994064 -0.942991 29 9 
-0.83924 -0.397436 5 30 
-0.942991 -0.649209 9 22 
-0.942991 0.0797118 9 23 
-0.942991 -0.242294 9 24 
-0.942991 0.722267 9 25 
1 -0.749487 0 39 
-0.942991 -0.992656 9 26 
-0.942991 0.390795 9 27 
-0.942991 -0.782195 9 28 
0.619834 1 41 0 
-0.942991 0.994064 9 29 
0.870029 -0.397436 6 30 
0.305729 -0.397436 7 30 
0.826374 -1 31 1 
-0.321539 -0.397436 8 30 
0.826374 6.12323e-17 31 2 
0.826374 -0.577316 31 3 
-0.397436 -0.83924 30 5 
0.826374 0.658716 31 4 
-0.397436 0.870029 30 6 
-0.397436 0.305729 30 7 
-0.649209 0.952693 22 10 
-0.397436 -0.321539 30 8 
0.0797118 0.952693 23 10 
-0.242294 0.952693 24 10 
0.912563 0.47955 21 11 
0.722267 0.952693 25 10 
-0.992656 0.952693 26 10 
0.390795 0.952693 27 10 
-1 0.826374 1 31 
-0.782195 0.952693 28 10 
0.994064 0.952693 29 10 
6.12323e-17 0.826374 2 31 
0.47955 0.912563 11 21 
-0.577316 0.826374 3 31 
0.658716 0.826374 4 31 
-0.942991 -0.397436 9 30 
0.952693 -0.649209 10 22 
0.952693 0.0797118 10 23 
0.952693 -0.242294 10 24 
0.952693 0.722267 10 25 
1 0.970809 0 40 
0.952693 -0.992656 10 26 
0.952693 0.390795 10 27 
0.952693 -0.782195 10 28 
-0.865344 1 42 0 
0.952693 0.994064 10 29 
0.952693 -0.397436 10 30 
-0.397436 -0.942991 30 9 
-0.919986 -1 32 1 
-0.919986 6.12323e-17 32 2 
-0.397436 0.952693 30 10 
-0.919986 -0.577316 32 3 
0.826374 -0.83924 31 5 
-0.919986 0.658716 32 4 
0.826374 0.870029 31 6 
0.826374 0.305729 31 7 
-0.649209 0.47955 22 11 
0.0797118 0.47955 23 11 
-0.242294 0.47955 24 11 
0.722267 0.47955 25 11 
0.912563 -0.712639 21 12 
-0.992656 0.47955 26 11 
0.390795 0.47955 27 11 
-0.782195 0.47955 28 11 
-1 -0.919986 1 32 
0.826374 -0.321539 31 8 
6.12323e-17 -0.919986 2 32 
0.994064 0.47955 29 11 
-0.712639 0.912563 12 21 
-0.577316 -0.919986 3 32 
0.658716 -0.919986 4 32 
-0.397436 0.47955 30 11 
-0.83924 0.826374 5 31 
0.870029 0.826374 6 31 
0.305729 0.826374 7 31 
-0.321539 0.826374 8 31 
0.47955 -0.649209 11 22 
0.47955 0.0797118 11 23 
0.47955 -0.242294 11 24 
0.47955 0.722267 11 25 
1 0.619834 0 41 
0.47955 -0.992656 11 26 
0.47955 0.390795 11 27 
0.47955 -0.782195 11 28 
-0.198786 1 43 0 
0.47955 0.994064 11 29 
0.47955 -0.397436 11 30 
-0.649209 -0.712639 22 12 
0.235278 -1 33 1 
0.235278 6.12323e-17 33 2 
0.235278 -0.577316 33 3 
0.235278 0.658716 33 4 
-0.919986 -0.83924 32 5 
0.0797118 -0.712639 23 12 
-0.242294 -0.712639 24 12 
0.722267 -0.712639 25 12 
0.912563 -0.155814 21 13 
-0.992656 -0.712639 26 12 
0.390795 -0.712639 27 12 
-0.782195 -0.712639 28 12 
-1 0.235278 1 33 
6.12323e-17 0.235278 2 33 
-0.577316 0.235278 3 33 
0.658716 0.235278 4 33 
0.826374 -0.942991 31 9 
-0.649209 -0.155814 22 13 
0.0797118 -0.155814 23 13 
-0.242294 -0.155814 24 13 
-0.155814 0.912563 13 21 
0.722267 -0.155814 25 13 
-0.992656 -0.155814 26 13 
0.390795 -0.155814 27 13 
-0.83924 -0.919986 5 32 
-0.782195 -0.155814 28 13 
0.994064 -0.712639 29 12 
0.994064 -0.155814 29 13 
-0.942991 0.826374 9 31 
-0.83924 0.235278 5 33 
0.235278 -0.83924 33 5 
-0.397436 -0.712639 30 12 
-0.712639 -0.649209 12 22 
-0.397436 -0.155814 30 13 
-0.712639 0.0797118 12 23 
-0.712639 -0.242294 12 24 
1 -0.865344 0 42 
-0.712639 0.722267 12 25 
-0.712639 -0.992656 12 26 
-0.712639 0.390795 12 27 
0.348768 1 44 0 
-0.712639 -0.782195 12 28 
-0.155814 -0.649209 13 22 
-0.155814 0.0797118 13 23 
-0.0812775 -1 34 1 
-0.0812775 6.12323e-17 34 2 
-0.0812775 -0.577316 34 3 
-0.0812775 0.658716 34 4 
-0.919986 0.870029 32 6 
-0.155814 -0.242294 13 24 
-0.155814 0.722267 13 25 
-0.155814 -0.992656 13 26 
0.912563 0.7749 21 14 
-0.155814 0.390795 13 27 
-0.155814 -0.782195 13 28 
-0.0812775 -0.83924 34 5 
-1 -0.0812775 1 34 
6.12323e-17 -0.0812775 2 34 
-0.577316 -0.0812775 3 34 
0.658716 -0.0812775 4 34 
0.826374 0.952693 31 10 
-0.83924 -0.0812775 5 34 
-0.712639 0.994064 12 29 
-0.155814 0.994064 13 29 
0.7749 0.912563 14 21 
0.235278 0.870029 33 6 
-0.0812775 0.870029 34 6 
-0.919986 0.305729 32 7 
0.870029 -0.919986 6 32 
0.235278 0.305729 33 7 
-0.0812775 0.305729 34 7 
-0.919986 -0.321539 32 8 
0.952693 0.826374 10 31 
0.235278 -0.321539 33 8 
-0.0812775 -0.321539 34 8 
0.870029 0.235278 6 33 
1 -0.198786 0 43 
0.870029 -0.0812775 6 34 
0.305729 -0.919986 7 32 
0.305729 0.235278 7 33 
-0.997458 1 45 0 
0.305729 -0.0812775 7 34 
-0.321539 -0.919986 8 32 
-0.321539 0.235278 8 33 
0.934776 -1 35 1 
-0.321539 -0.0812775 8 34 
0.934776 6.12323e-17 35 2 
0.934776 -0.577316 35 3 
-0.649209 0.7749 22 14 
0.934776 0.658716 35 4 
0.0797118 0.7749 23 14 
-0.242294 0.7749 24 14 
0.912563 -0.979477 21 15 
0.722267 0.7749 25 14 
-0.992656 0.7749 26 14 
0.390795 0.7749 27 14 
-1 0.934776 1 35 
6.12323e-17 0.934776 2 35 
-0.782195 0.7749 28 14 
-0.577316 0.934776 3 35 
0.826374 0.47955 31 11 
0.658716 0.934776 4 35 
0.994064 0.7749 29 14 
-0.397436 0.7749 30 14 
-0.712639 -0.397436 12 30 
-0.155814 -0.397436 13 30 
-0.83924 0.934776 5 35 
0.870029 0.934776 6 35 
-0.979477 0.912563 15 21 
0.305729 0.934776 7 35 
-0.321539 0.934776 8 35 
0.934776 -0.83924 35 5 
0.7749 -0.649209 14 22 
0.7749 0.0797118 14 23 
0.7749 -0.242294 14 24 
0.7749 0.722267 14 25 
-0.919986 -0.942991 32 9 
0.7749 -0.992656 14 26 
0.7749 0.390795 14 27 
0.7749 -0.782195 14 28 
0.47955 0.826374 11 31 
0.7749 0.994064 14 29 
0.934776 0.870029 35 6 
0.934776 0.305729 35 7 
1 0.348768 0 44 
0.934776 -0.321539 35 8 
0.7749 -0.397436 14 30 
0.235278 -0.942991 33 9 
0.848676 1 46 0 
-0.0812775 -0.942991 34 9 
0.934776 -0.942991 35 9 
0.161087 0.912563 16 21 
-0.942991 -0.919986 9 32 
-0.942991 0.235278 9 33 
-0.942991 -0.0812775 9 34 
-0.942991 0.934776 9 35 
-0.964225 -1 36 1 
-0.964225 6.12323e-17 36 2 
-0.964225 -0.577316 36 3 
-0.964225 0.658716 36 4 
-0.649209 -0.979477 22 15 
-0.964225 -0.83924 36 5 
-0.964225 0.870029 36 6 
-0.964225 0.305729 36 7 
0.912563 0.161087 21 16 
-0.964225 -0.321539 36 8 
-0.964225 -0.942991 36 9 
-0.649209 0.161087 22 16 
-1 -0.964225 1 36 
6.12323e-17 -0.964225 2 36 
-0.577316 -0.964225 3 36 
0.658716 -0.964225 4 36 
0.826374 -0.712639 31 12 
-0.83924 -0.964225 5 36 
0.870029 -0.964225 6 36 
0.305729 -0.964225 7 36 
-0.979477 -0.649209 15 22 
-0.321539 -0.964225 8 36 
-0.942991 -0.964225 9 36 
0.161087 -0.649209 16 22 
-0.919986 0.952693 32 10 
-0.979477 0.0797118 15 23 
0.161087 0.0797118 16 23 
-0.979477 -0.242294 15 24 
-0.712639 0.826374 12 31 
0.161087 -0.242294 16 24 
-0.979477 0.722267 15 25 
0.161087 0.722267 16 25 
1 -0.997458 0 45 
-0.979477 -0.992656 15 26 
0.161087 -0.992656 16 26 
-0.979477 0.390795 15 27 
-0.613651 1 47 0 
0.161087 0.390795 16 27 
-0.979477 -0.782195 15 28 
0.161087 -0.782195 16 28 
0.983331 0.912563 17 21 
0.0797118 -0.979477 23 15 
0.0797118 0.161087 23 16 
-0.242294 -0.979477 24 15 
0.952693 -0.919986 10 32 
-0.242294 0.161087 24 16 
0.722267 -0.979477 25 15 
0.722267 0.161087 25 16 
-0.524372 -1 37 1 
-0.524372 6.12323e-17 37 2 
-0.992656 -0.979477 26 15 
-0.992656 0.161087 26 16 
0.912563 0.983331 21 17 
-0.524372 -0.577316 37 3 
-0.524372 0.658716 37 4 
0.390795 -0.979477 27 15 
-1 -0.524372 1 37 
0.390795 0.161087 27 16 
6.12323e-17 -0.524372 2 37 
-0.577316 -0.524372 3 37 
0.826374 -0.155814 31 13 
0.658716 -0.524372 4 37 
-0.782195 -0.979477 28 15 
-0.782195 0.161087 28 16 
0.235278 0.952693 33 10 
-0.0812775 0.952693 34 10 
0.934776 0.952693 35 10 
-0.964225 0.952693 36 10 
-0.919986 0.47955 32 11 
-0.524372 -0.83924 37 5 
-0.524372 0.870029 37 6 
-0.524372 0.305729 37 7 
-0.155814 0.826374 13 31 
-0.524372 -0.321539 37 8 
-0.524372 -0.942991 37 9 
-0.524372 0.952693 37 10 
1 0.848676 0 46 
-0.83924 -0.524372 5 37 
0.870029 -0.524372 6 37 
0.305729 -0.524372 7 37 
0.119097 1 48 0 
-0.321539 -0.524372 8 37 
-0.942991 -0.524372 9 37 
0.952693 0.235278 10 33 
-0.979477 0.994064 15 29 
0.161087 0.994064 16 29 
0.952693 -0.0812775 10 34 
0.952693 0.934776 10 35 
-0.461253 0.912563 18 21 
0.952693 -0.964225 10 36 
0.952693 -0.524372 10 37 
0.994064 -0.979477 29 15 
0.983331 -0.649209 17 22 
0.994064 0.161087 29 16 
0.983331 0.0797118 17 23 
0.983331 -0.242294 17 24 
0.47955 -0.919986 11 32 
0.983331 0.722267 17 25 
0.983331 -0.992656 17 26 
0.983331 0.390795 17 27 
0.528379 -1 38 1 
0.528379 6.12323e-17 38 2 
0.528379 -0.577316 38 3 
0.528379 0.658716 38 4 
-0.649209 0.983331 22 17 
0.983331 -0.782195 17 28 
0.0797118 0.983331 23 17 
-0.242294 0.983331 24 17 
0.912563 -0.461253 21 18 
0.722267 0.983331 25 17 
-0.992656 0.983331 26 17 
0.390795 0.983331 27 17 
-1 0.528379 1 38 
6.12323e-17 0.528379 2 38 
-0.577316 0.528379 3 38 
0.658716 0.528379 4 38 
0.826374 0.7749 31 14 
-0.782195 0.983331 28 17 
-0.461253 -0.649209 18 22 
-0.461253 0.0797118 18 23 
0.235278 0.47955 33 11 
-0.461253 -0.242294 18 24 
-0.461253 0.722267 18 25 
-0.461253 -0.992656 18 26 
-0.919986 -0.712639 32 12 
-0.461253 0.390795 18 27 
-0.461253 -0.782195 18 28 
-0.0812775 0.47955 34 11 
0.7749 0.826374 14 31 
-0.649209 -0.461253 22 18 
0.0797118 -0.461253 23 18 
-0.242294 -0.461253 24 18 
(-1.996622)  ; (0.876753)  ; (-0.434047)  ; (-0.672491)  ; (3.120687)  ; (0.631403)  ; (-0.345280)  ; (-0.479468)  ; (-0.599406)  ; (0.490921)  ; (-0.234982)  ; (0.039312)  ; (-0.138653)  ; (-0.095526)  ; (0.094411)  ; (0.161103)  ; (-0.020804)  ; (0.033140)  ; (0.134551)  ; (-0.008212)  ; (0.177202)  ; (0.011571)  ; (-0.058512)  ; (-0.089813)  ; (0.295866)  ; (0.092572)  ; (-0.085115)  ; (0.001261)  ; (-0.089509)  ; (0.010402)  ; (0.051773)  ; (-0.125323)  ; (0.104339)  ; (0.061690)  ; (-0.031456)  ; (0.020942)  ; (-0.067621)  ; (0.031658)  ; (0.089312)  ; (-0.098155)  ; (0.051431)  ; (0.002688)  ; (-0.025969)  ; (-0.010039)  ; (0.109328)  ; (0.040984)  ; (-0.024063)  ; (0.030811)  ; (-0.023080)  ; (-0.008411)  ; (0.022818)  ; (0.041453)  ; (-0.225696)  ; (-0.003632)  ; (0.113360)  ; (0.042550)  ; (-0.065894)  ; (0.027867)  ; (0.043081)  ; (0.031458)  ; (-0.033595)  ; (0.008460)  ; (0.042759)  ; (-0.021095)  ; (-0.069163)  ; (0.002425)  ; (-0.014563)  ; (-0.143687)  ; (-0.240402)  ; (-0.031184)  ; (0.105459)  ; (0.019160)  ; (-0.035052)  ; (0.034188)  ; (0.039450)  ; (0.045068)  ; (0.075977)  ; (0.036691)  ; (-0.047581)  ; (0.005323)  ; (-0.174787)  ; (-0.011795)  ; (-0.034637)  ; (0.016427)  ; (-0.199720)  ; (-0.052801)  ; (0.072887)  ; (-0.009034)  ; (0.032324)  ; (0.044537)  ; (0.020789)  ; (0.057355)  ; (0.158729)  ; (0.021273)  ; (-0.065958)  ; (-0.053175)  ; (0.031553)  ; (-0.001493)  ; (0.010657)  ; (-0.006210)  ; (0.147015)  ; (-0.026055)  ; (0.025135)  ; (-0.066226)  ; (0.172826)  ; (-0.017298)  ; (0.048406)  ; (-0.061425)  ; (-0.117042)  ; (0.009826)  ; (-0.014223)  ; (0.070655)  ; (-0.036190)  ; (0.066614)  ; (0.049530)  ; (-0.014295)  ; (-0.081427)  ; (0.024025)  ; (0.049344)  ; (0.026164)  ; (-0.034376)  ; (0.008132)  ; (0.001513)  ; (-0.019424)  ; (-0.050571)  ; (0.054339)  ; (0.051233)  ; (0.035260)  ; (0.040396)  ; (0.031554)  ; (0.041753)  ; (0.052369)  ; (0.186967)  ; (0.063148)  ; (-0.007875)  ; (-0.104862)  ; (0.132983)  ; (-0.053775)  ; (0.018425)  ; (-0.040742)  ; (0.005545)  ; (0.017133)  ; (-0.002645)  ; (-0.015903)  ; (0.003921)  ; (-0.021809)  ; (-0.054409)  ; (-0.004366)  ; (-0.005518)  ; (0.006275)  ; (-0.024643)  ; (-0.013298)  ; (-0.162997)  ; (-0.018466)  ; (0.074879)  ; (0.020820)  ; (-0.052885)  ; (0.006261)  ; (0.029447)  ; (0.013932)  ; (-0.036683)  ; (0.046780)  ; (0.061223)  ; (0.061704)  ; (0.017779)  ; (0.014597)  ; (0.006318)  ; (-0.014207)  ; (0.076185)  ; (-0.060386)  ; (0.005961)  ; (-0.043056)  ; (0.039994)  ; (0.003746)  ; (-0.022524)  ; (-0.013886)  ; (0.048725)  ; (0.013161)  ; (-0.018956)  ; (-0.000454)  ; (0.007840)  ; (-0.003751)  ; (-0.016130)  ; (-0.028607)  ; (0.022103)  ; (-0.035554)  ; (0.021600)  ; (0.022005)  ; (0.021780)  ; (0.019240)  ; (-0.001502)  ; (-0.039989)  ; (-0.033211)  ; (-0.032738)  ; (-0.012587)  ; (0.022930)  ; (0.005805)  ; (0.026093)  ; (0.024538)  ; (0.048562)  ; (-0.055499)  ; (-0.021297)  ; (0.012420)  ; (-0.017030)  ; (-0.017490)  ; (0.003898)  ; (0.016443)  ; (0.014871)  ; (0.035275)  ; (-0.026251)  ; (-0.022426)  ; (0.002496)  ; (-0.007629)  ; (-0.004840)  ; (-0.003759)  ; (-0.001457)  ; (0.055614)  ; (0.007193)  ; (0.007428)  ; (-0.012545)  ; (-0.041729)  ; (-0.005734)  ; (0.003533)  ; (0.003290)  ; (-0.011546)  ; (-0.015837)  ; (-0.017162)  ; (0.020812)  ; (0.109119)  ; (-0.008390)  ; (0.018616)  ; (0.001186)  ; (0.187519)  ; (0.060773)  ; (-0.045703)  ; (-0.007530)  ; (0.062736)  ; (-0.058544)  ; (0.026643)  ; (0.021083)  ; (-0.104299)  ; (-0.016761)  ; (0.007225)  ; (0.043544)  ; (0.091298)  ; (-0.033609)  ; (-0.079016)  ; (-0.081543)  ; (0.230837)  ; (0.066156)  ; (-0.071363)  ; (0.030671)  ; (-0.011615)  ; (-0.011511)  ; (-0.011361)  ; (0.016471)  ; (-0.091830)  ; (-0.028371)  ; (0.015876)  ; (0.015090)  ; (-0.017065)  ; (-0.012894)  ; (-0.020439)  ; (-0.001823)  ; (-0.025983)  ; (0.000061)  ; (-0.009321)  ; (0.003964)  ; (-0.254530)  ; (0.030073)  ; (0.157748)  ; (0.104738)  ; (-0.231287)  ; (-0.028629)  ; (0.084571)  ; (-0.005374)  ; (0.035887)  ; (0.030510)  ; (0.002540)  ; (0.032287)  ; (0.028911)  ; (0.045974)  ; (0.018691)  ; (0.049544)  ; (0.071195)  ; (0.091990)  ; (0.061434)  ; (0.095260)  ; (0.045738)  ; (0.036861)  ; (0.079939)  ; (0.021167)  ; (0.166283)  ; (-0.089962)  ; (-0.156378)  ; (-0.167276)  ; (0.046519)  ; (-0.036065)  ; (-0.089727)  ; (-0.115664)  ; (0.175286)  ; (0.004874)  ; (-0.064351)  ; (-0.002485)  ; (-0.012911)  ; (-0.120076)  ; (-0.014040)  ; (0.075932)  ; (-0.033257)  ; (0.119482)  ; (0.146164)  ; (-0.082634)  ; (0.103245)  ; (-0.032460)  ; (0.011481)  ; (-0.037079)  ; (-0.040563)  ; (0.040917)  ; (-0.023872)  ; (0.057041)  ; (-0.014904)  ; (-0.077182)  ; (-0.029512)  ; (0.125210)  ; (0.055689)  ; (-0.159621)  ; (0.018047)  ; (0.100586)  ; (0.131195)  ; (-0.117270)  ; (-0.008832)  ; (0.019729)  ; (0.007737)  ; (-0.062732)  ; (0.054973)  ; (-0.142715)  ; (-0.043310)  ; (-0.010331)  ; (-0.031355)  ; (0.033856)  ; (0.045370)  ; (0.027845)  ; (0.003277)  ; (-0.007069)  ; (-0.016854)  ; (0.025981)  ; (0.000408)  ; (0.011907)  ; (0.102162)  ; (0.008776)  ; (0.029382)  ; (-0.082365)  ; (-0.003949)  ; (0.002693)  ; (0.023347)  ; (-0.008050)  ; (-0.030552)  ; (-0.012212)  ; (0.027963)  ; (-0.015395)  ; (-0.053996)  ; (0.027637)  ; (-0.022560)  ; (0.042154)  ; (-0.001039)  ; (0.001604)  ; (-0.010264)  ; (-0.011024)  ; (-0.070814)  ; (-0.081696)  ; (-0.002682)  ; (0.000196)  ; (-0.084981)  ; (-0.022740)  ; (0.011525)  ; (-0.042302)  ; (-0.046000)  ; (0.067805)  ; (-0.036508)  ; (0.022528)  ; (0.004782)  ; (0.033506)  ; (-0.010441)  ; (-0.035262)  ; (-0.050613)  ; (-0.032716)  ; (0.025928)  ; (0.047957)  ; (-0.018056)  ; (-0.070598)  ; (0.028645)  ; (0.009052)  ; (0.048781)  ; (0.018656)  ; (0.065522)  ; (-0.015539)  ; (0.058563)  ; (0.021844)  ; (-0.015441)  ; (-0.034798)  ; (-0.006320)  ; (-0.018813)  ; (-0.077647)  ; (0.064130)  ; (-0.022191)  ; (0.042089)  ; (-0.055345)  ; (0.028197)  ; (-0.005083)  ; (0.002415)  ; (0.008703)  ; (-0.022690)  ; (0.006040)  ; (0.029101)  ; (-0.027839)  ; (-0.000116)  ; (-0.072266)  ; (0.032426)  ; (-0.037552)  ; (0.059537)  ; (0.029426)  ; (-0.014022)  ; (0.006529)  ; (0.018730)  ; (-0.093269)  ; (-0.037820)  ; (-0.028797)  ; (0.011276)  ; (0.039834)  ; (-0.009983)  ; (-0.006520)  ; (0.019005)  ; (-0.027067)  ; (0.010581)  ; (-0.046451)  ; (0.022908)  ; (-0.029991)  ; (-0.041398)  ; (-0.064359)  ; (-0.093382)  ; (0.030755)  ; (-0.014493)  ; (0.035882)  ; (0.008077)  ; (-0.011044)  ; (0.003331)  ; (0.057410)  ; (0.079254)  ; (0.029873)  ; (-0.049610)  ; (-0.076299)  ; (0.109219)  ; (-0.005879)  ; (0.153705)  ; (-0.119161)  ; (-0.179867)  ; (0.060461)  ; (0.008301)  ; (-0.031360)  ; (-0.136749)  ; (0.013456)  ; (0.135200)  ; (0.134267)  ; (-0.160879)  ; (-0.062787)  ; (-0.037994)  ; (0.005133)  ; (-0.044898)  ; (0.022501)  ; (-0.022893)  ; (-0.015394)  ; (-0.032271)  ; (-0.050439)  ; (0.039756)  ; (-0.037486)  ; (0.002819)  ; (-0.035385)  ; (-0.009690)  ; (0.015385)  ; (0.007547)  ; (-0.005183)  ; (-0.013387)  ; (-0.005062)  ; (0.006649)  ; (-0.069817)  ; (-0.023664)  ; (0.041793)  ; (0.023723)  ; (0.011658)  ; (-0.002191)  ; (0.030402)  ; (-0.031864)  ; (0.087784)  ; (0.049866)  ; (-0.003836)  ; (0.054327)  ; (0.004168)  ; (-0.047015)  ; (0.087341)  ; (-0.008398)  ; (-0.052725)  ; (0.007173)  ; (-0.003477)  ; (-0.000065)  ; (0.028509)  ; (0.001905)  ; (0.004659)  ; (0.008039)  ; (-0.013082)  ; (-0.011168)  ; (-0.008635)  ; (0.003891)  ; (0.179324)  ; (0.023012)  ; (-0.091292)  ; (-0.045939)  ; (-0.021193)  ; (0.007301)  ; (-0.007962)  ; (-0.001321)  ; (-0.019179)  ; (-0.030722)  ; (-0.009014)  ; (-0.039641)  ; (-0.019704)  ; (0.009292)  ; (0.002256)  ; (-0.006487)  ; (0.017701)  ; (0.020120)  ; (0.016714)  ; (-0.037515)  ; (0.063484)  ; (0.031261)  ; (-0.046449)  ; (0.098086)  ; (0.065627)  ; (0.001591)  ; (-0.043376)  ; (-0.030445)  ; (-0.022776)  ; (-0.006597)  ; (0.026183)  ; (0.029258)  ; (0.017670)  ; (-0.001021)  ; (-0.007765)  ; (-0.007102)  ; (-0.027815)  ; (-0.030240)  ; (0.035936)  ; (-0.051699)  ; (0.005074)  ; (0.114910)  ; (0.027039)  ; (-0.008914)  ; (0.002320)  ; (-0.015131)  ; (0.026286)  ; (0.016726)  ; (-0.037155)  ; (0.002962)  ; (0.018005)  ; (0.025163)  ; (0.045767)  ; (-0.008552)  ; (0.001052)  ; (0.009402)  ; (-0.032689)  ; (0.046883)  ; (-0.030573)  ; (0.025592)  ; (-0.019432)  ; (-0.008634)  ; (-0.038955)  ; (0.038025)  ; (-0.167356)  ; (-0.068830)  ; (-0.016326)  ; (0.035987)  ; (-0.032478)  ; (-0.050470)  ; (0.116028)  ; (0.023606)  ; (-0.006561)  ; (0.049359)  ; (-0.035994)  ; (0.045963)  ; (0.010029)  ; (-0.007317)  ; (0.023264)  ; (-0.016423)  ; (0.035167)  ; (0.081175)  ; (0.032004)  ; (-0.019018)  ; (0.022174)  ; (0.019351)  ; (-0.052168)  ; (-0.025162)  ; (-0.213010)  ; (0.015290)  ; (-0.022013)  ; (0.089709)  ; (0.039960)  ; (0.005514)  ; (0.003543)  ; (-0.006576)  ; (-0.145900)  ; (0.006863)  ; (0.022982)  ; (-0.020757)  ; (0.035349)  ; (0.050799)  ; (-0.013729)  ; (0.017919)  ; (0.034198)  ; (-0.041433)  ; (-0.045652)  ; (-0.034717)  ; (0.029582)  ; (0.044217)  ; (-0.005860)  ; (0.017002)  ; (0.042391)  ; (0.051786)  ; (0.034564)  ; (-0.010893)  ; (-0.061890)  ; (0.015695)  ; (0.016374)  ; (-0.041337)  ; (0.021525)  ; (0.041600)  ; (-0.125671)  ; (-0.040499)  ; (-0.011087)  ; (0.005155)  ; (-0.029136)  ; (0.002664)  ; (0.028491)  ; (-0.005046)  ; (0.023920)  ; (0.005019)  ; (-0.042584)  ; (0.026241)  ; (-0.023264)  ; (0.025677)  ; (0.019350)  ; (-0.073971)  ; (-0.025263)  ; (-0.000584)  ; (0.028927)  ; (0.024194)  ; (0.003655)  ; (-0.005460)  ; (0.153072)  ; (-0.012576)  ; (-0.002254)  ; (-0.090109)  ; (-0.000440)  ; (-0.046201)  ; (0.027595)  ; (0.014457)  ; (-0.064004)  ; (-0.000491)  ; (-0.017349)  ; (-0.032448)  ; (0.013307)  ; (0.029525)  ; (-0.097835)  ; (-0.025594)  ; (0.099886)  ; (-0.058089)  ; (-0.065123)  ; (0.013714)  ; (0.010295)  ; (-0.032833)  ; (0.008963)  ; (0.008857)  ; (-0.064650)  ; (0.021872)  ; (-0.065058)  ; (0.079772)  ; (0.030862)  ; (-0.122332)  ; (-0.030144)  ; (-0.084489)  ; (-0.009099)  ; (-0.041551)  ; (0.005205)  ; (0.005642)  ; (0.094287)  ; (0.022508)  ; (0.029087)  ; (-0.043635)  ; (-0.031940)  ; (-0.002526)  ; (0.007330)  ; (-0.009204)  ; (0.002533)  ; (0.030714)  ; (-0.012572)  ; (0.016459)  ; (-0.007059)  ; (-0.033152)  ; (-0.018329)  ; (0.020504)  ; (0.020586)  ; (-0.035472)  ; (-0.000286)  ; (0.057780)  ; (-0.020244)  ; (-0.011612)  ; (-0.005556)  ; (-0.034830)  ; (-0.009488)  ; (0.035341)  ; (0.042398)  ; (0.038488)  ; (0.015582)  ; (0.015273)  ; (0.033950)  ; (-0.038789)  ; (-0.037492)  ; (0.038895)  ; (0.007035)  ; (0.078782)  ; (0.025602)  ; (0.056901)  ; (0.007462)  ; (0.007205)  ; (0.003397)  ; (-0.037151)  ; (-0.023188)  ; (-0.040626)  ; (-0.018759)  ; (-0.015258)  ; (0.015471)  ; (-0.018422)  ; (0.018402)  ; (0.046872)  ; (0.021144)  ; (-0.001903)  ; (0.050438)  ; (0.015370)  ; (-0.000093)  ; (0.032255)  ; (-0.031229)  ; (-0.032018)  ; (0.006559)  ; (-0.022990)  ; (0.019712)  ; (0.023293)  ; (-0.067155)  ; (-0.022575)  ; (-0.002094)  ; (-0.019816)  ; (-0.009715)  ; (-0.006138)  ; (-0.025825)  ; (-0.005967)  ; (-0.007873)  ; (0.023480)  ; (0.008652)  ; (-0.002053)  ; (-0.021235)  ; (-0.008176)  ; (0.031382)  ; (0.009674)  ; (-0.001159)  ; (0.003637)  ; (-0.013300)  ; (-0.038219)  ; (-0.026703)  ; (0.018148)  ; (-0.006016)  ; (-0.026263)  ; (-0.018562)  ; (-0.033698)  ; (0.005244)  ; (-0.019815)  ; (0.024751)  ; (-0.051696)  ; (-0.002049)  ; (-0.015442)  ; (-0.009008)  ; (-0.006510)  ; (0.032083)  ; (0.026160)  ; (0.018812)  ; (0.051237)  ; (0.036511)  ; (-0.002094)  ; (-0.050732)  ; (-0.001448)  ; (-0.001888)  ; (-0.019502)  ; (-0.021587)  ; (-0.020336)  ; (0.004713)  ; (-0.010740)  ; (-0.024029)  ; (-0.050694)  ; (0.016422)  ; (-0.003713)  ; (-0.026251)  ; (0.015506)  ; (-0.022528)  ; (0.009983)  ; (-0.000104)  ; (0.025321)  ; (-0.041236)  ; (0.009884)  ; (-0.008313)  ; (0.028933)  ; (0.048318)  ; (0.004700)  ; (0.018475)  ; (-0.010580)  ; (0.004259)  ; (0.016245)  ; (-0.000020)  ; (0.000407)  ; (0.022229)  ; (-0.003273)  ; (0.010420)  ; (-0.002505)  ; (-0.006719)  ; (-0.015052)  ; (-0.001093)  ; (-0.010729)  ; (-0.051482)  ; (-0.023119)  ; (-0.000803)  ; (-0.014366)  ; (-0.008369)  ; (0.001492)  ; (0.000833)  ; (-0.001465)  ; (0.018754)  ; (0.001699)  ; (0.005786)  ; (-0.007665)  ; (0.006033)  ; (0.010119)  ; (0.002207)  ; (0.004750)  ; (0.016242)  ; (0.012364)  ; (0.008456)  ; (0.009331)  ; (-0.036190)  ; (-0.009966)  ; (0.008692)  ; (0.003513)  ; (-0.002864)  ; (-0.003579)  ; (-0.000784)  ; (-0.021580)  ; (0.001952)  ; (0.002422)  ; (-0.004008)  ; (0.045131)  ; (0.009251)  ; (-0.012178)  ; (0.017015)  ; (-0.009730)  ; (-0.037947)  ; (-0.014777)  ; (0.007272)  ; (-0.013422)  ; (-0.030255)  ; (0.004443)  ; (-0.014225)  ; (-0.018182)  ; (0.048975)  ; (-0.020200)  ; (0.020653)  ; (-0.071716)  ; (0.000641)  ; (0.029689)  ; (0.035871)  ; (0.060850)  ; (0.029146)  ; (0.000493)  ; (-0.003606)  ; (-0.011203)  ; (-0.012636)  ; (-0.021052)  ; (0.040432)  ; (-0.038027)  ; (0.075414)  ; (0.020634)  ; (0.064321)  ; (-0.001286)  ; (0.037250)  ; (-0.022965)  ; (0.001431)  ; (0.040168)  ; (-0.154580)  ; (-0.007861)  ; (-0.072707)  ; (-0.006500)  ; (0.085287)  ; (-0.021030)  ; (0.019324)  ; (0.035315)  ; (-0.054066)  ; (0.007739)  ; (0.027434)  ; (-0.015925)  ; (0.028530)  ; (-0.057390)  ; (0.009543)  ; (0.052346)  ; (-0.070299)  ; (-0.021178)  ; (-0.049912)  ; (-0.160833)  ; (-0.061895)  ; (0.012536)  ; (-0.018115)  ; (-0.024735)  ; (-0.070605)  ; (-0.068712)  ; (-0.010367)  ; (0.036923)  ; (-0.004755)  ; (0.010322)  ; (-0.007806)  ; (-0.035184)  ; (-0.024595)  ; (0.008471)  ; (0.012173)  ; (0.019382)  ; (-0.053393)  ; (0.003003)  ; (-0.031339)  ; (-0.032434)  ; (-0.004321)  ; (-0.025135)  ; (0.017486)  ; (-0.008552)  ; (0.127247)  ; (0.011588)  ; (-0.018631)  ; (-0.018588)  ; (0.034617)  ; (-0.013122)  ; (0.027016)  ; (0.007677)  ; (0.034616)  ; (0.004861)  ; (0.039322)  ; (-0.016691)  ; (0.084714)  ; (0.056721)  ; (-0.000047)  ; (0.054667)  ; (0.042129)  ; (0.037600)  ; (-0.051352)  ; (0.011577)  ; (-0.015512)  ; (-0.015884)  ; (0.100486)  ; (0.036992)  ; (-0.056053)  ; (-0.012115)  ; (0.016768)  ; (-0.002546)  ; (0.074698)  ; (-0.062602)  ; (-0.056356)  ; (0.075560)  ; (0.090161)  ; (-0.086004)  ; (0.220202)  ; (0.075180)  ; (-0.086770)  ; (-0.007354)  ; (0.055889)  ; (0.031741)  ; (-0.002079)  ; (0.023619)  ; (-0.087454)  ; (0.087444)  ; (0.015486)  ; (-0.057396)  ; (0.080292)  ; (-0.225685)  ; (0.026778)  ; (-0.067312)  ; (0.040361)  ; (-0.000687)  ; (0.011740)  ; (-0.123655)  ; (0.072755)  ; (-0.124333) 
