67 33 33 
1000
0 0 0    
0 -1 0  0  
0 0 -1   0 
0 -1 -1  0 0 
-1 0 0 0   
-1 -1 0 0 0  
-1 0 -1 0  0 
-1 -1 -1 0 0 0 
1 0 0 1   
1 -1 0 1 0  
1 0 -1 1  0 
1 -1 -1 1 0 0 
0 1 0  1  
0 1 -1  1 0 
0 0 1   1 
0 -1 1  0 1 
0 -0.5 0  01  
-1 1 0 0 1  
-1 1 -1 0 1 0 
1 1 0 1 1  
0 0 -0.5   01 
1 1 -1 1 1 0 
-1 0 1 0  1 
-1 -1 1 0 0 1 
-0.5 0 0 01   
1 0 1 1  1 
1 -1 1 1 0 1 
-0.5 -1 0 01 0  
0.5 0 0 10   
-0.5 0 -1 01  0 
-0.5 -1 -1 01 0 0 
0.5 -1 0 10 0  
0 0.5 0  10  
0.5 0 -1 10  0 
0.5 -1 -1 10 0 0 
0 1 1  1 1 
0 0 0.5   10 
-1 1 1 0 1 1 
1 1 1 1 1 1 
0 -1 -0.5  0 01 
-1 -0.5 0 0 01  
0 -0.5 -1  01 0 
-1 -0.5 -1 0 01 0 
-0.5 1 0 01 1  
1 -0.5 0 1 01  
-0.5 1 -1 01 1 0 
1 -0.5 -1 1 01 0 
-0.5 0 1 01  1 
0 -0.75 0  010  
-0.5 -1 1 01 0 1 
0.5 1 0 10 1  
0.5 1 -1 10 1 0 
0 -0.25 0  011  
0.5 0 1 10  1 
0.5 -1 1 10 0 1 
-0.75 0 0 010   
0 -0.5 1  01 1 
-0.75 -1 0 010 0  
-0.75 0 -1 010  0 
-0.75 -1 -1 010 0 0 
-1 0 -0.5 0  01 
-1 -1 -0.5 0 0 01 
0.75 0 0 101   
0.75 -1 0 101 0  
1 0 -0.5 1  01 
0.75 0 -1 101  0 
0.75 -1 -1 101 0 0 
1 -1 -0.5 1 0 01 
0 1 -0.5  1 01 
-0.875 0 0 0100   
-0.875 -1 0 0100 0  
-0.875 0 -1 0100  0 
0 0 -0.75   010 
-0.875 -1 -1 0100 0 0 
0.875 0 0 1011   
0.875 -1 0 1011 0  
0 0 -0.25   011 
0.875 0 -1 1011  0 
0.875 -1 -1 1011 0 0 
-0.5 1 1 01 1 1 
-0.25 0 0 011   
0.5 1 1 10 1 1 
-0.75 1 0 010 1  
-0.75 1 -1 010 1 0 
0.25 0 0 100   
-0.75 0 1 010  1 
-0.75 -1 1 010 0 1 
0.75 1 0 101 1  
-1 0.5 0 0 10  
0.75 1 -1 101 1 0 
0.75 0 1 101  1 
0.75 -1 1 101 0 1 
1 0.5 0 1 10  
0 0.5 -1  10 0 
0 -1 0.5  0 10 
-1 0.5 -1 0 10 0 
0 0.25 0  100  
1 0.5 -1 1 10 0 
-1 -0.5 1 0 01 1 
1 -0.5 1 1 01 1 
0 0.75 0  101  
-1 1 -0.5 0 1 01 
1 1 -0.5 1 1 01 
0 -0.75 -1  010 0 
0 0.5 1  10 1 
0 -1 -0.75  0 010 
-0.9375 0 0 01000   
-0.9375 -1 0 01000 0  
-1 0 0.5 0  10 
-0.9375 0 -1 01000  0 
-0.9375 -1 -1 01000 0 0 
-1 -1 0.5 0 0 10 
1 0 0.5 1  10 
1 -1 0.5 1 0 10 
0.9375 0 0 10111   
0.9375 -1 0 10111 0  
0 1 0.5  1 10 
0.9375 0 -1 10111  0 
0.9375 -1 -1 10111 0 0 
-0.875 1 0 0100 1  
0 0 0.25   100 
-0.875 1 -1 0100 1 0 
-0.875 0 1 0100  1 
-0.875 -1 1 0100 0 1 
0 0 0.75   101 
0.875 1 0 1011 1  
0.875 1 -1 1011 1 0 
0.875 0 1 1011  1 
-0.5 -0.5 0 01 01  
0.875 -1 1 1011 0 1 
-0.5 -0.5 -1 01 01 0 
-0.75 1 1 010 1 1 
0 -0.5 -0.5  01 01 
0.75 1 1 101 1 1 
0.5 -0.5 0 10 01  
0.5 -0.5 -1 10 01 0 
-1 -0.75 0 0 010  
-1 -0.75 -1 0 010 0 
-0.5 0 -0.5 01  01 
-0.5 -1 -0.5 01 0 01 
1 -0.75 0 1 010  
1 -0.75 -1 1 010 0 
0.5 0 -0.5 10  01 
0.5 -1 -0.5 10 0 01 
0 -0.875 0  0100  
-0.96875 0 0 010000   
-0.96875 -1 0 010000 0  
-0.96875 0 -1 010000  0 
0 -0.625 0  0101  
-0.96875 -1 -1 010000 0 0 
0.96875 0 0 101111   
0.96875 -1 0 101111 0  
-1 -0.25 0 0 011  
0.96875 0 -1 101111  0 
0.96875 -1 -1 101111 0 0 
0 -0.25 -1  011 0 
1 -0.25 0 1 011  
-1 -0.25 -1 0 011 0 
1 -0.25 -1 1 011 0 
0 -1 -0.25  0 011 
0 -0.375 0  0110  
-0.9375 1 0 01000 1  
-0.9375 1 -1 01000 1 0 
-0.9375 0 1 01000  1 
0 -0.125 0  0111  
-0.9375 -1 1 01000 0 1 
0.9375 1 0 10111 1  
0.9375 1 -1 10111 1 0 
-0.625 0 0 0101   
0.9375 0 1 10111  1 
0.9375 -1 1 10111 0 1 
-1 0 -0.75 0  010 
0 -0.75 1  010 1 
-1 -1 -0.75 0 0 010 
1 0 -0.75 1  010 
1 -1 -0.75 1 0 010 
0 -0.25 1  011 1 
-0.875 1 1 0100 1 1 
0.875 1 1 1011 1 1 
-0.25 -1 0 011 0  
0.625 0 0 1010   
-0.25 0 -1 011  0 
-0.25 -1 -1 011 0 0 
0.25 -1 0 100 0  
-0.8125 0 0 01001   
0.25 0 -1 100  0 
0.25 -1 -1 100 0 0 
-0.984375 0 0 0100000   
0 1 -0.75  1 010 
-0.984375 -1 0 0100000 0  
-0.984375 0 -1 0100000  0 
-0.984375 -1 -1 0100000 0 0 
0 0 -0.875   0100 
0.984375 0 0 1011111   
0.984375 -1 0 1011111 0  
0.984375 0 -1 1011111  0 
0 0 -0.625   0101 
0.984375 -1 -1 1011111 0 0 
-1 0.5 1 0 10 1 
1 0.5 1 1 10 1 
0.8125 0 0 10110   
-1 1 0.5 0 1 10 
1 1 0.5 1 1 10 
-0.5 -0.5 1 01 01 1 
-1 0 -0.25 0  011 
-1 -1 -0.25 0 0 011 
0.5 -0.5 1 10 01 1 
-0.5 1 -0.5 01 1 01 
1 0 -0.25 1  011 
1 -1 -0.25 1 0 011 
0.5 1 -0.5 10 1 01 
-0.75 -0.5 0 010 01  
0 1 -0.25  1 011 
-0.75 -0.5 -1 010 01 0 
0.75 -0.5 0 101 01  
0.75 -0.5 -1 101 01 0 
0 0 -0.375   0110 
-0.75 0 -0.5 010  01 
-0.75 -1 -0.5 010 0 01 
0.75 0 -0.5 101  01 
0 0 -0.125   0111 
0.75 -1 -0.5 101 0 01 
-0.96875 1 0 010000 1  
-0.96875 1 -1 010000 1 0 
-0.375 0 0 0110   
-0.96875 0 1 010000  1 
-0.96875 -1 1 010000 0 1 
0.96875 1 0 101111 1  
-0.125 0 0 0111   
0.96875 1 -1 101111 1 0 
0.96875 0 1 101111  1 
0.96875 -1 1 101111 0 1 
-0.25 1 0 011 1  
-1 -0.5 -0.5 0 01 01 
1 -0.5 -0.5 1 01 01 
-0.9375 1 1 01000 1 1 
-0.25 0 1 011  1 
0.9375 1 1 10111 1 1 
-1 -0.75 1 0 010 1 
1 -0.75 1 1 010 1 
0.125 0 0 1000   
-1 1 -0.75 0 1 010 
1 1 -0.75 1 1 010 
0 0.25 -1  100 0 
0.375 0 0 1001   
0 -1 0.25  0 100 
-0.25 1 -1 011 1 0 
-0.25 -1 1 011 0 1 
0.25 1 0 100 1  
0.25 1 -1 100 1 0 
-0.992188 0 0 01000000   
-0.992188 -1 0 01000000 0  
0.25 0 1 100  1 
-0.992188 0 -1 01000000  0 
-0.992188 -1 -1 01000000 0 0 
0.25 -1 1 100 0 1 
-0.5 0.5 0 01 10  
-0.5 0.5 -1 01 10 0 
0.992188 0 0 10111111   
0.992188 -1 0 10111111 0  
0.5 0.5 0 10 10  
0.992188 0 -1 10111111  0 
0.992188 -1 -1 10111111 0 0 
0.5 0.5 -1 10 10 0 
0 0.5 -0.5  10 01 
-0.984375 1 0 0100000 1  
-0.984375 1 -1 0100000 1 0 
-0.984375 0 1 0100000  1 
0 -0.5 0.5  01 10 
-0.984375 -1 1 0100000 0 1 
0.984375 1 0 1011111 1  
0.984375 1 -1 1011111 1 0 
-1 0.25 0 0 100  
-1 0.25 -1 0 100 0 
0.984375 0 1 1011111  1 
0.984375 -1 1 1011111 0 1 
1 0.25 0 1 100  
1 0.25 -1 1 100 0 
-0.875 -0.5 0 0100 01  
-0.875 -0.5 -1 0100 01 0 
0 0.125 0  1000  
0.875 -0.5 0 1011 01  
0.875 -0.5 -1 1011 01 0 
-0.875 0 -0.5 0100  01 
0 0.375 0  1001  
-0.875 -1 -0.5 0100 0 01 
0.875 0 -0.5 1011  01 
0.875 -1 -0.5 1011 0 01 
-1 0.75 0 0 101  
0 -0.875 -1  0100 0 
0 -1 -0.875  0 0100 
-0.75 -0.5 1 010 01 1 
1 0.75 0 1 101  
0.75 -0.5 1 101 01 1 
-0.75 1 -0.5 010 1 01 
0.75 1 -0.5 101 1 01 
0 0.625 0  1010  
-0.96875 1 1 010000 1 1 
0.96875 1 1 101111 1 1 
-0.625 -1 0 0101 0  
0 0.875 0  1011  
-0.625 0 -1 0101  0 
-0.625 -1 -1 0101 0 0 
0.625 -1 0 1010 0  
0 0.75 -1  101 0 
0.625 0 -1 1010  0 
0.625 -1 -1 1010 0 0 
-0.5 0 0.5 01  10 
0 0.25 1  100 1 
-0.5 -1 0.5 01 0 10 
0.5 0 0.5 10  10 
0.5 -1 0.5 10 0 10 
0 0.75 1  101 1 
-0.996094 0 0 010000000   
-0.996094 -1 0 010000000 0  
-0.996094 0 -1 010000000  0 
-0.90625 0 0 010001   
-0.996094 -1 -1 010000000 0 0 
0.996094 0 0 101111111   
0.996094 -1 0 101111111 0  
0.90625 0 0 101110   
0.996094 0 -1 101111111  0 
0.996094 -1 -1 101111111 0 0 
-1 -0.25 1 0 011 1 
0 0.5 0.5  10 10 
1 -0.25 1 1 011 1 
-1 1 -0.25 0 1 011 
1 1 -0.25 1 1 011 
-1 0 0.25 0  100 
-1 -1 0.25 0 0 100 
-1 0.75 -1 0 101 0 
1 0.75 -1 1 101 0 
1 0 0.25 1  100 
1 -1 0.25 1 0 100 
0 -1 0.75  0 101 
0 -0.625 -1  0101 0 
0 1 0.25  1 100 
0 -1 -0.625  0 0101 
-0.5 -0.75 0 01 010  
-0.5 -0.75 -1 01 010 0 
0 0 0.125   1000 
0.5 -0.75 0 10 010  
0.5 -0.75 -1 10 010 0 
-0.5 0 -0.75 01  010 
0 0 0.375   1001 
-0.5 -1 -0.75 01 0 010 
0.5 0 -0.75 10  010 
0.5 -1 -0.75 10 0 010 
-1 0 0.75 0  101 
-1 -1 0.75 0 0 101 
-0.992188 1 0 01000000 1  
-0.992188 1 -1 01000000 1 0 
1 0 0.75 1  101 
1 -1 0.75 1 0 101 
-0.992188 0 1 01000000  1 
-0.992188 -1 1 01000000 0 1 
0 1 0.75  1 101 
0.992188 1 0 10111111 1  
0.992188 1 -1 10111111 1 0 
0.992188 0 1 10111111  1 
0 0 0.625   1010 
0.992188 -1 1 10111111 0 1 
-0.9375 -0.5 0 01000 01  
-0.9375 -0.5 -1 01000 01 0 
0 0 0.875   1011 
0.9375 -0.5 0 10111 01  
0.9375 -0.5 -1 10111 01 0 
-0.9375 0 -0.5 01000  01 
0 -0.75 -0.5  010 01 
-0.9375 -1 -0.5 01000 0 01 
0.9375 0 -0.5 10111  01 
0.9375 -1 -0.5 10111 0 01 
0 -0.5 -0.75  01 010 
-0.984375 1 1 0100000 1 1 
0.984375 1 1 1011111 1 1 
-0.875 -0.5 1 0100 01 1 
-1 -0.875 0 0 0100  
-1 -0.875 -1 0 0100 0 
0.875 -0.5 1 1011 01 1 
-0.875 1 -0.5 0100 1 01 
1 -0.875 0 1 0100  
1 -0.875 -1 1 0100 0 
0.875 1 -0.5 1011 1 01 
0 -0.375 -1  0110 0 
0 -0.9375 0  01000  
0 -1 -0.375  0 0110 
-1 0 -0.875 0  0100 
-1 -1 -0.875 0 0 0100 
0 -0.8125 0  01001  
1 0 -0.875 1  0100 
1 -1 -0.875 1 0 0100 
-0.998047 0 0 0100000000   
-0.953125 0 0 0100001   
-0.998047 -1 0 0100000000 0  
-0.998047 0 -1 0100000000  0 
-0.998047 -1 -1 0100000000 0 0 
-1 -0.625 0 0 0101  
-1 -0.625 -1 0 0101 0 
0.998047 0 0 1011111111   
0.998047 -1 0 1011111111 0  
1 -0.625 0 1 0101  
0.998047 0 -1 1011111111  0 
0.998047 -1 -1 1011111111 0 0 
1 -0.625 -1 1 0101 0 
0 -0.6875 0  01010  
-0.5 0.5 1 01 10 1 
0.5 0.5 1 10 10 1 
-0.5 1 0.5 01 1 10 
0 -0.5625 0  01011  
0.5 1 0.5 10 1 10 
-0.75 0.5 0 010 10  
-0.75 0.5 -1 010 10 0 
0.953125 0 0 1011110   
0.75 0.5 0 101 10  
0.75 0.5 -1 101 10 0 
-0.75 0 0.5 010  10 
-0.5 -0.25 0 01 011  
-0.75 -1 0.5 010 0 10 
-0.5 -0.25 -1 01 011 0 
0.75 0 0.5 101  10 
0 -0.25 -0.5  011 01 
0.75 -1 0.5 101 0 10 
-0.8125 -1 0 01001 0  
-0.8125 0 -1 01001  0 
0.5 -0.25 0 10 011  
-0.8125 -1 -1 01001 0 0 
0.5 -0.25 -1 10 011 0 
0.8125 -1 0 10110 0  
0 -0.5 -0.25  01 011 
0.8125 0 -1 10110  0 
0.8125 -1 -1 10110 0 0 
-0.375 -1 0 0110 0  
-1 -0.375 0 0 0110  
-1 -0.375 -1 0 0110 0 
-0.375 0 -1 0110  0 
-0.375 -1 -1 0110 0 0 
1 -0.375 0 1 0110  
1 -0.375 -1 1 0110 0 
0.375 -1 0 1001 0  
0.375 0 -1 1001  0 
0 -0.4375 0  01100  
0.375 -1 -1 1001 0 0 
-0.996094 1 0 010000000 1  
-0.996094 1 -1 010000000 1 0 
0 -0.3125 0  01101  
-0.996094 0 1 010000000  1 
-0.996094 -1 1 010000000 0 1 
0.996094 1 0 101111111 1  
-1 -0.125 0 0 0111  
0.996094 1 -1 101111111 1 0 
0.996094 0 1 101111111  1 
0.996094 -1 1 101111111 0 1 
1 -0.125 0 1 0111  
-1 0.5 -0.5 0 10 01 
1 0.5 -0.5 1 10 01 
-1 -0.5 0.5 0 01 10 
0 -0.1875 0  01110  
1 -0.5 0.5 1 01 10 
-0.5 -0.5 -0.5 01 01 01 
0.5 -0.5 -0.5 10 01 01 
0 -0.0625 0  01111  
0.96875 0 -0.5 101111  01 
0.96875 -1 -0.5 101111 0 01 
-0.96875 0 -0.5 010000  01 
0 -0.125 -1  0111 0 
-0.96875 -1 -0.5 010000 0 01 
-0.96875 -0.5 0 010000 01  
-0.96875 -0.5 -1 010000 01 0 
-0.6875 0 0 01010   
0.96875 -0.5 0 101111 01  
0.96875 -0.5 -1 101111 01 0 
-1 0.25 1 0 100 1 
-0.5625 0 0 01011   
1 0.25 1 1 100 1 
-1 1 0.25 0 1 100 
1 1 0.25 1 1 100 
-0.625 1 0 0101 1  
-0.625 1 -1 0101 1 0 
-0.5 1 -0.75 01 1 010 
0.5 1 -0.75 10 1 010 
-0.625 0 1 0101  1 
-0.625 -1 1 0101 0 1 
-0.5 -0.75 1 01 010 1 
0.5 -0.75 1 10 010 1 
0 -0.875 1  0100 1 
0 -1 -0.125  0 0111 
-1 -0.125 -1 0 0111 0 
1 -0.125 -1 1 0111 0 
0 -0.625 1  0101 1 
-0.75 -0.75 0 010 010  
-0.75 -0.75 -1 010 010 0 
0.75 -0.75 0 101 010  
0 -0.375 1  0110 1 
0.75 -0.75 -1 101 010 0 
-0.75 0 -0.75 010  010 
-0.75 -1 -0.75 010 0 010 
0 -0.125 1  0111 1 
0.75 0 -0.75 101  010 
0.75 -1 -0.75 101 0 010 
-0.5 0 -0.25 01  011 
-0.25 -0.5 0 011 01  
-0.5 -1 -0.25 01 0 011 
0.5 0 -0.25 10  011 
0.5 -1 -0.25 10 0 011 
0.5625 0 0 10100   
-0.992188 1 1 01000000 1 1 
0.992188 1 1 10111111 1 1 
-1 0 -0.625 0  0101 
0.6875 0 0 10101   
-1 -1 -0.625 0 0 0101 
1 0 -0.625 1  0101 
1 -1 -0.625 1 0 0101 
0.625 1 0 1010 1  
0.625 1 -1 1010 1 0 
-0.9375 1 -0.5 01000 1 01 
-0.9375 -0.5 1 01000 01 1 
0.625 0 1 1010  1 
0.625 -1 1 1010 0 1 
0.9375 -0.5 1 10111 01 1 
0.9375 1 -0.5 10111 1 01 
-0.25 0 -0.5 011  01 
-0.25 1 1 011 1 1 
0.25 1 1 100 1 1 
-1 -0.75 -0.5 0 010 01 
0.25 -0.5 0 100 01  
1 -0.75 -0.5 1 010 01 
-1 -0.5 -0.75 0 01 010 
1 -0.5 -0.75 1 01 010 
-0.84375 0 0 010010   
-0.125 -1 0 0111 0  
-0.125 0 -1 0111  0 
-0.125 -1 -1 0111 0 0 
-0.78125 0 0 010011   
0.125 -1 0 1000 0  
0.125 0 -1 1000  0 
0.125 -1 -1 1000 0 0 
-0.8125 1 0 01001 1  
-0.999023 0 0 01000000000   
-0.999023 -1 0 01000000000 0  
-0.999023 0 -1 01000000000  0 
-0.8125 0 1 01001  1 
-0.999023 -1 -1 01000000000 0 0 
0.999023 0 0 10111111111   
0.999023 -1 0 10111111111 0  
0.25 0 -0.5 100  01 
0.999023 0 -1 10111111111  0 
0.999023 -1 -1 10111111111 0 0 
-0.25 -0.5 -1 011 01 0 
-0.976562 0 0 01000001   
-0.25 -1 -0.5 011 0 01 
0.25 -0.5 -1 100 01 0 
0.25 -1 -0.5 100 0 01 
0 1 -0.875  1 0100 
-0.875 0.5 0 0100 10  
-0.875 0.5 -1 0100 10 0 
0.875 0.5 0 1011 10  
0 0 -0.9375   01000 
0.875 0.5 -1 1011 10 0 
-0.875 0 0.5 0100  10 
-0.875 -1 0.5 0100 0 10 
0 0 -0.8125   01001 
0.875 0 0.5 1011  10 
0.875 -1 0.5 1011 0 10 
0 0.125 -1  1000 0 
0.976562 0 0 10111110   
0 -1 0.125  0 1000 
1 1 -0.875 1 1 0100 
-1 -0.875 1 0 0100 1 
0 1 -0.625  1 0101 
1 -0.875 1 1 0100 1 
-1 1 -0.875 0 1 0100 
-0.998047 1 0 0100000000 1  
0 0 -0.6875   01010 
-0.998047 1 -1 0100000000 1 0 
-0.998047 0 1 0100000000  1 
-0.998047 -1 1 0100000000 0 1 
0 0 -0.5625   01011 
0.998047 1 0 1011111111 1  
0.998047 1 -1 1011111111 1 0 
0.998047 0 1 1011111111  1 
0.78125 0 0 101100   
0.998047 -1 1 1011111111 0 1 
-0.90625 -1 0 010001 0  
-0.90625 0 -1 010001  0 
0.84375 0 0 101101   
-0.90625 -1 -1 010001 0 0 
0.90625 -1 0 101110 0  
0.90625 0 -1 101110  0 
0.8125 1 0 10110 1  
0.90625 -1 -1 101110 0 0 
-1 0 -0.375 0  0110 
-1 -1 -0.375 0 0 0110 
0.8125 0 1 10110  1 
1 0 -0.375 1  0110 
1 -1 -0.375 1 0 0110 
-0.75 0.5 1 010 10 1 
0 1 -0.375  1 0110 
0.75 0.5 1 101 10 1 
-0.75 1 0.5 010 1 10 
0.75 1 0.5 101 1 10 
0 0 -0.4375   01100 
-0.8125 1 -1 01001 1 0 
-0.8125 -1 1 01001 0 1 
0.8125 1 -1 10110 1 0 
0 0 -0.3125   01101 
0.8125 -1 1 10110 0 1 
-0.984375 -0.5 0 0100000 01  
-0.984375 -0.5 -1 0100000 01 0 
-1 0 -0.125 0  0111 
-1 -1 -0.125 0 0 0111 
0.984375 -0.5 0 1011111 01  
0.984375 -0.5 -1 1011111 01 0 
1 0 -0.125 1  0111 
1 -1 -0.125 1 0 0111 
0.984375 0 -0.5 1011111  01 
0.984375 -1 -0.5 1011111 0 01 
0 1 -0.125  1 0111 
-0.984375 0 -0.5 0100000  01 
-0.984375 -1 -0.5 0100000 0 01 
-0.996094 1 1 010000000 1 1 
0 0 -0.1875   01110 
0.996094 1 1 101111111 1 1 
0.875 0 -0.75 1011  010 
0.875 -1 -0.75 1011 0 010 
0 0 -0.0625   01111 
-0.875 0 -0.75 0100  010 
-0.875 -1 -0.75 0100 0 010 
-0.875 -0.75 0 0100 010  
-0.4375 0 0 01100   
-0.875 -0.75 -1 0100 010 0 
0.875 -0.75 0 1011 010  
0.875 -0.75 -1 1011 010 0 
-0.3125 0 0 01101   
-0.75 -0.5 -0.5 010 01 01 
0.75 -0.5 -0.5 101 01 01 
0.96875 1 -0.5 101111 1 01 
-0.1875 0 0 01110   
-0.96875 1 -0.5 010000 1 01 
-0.96875 -0.5 1 010000 01 1 
0.96875 -0.5 1 101111 01 1 
-0.0625 0 0 01111   
-0.75 1 -0.75 010 1 010 
0.75 1 -0.75 101 1 010 
-0.75 -0.75 1 010 010 1 
-0.375 1 0 0110 1  
-0.375 1 -1 0110 1 0 
0.75 -0.75 1 101 010 1 
-1 0.75 1 0 101 1 
-0.125 1 0 0111 1  
1 0.75 1 1 101 1 
-1 1 0.75 0 1 101 
1 1 0.75 1 1 101 
-0.375 0 1 0110  1 
-0.375 -1 1 0110 0 1 
-0.5 -0.25 1 01 011 1 
0.5 -0.25 1 10 011 1 
-0.125 0 1 0111  1 
-0.5 1 -0.25 01 1 011 
0.5 1 -0.25 10 1 011 
0 0.375 -1  1001 0 
0.0625 0 0 10000   
0 -1 0.375  0 1001 
-1 1 -0.625 0 1 0101 
1 1 -0.625 1 1 0101 
0.1875 0 0 10001   
-1 -0.625 1 0 0101 1 
1 -0.625 1 1 0101 1 
-0.75 0 -0.25 010  011 
0.3125 0 0 10010   
-0.75 -1 -0.25 010 0 011 
0.75 0 -0.25 101  011 
0.75 -1 -0.25 101 0 011 
0.4375 0 0 10011   
-0.75 -0.25 0 010 011  
-0.75 -0.25 -1 010 011 0 
0.75 -0.25 0 101 011  
0.125 1 0 1000 1  
0.75 -0.25 -1 101 011 0 
-0.999512 0 0 010000000000   
-0.999512 -1 0 010000000000 0  
0.375 1 0 1001 1  
-0.999512 0 -1 010000000000  0 
-0.999512 -1 -1 010000000000 0 0 
0.375 1 -1 1001 1 0 
-0.988281 0 0 010000001   
0.999512 0 0 101111111111   
0.999512 -1 0 101111111111 0  
0.999512 0 -1 101111111111  0 
0.125 0 1 1000  1 
0.999512 -1 -1 101111111111 0 0 
-0.5 0.25 0 01 100  
-0.5 0.25 -1 01 100 0 
0.375 0 1 1001  1 
0.375 -1 1 1001 0 1 
0.5 0.25 0 10 100  
0.5 0.25 -1 10 100 0 
-0.25 0.5 0 011 10  
-0.5 0 0.25 01  100 
-0.5 -1 0.25 01 0 100 
0.5 0 0.25 10  100 
0.988281 0 0 101111110   
0.5 -1 0.25 10 0 100 
-0.6875 -1 0 01010 0  
-0.6875 0 -1 01010  0 
0.25 0.5 0 100 10  
-0.6875 -1 -1 01010 0 0 
0.6875 -1 0 10101 0  
0.6875 0 -1 10101  0 
0 0.25 -0.5  100 01 
0.6875 -1 -1 10101 0 0 
-0.125 1 -1 0111 1 0 
-0.125 -1 1 0111 0 1 
0 0.5 -0.75  10 010 
0.125 1 -1 1000 1 0 
0.125 -1 1 1000 0 1 
0 -0.9375 -1  01000 0 
0 0.5 -0.25  10 011 
0 -1 -0.9375  0 01000 
-1 -0.5 -0.25 0 01 011 
1 -0.5 -0.25 1 01 011 
0 -0.75 0.5  010 10 
-1 -0.25 -0.5 0 011 01 
1 -0.25 -0.5 1 011 01 
-0.9375 0.5 0 01000 10  
0 -0.25 0.5  011 10 
-0.9375 0.5 -1 01000 10 0 
0.9375 0.5 0 10111 10  
0.9375 0.5 -1 10111 10 0 
0 -0.5 0.25  01 100 
-0.9375 0 0.5 01000  10 
-0.9375 -1 0.5 01000 0 10 
0.9375 0 0.5 10111  10 
-1 0.125 0 0 1000  
0.9375 -1 0.5 10111 0 10 
-1 0.125 -1 0 1000 0 
-0.999023 1 0 01000000000 1  
1 0.125 0 1 1000  
-0.999023 1 -1 01000000000 1 0 
1 0.125 -1 1 1000 0 
-0.999023 0 1 01000000000  1 
0 0.0625 0  10000  
-0.999023 -1 1 01000000000 0 1 
0.999023 1 0 10111111111 1  
0.999023 1 -1 10111111111 1 0 
0 0.1875 0  10001  
0.999023 0 1 10111111111  1 
0.999023 -1 1 10111111111 0 1 
-0.953125 -1 0 0100001 0  
-1 0.375 0 0 1001  
-1 0.375 -1 0 1001 0 
-0.953125 0 -1 0100001  0 
-0.953125 -1 -1 0100001 0 0 
1 0.375 0 1 1001  
1 0.375 -1 1 1001 0 
0.953125 -1 0 1011110 0  
0.953125 0 -1 1011110  0 
0 0.3125 0  10010  
0.953125 -1 -1 1011110 0 0 
-0.992188 -0.5 0 01000000 01  
-0.992188 -0.5 -1 01000000 01 0 
0 0.4375 0  10011  
0.992188 -0.5 0 10111111 01  
0.992188 -0.5 -1 10111111 01 0 
0.992188 0 -0.5 10111111  01 
-0.5 0.75 0 01 101  
0.992188 -1 -0.5 10111111 0 01 
-0.5 0.75 -1 01 101 0 
-0.992188 0 -0.5 01000000  01 
0.5 0.75 0 10 101  
-0.992188 -1 -0.5 01000000 0 01 
0.5 0.75 -1 10 101 0 
0 -0.8125 -1  01001 0 
-1 0.625 0 0 1010  
0 -1 -0.8125  0 01001 
-0.875 1 0.5 0100 1 10 
0.875 1 0.5 1011 1 10 
1 0.625 0 1 1010  
-0.875 0.5 1 0100 10 1 
0.875 0.5 1 1011 10 1 
-0.998047 1 1 0100000000 1 1 
0 0.5625 0  10100  
0.998047 1 1 1011111111 1 1 
-1 1 -0.375 0 1 0110 
0 0.625 -1  1010 0 
0 0.6875 0  10101  
0 -1 0.625  0 1010 
-1 -0.375 1 0 0110 1 
1 -0.375 1 1 0110 1 
-0.625 -0.5 0 0101 01  
1 1 -0.375 1 1 0110 
-1 0.625 -1 0 1010 0 
1 0.625 -1 1 1010 0 
-1 0.875 0 0 1011  
-0.9375 0 -0.75 01000  010 
-0.9375 -1 -0.75 01000 0 010 
-0.9375 -0.75 0 01000 010  
1 0.875 0 1 1011  
-0.9375 -0.75 -1 01000 010 0 
0.9375 -0.75 0 10111 010  
0.9375 -0.75 -1 10111 010 0 
0 0.8125 0  10110  
0.9375 0 -0.75 10111  010 
0.9375 -1 -0.75 10111 0 010 
-0.984375 -0.5 1 0100000 01 1 
0 0.9375 0  10111  
0.984375 -0.5 1 1011111 01 1 
-0.984375 1 -0.5 0100000 1 01 
0.984375 1 -0.5 1011111 1 01 
-0.625 0 -0.5 0101  01 
-1 0 0.125 0  1000 
-1 -1 0.125 0 0 1000 
1 0 0.125 1  1000 
0.625 -0.5 0 1010 01  
1 -1 0.125 1 0 1000 
-0.5 -0.875 0 01 0100  
-0.5 -0.875 -1 01 0100 0 
0 0.875 -1  1011 0 
0.5 -0.875 0 10 0100  
0.5 -0.875 -1 10 0100 0 
-0.5 0 -0.875 01  0100 
0 0.75 -0.5  101 01 
-0.5 -1 -0.875 01 0 0100 
0.5 0 -0.875 10  0100 
0.5 -1 -0.875 10 0 0100 
0.625 0 -0.5 1010  01 
0.875 -0.5 -0.5 1011 01 01 
-0.875 -0.5 -0.5 0100 01 01 
-0.625 1 1 0101 1 1 
-0.25 0 0.5 011  10 
0.625 1 1 1010 1 1 
0 -1 -0.6875  0 01010 
0 -0.6875 -1  01010 0 
0 0.125 1  1000 1 
-0.999756 0 0 0100000000000   
-0.999756 -1 0 0100000000000 0  
-0.999756 0 -1 0100000000000  0 
0 0.375 1  1001 1 
-0.999756 -1 -1 0100000000000 0 0 
0.999756 0 0 1011111111111   
0.999756 -1 0 1011111111111 0  
0.25 0 0.5 100  10 
0.999756 0 -1 1011111111111  0 
0.999756 -1 -1 1011111111111 0 0 
-0.875 1 -0.75 0100 1 010 
0 0.625 1  1010 1 
0.875 1 -0.75 1011 1 010 
-0.875 -0.75 1 0100 010 1 
0.875 -0.75 1 1011 010 1 
0 0.875 1  1011 1 
0.875 0 -0.25 1011  011 
0.875 -1 -0.25 1011 0 011 
-0.875 -0.25 0 0100 011  
-0.994141 0 0 0100000001   
-0.875 -0.25 -1 0100 011 0 
0.875 -0.25 0 1011 011  
0.875 -0.25 -1 1011 011 0 
-0.921875 0 0 0100010   
-0.875 0 -0.25 0100  011 
-0.875 -1 -0.25 0100 0 011 
-0.625 -1 -0.5 0101 0 01 
-0.890625 0 0 0100011   
0.625 -1 -0.5 1010 0 01 
-0.625 -0.5 -1 0101 01 0 
0.625 -0.5 -1 1010 01 0 
-0.90625 1 0 010001 1  
-0.90625 1 -1 010001 1 0 
-1 0.5 0.5 0 10 10 
1 0.5 0.5 1 10 10 
-0.90625 0 1 010001  1 
-0.90625 -1 1 010001 0 1 
-0.5625 -1 0 01011 0  
-0.5625 0 -1 01011  0 
0.994141 0 0 1011111110   
-0.5625 -1 -1 01011 0 0 
0.5625 -1 0 10100 0  
0.5625 0 -1 10100  0 
0.890625 0 0 1011100   
0.5625 -1 -1 10100 0 0 
-0.5 0.5 -0.5 01 10 01 
0.5 0.5 -0.5 10 10 01 
0.921875 0 0 1011101   
-0.5 -0.5 0.5 01 01 10 
0.5 -0.5 0.5 10 01 10 
0 -0.5625 -1  01011 0 
0.90625 1 0 101110 1  
0.90625 1 -1 101110 1 0 
0 -1 -0.5625  0 01011 
-0.75 1 -0.25 010 1 011 
0.90625 0 1 101110  1 
0.90625 -1 1 101110 0 1 
0.75 1 -0.25 101 1 011 
-0.75 -0.25 1 010 011 1 
0 0.25 0.5  100 10 
0.75 -0.25 1 101 011 1 
-0.999512 1 0 010000000000 1  
-0.999512 1 -1 010000000000 1 0 
0 0.75 0.5  101 10 
-0.999512 0 1 010000000000  1 
-0.999512 -1 1 010000000000 0 1 
0.999512 1 0 101111111111 1  
0 -0.5 0.75  01 101 
0.999512 1 -1 101111111111 1 0 
0.999512 0 1 101111111111  1 
0.999512 -1 1 101111111111 0 1 
0 0.5 0.25  10 100 
-0.96875 0.5 0 010000 10  
-0.96875 0.5 -1 010000 10 0 
0.96875 0.5 0 101111 10  
0 1 0.125  1 1000 
0.96875 0.5 -1 101111 10 0 
-0.96875 0 0.5 010000  10 
-0.96875 -1 0.5 010000 0 10 
0 0 0.0625   10000 
0.96875 0 0.5 101111  10 
0.96875 -1 0.5 101111 0 10 
-0.5 0.25 1 01 100 1 
0 0 0.1875   10001 
0.5 0.25 1 10 100 1 
-0.5 1 0.25 01 1 100 
0.5 1 0.25 10 1 100 
-1 0 0.375 0  1001 
-1 -1 0.375 0 0 1001 
-1 -0.125 1 0 0111 1 
1 -0.125 1 1 0111 1 
1 0 0.375 1  1001 
1 -1 0.375 1 0 1001 
-1 1 -0.125 0 1 0111 
1 1 -0.125 1 1 0111 
0 1 0.375  1 1001 
0 -1 0.875  0 1011 
-1 0.875 -1 0 1011 0 
1 0.875 -1 1 1011 0 
0 0 0.3125   10010 
-0.75 0.25 0 010 100  
-0.75 0.25 -1 010 100 0 
0.75 0.25 0 101 100  
0 0 0.4375   10011 
0.75 0.25 -1 101 100 0 
-0.75 0 0.25 010  100 
-0.75 -1 0.25 010 0 100 
-0.5 0 0.75 01  101 
-0.5 -1 0.75 01 0 101 
0.75 0 0.25 101  100 
0.75 -1 0.25 101 0 100 
0.5 0 0.75 10  101 
0.5 -1 0.75 10 0 101 
-0.84375 -1 0 010010 0  
-0.84375 0 -1 010010  0 
0 0.5 0.75  10 101 
-0.84375 -1 -1 010010 0 0 
0.84375 -1 0 101101 0  
0.84375 0 -1 101101  0 
-1 0 0.625 0  1010 
0.84375 -1 -1 101101 0 0 
-1 -1 0.625 0 0 1010 
-0.996094 0 -0.5 010000000  01 
1 0 0.625 1  1010 
-0.996094 -1 -0.5 010000000 0 01 
1 -1 0.625 1 0 1010 
0.996094 0 -0.5 101111111  01 
0 1 0.625  1 1010 
0.996094 -1 -0.5 101111111 0 01 
-0.996094 -0.5 0 010000000 01  
-0.996094 -0.5 -1 010000000 01 0 
0 0 0.5625   10100 
0.996094 -0.5 0 101111111 01  
0.996094 -0.5 -1 101111111 01 0 
-0.976562 -1 0 01000001 0  
0 0 0.6875   10101 
-0.976562 0 -1 01000001  0 
-0.976562 -1 -1 01000001 0 0 
0.976562 -1 0 10111110 0  
-1 0 0.875 0  1011 
-1 -1 0.875 0 0 1011 
0.976562 0 -1 10111110  0 
0.976562 -1 -1 10111110 0 0 
1 0 0.875 1  1011 
1 -1 0.875 1 0 1011 
-0.5 -0.625 0 01 0101  
-0.5 -0.625 -1 01 0101 0 
0 1 0.875  1 1011 
0.5 -0.625 0 10 0101  
0.5 -0.625 -1 10 0101 0 
-0.5 0 -0.625 01  0101 
0 0 0.8125   10110 
-0.5 -1 -0.625 01 0 0101 
0.5 0 -0.625 10  0101 
0.5 -1 -0.625 10 0 0101 
0 0 0.9375   10111 
0 -0.4375 -1  01100 0 
0 -1 -0.4375  0 01100 
-0.9375 1 0.5 01000 1 10 
0 -0.875 -0.5  0100 01 
0.9375 1 0.5 10111 1 10 
-0.9375 0.5 1 01000 10 1 
0.9375 0.5 1 10111 10 1 
0 -0.625 -0.5  0101 01 
-0.999023 1 1 01000000000 1 1 
0.999023 1 1 10111111111 1 1 
-1 0.5 -0.75 0 10 010 
1 1.71828 1.71828 2.95249 -1 -1.71828 -1.71828 -2.95249 -1 -1.71828 -1.71828 -2.95249 -0.632121 -1.08616 -0.632121 -1.08616 -0.21042 0.632121 1.08616 0.632121 -0.21042 1.08616 0.632121 1.08616 0.366025 0.632121 1.08616 0.628935 0.366025 0.628935 1.08069 0.628935 -0.0774091 0.628935 1.08069 0.399576 -0.0774091 -0.399576 -0.399576 -0.36156 0.21042 -0.36156 0.36156 -0.231372 0.21042 -0.397563 0.36156 -0.231372 -0.0665015 -0.397563 -0.231372 -0.397563 -0.0403352 -0.231372 -0.397563 0.228425 0.133011 0.392499 0.392499 0.674423 0.21042 0.36156 0.228425 0.392499 0.21042 0.392499 0.674423 0.36156 0.133011 0.153404 0.263591 0.263591 -0.0665015 0.452924 0.153404 0.263591 -0.0403352 0.263591 0.452924 0.146255 0.0352331 0.146255 -0.144392 -0.248107 0.0352331 -0.144392 -0.248107 -0.144392 0.0774091 -0.248107 -0.144392 -0.248107 0.0774091 -0.133011 -0.133011 0.133011 -0.0244645 0.133011 -0.133011 -0.133011 -0.0148385 -0.133011 -0.133011 -0.114268 0.0489319 -0.114268 0.105924 0.182007 0.0774091 0.182007 0.312739 0.133011 0.0774091 0.133011 0.105924 0.182007 0.0489319 0.182007 0.312739 -0.0969698 -0.0244645 -0.166621 -0.0969698 -0.166621 -0.0148385 -0.0969698 -0.166621 -0.0969698 -0.0770189 -0.166621 -0.13234 0.0912733 0.0442764 0.0912733 -0.0770189 -0.13234 0.0665015 0.114268 -0.0770189 -0.13234 0.0665015 0.114268 -0.0770189 -0.13234 -0.0187656 0.0740465 0.127233 0.127233 -0.0146147 0.218622 0.0740465 0.127233 0.0403352 0.127233 0.218622 -0.0693073 0.0403352 0.0693073 0.0693073 -0.0693073 -0.0113819 -0.0669566 -0.11505 -0.0669566 -0.00886426 -0.11505 -0.0669566 -0.11505 0.0168931 -0.0669566 -0.11505 0.0665015 0.042037 0.114268 0.0665015 0.114268 0.0254967 0.0612966 0.0612966 0.0605405 0.0168931 0.0605405 0.104026 0.0605405 0.0101808 0.0605405 0.104026 0.0520652 0.042037 0.0894627 0.0894627 0.153722 -0.0187656 0.0520652 0.0894627 0.0894627 -0.0146147 0.153722 -0.0489319 -0.0489319 0.0101808 -0.0489319 -0.0489319 0.0486853 0.0403352 0.0693073 0.0486853 0.0486853 0.0403352 0.0693073 0.0486853 -0.0480651 0.0254967 -0.0825894 -0.0480651 -0.0825894 -0.0113819 -0.0480651 -0.0825894 -0.0480651 -0.00886426 -0.0825894 -0.0468063 -0.0804265 0.00988919 -0.0468063 -0.0804265 -0.0468063 0.00803382 -0.0804265 -0.0468063 -0.0804265 -0.0222716 -0.0442764 -0.0442764 0.0423247 -0.0222716 0.0423247 -0.042037 -0.042037 0.00803382 -0.042037 -0.042037 -0.042037 0.00988919 -0.042037 -0.0382689 -0.0382689 -0.0222716 -0.0382689 0.0367132 0.0630837 -0.0222716 0.0630837 0.108395 -0.0382689 -0.0283337 -0.0486853 0.0367132 0.0630837 -0.0283337 0.0630837 0.108395 -0.0486853 0.0162884 -0.0329115 -0.0565512 -0.0329115 0.0162884 -0.0565512 -0.0329115 -0.0565512 0.0244645 0.042037 -0.0329115 -0.0565512 0.0244645 0.042037 -0.0322792 -0.0554648 -0.00690349 -0.0322792 -0.0554648 -0.0322792 -0.00537644 -0.0554648 -0.0322792 -0.0554648 0.0148385 -0.0322446 -0.0322446 0.030383 0.0148385 0.030383 0.030383 0.030383 -0.00418718 0.0295873 0.0295873 0.0290272 -0.00326098 0.0290272 0.0498769 0.0290272 -0.0254967 0.0290272 0.0498769 -0.0283337 0.0154645 -0.0486853 -0.0283337 -0.0486853 0.00937972 0.0259242 0.044545 0.044545 0.00668807 0.0765409 0.0259242 0.044545 0.00668807 0.044545 0.0765409 -0.0254967 0.00599216 -0.0254967 -0.0254967 -0.0254967 0.0244645 0.042037 0.0254967 0.0254967 0.0244645 0.042037 -0.0254967 -0.0251121 0.0154645 -0.0251121 -0.0243413 -0.0418251 -0.00690349 -0.0243413 -0.0418251 -0.0243413 -0.00537644 -0.0418251 -0.0243413 -0.0418251 0.0148385 0.0254967 -0.0232072 -0.0398765 0.0148385 0.0254967 -0.0232072 -0.0398765 0.00937972 -0.0232072 -0.0398765 -0.0232072 -0.00418718 -0.0398765 -0.0222885 -0.0382978 -0.00326098 -0.0222885 -0.0382978 -0.0222885 0.0139932 -0.0382978 -0.0222885 -0.0382978 0.0139932 0.020804 0.020804 0.0204044 0.0187656 0.0322446 0.0204044 0.0204044 0.0187656 0.0322446 0.0204044 -0.0195574 -0.0049891 -0.0195574 0.0187656 0.0322446 -0.00440287 0.0187656 0.0322446 0.0183185 0.00456459 0.0314763 0.0314763 0.0540852 0.0146147 0.0251121 0.0183185 0.0314763 0.0146147 0.0314763 0.0540852 0.0251121 -0.00388552 0.0179103 0.0179103 0.0179103 -0.00342896 0.0179103 -0.0176822 -0.030383 0.00456459 -0.0176822 -0.030383 -0.0176822 -0.0147637 -0.030383 -0.0253682 -0.0176822 0.00848732 -0.030383 0.0174935 0.0174935 -0.0147637 0.0300588 -0.0253682 0.0174935 0.00848732 0.0174935 0.0300588 0.0169924 0.0113819 0.0195574 0.0169924 0.0291978 0.0113819 0.0195574 0.0169924 0.0169924 -0.00302604 0.0291978 -0.0163872 -0.0281578 -0.00267047 -0.0163872 -0.0281578 -0.0163872 0.00886426 -0.0281578 -0.0163872 -0.0281578 0.00886426 -0.0162884 -0.0162884 -0.0162884 -0.00235669 -0.0162884 0.0162063 0.0162063 -0.00207977 -0.0155808 -0.0267723 -0.0155808 -0.0152313 -0.0267723 -0.0155808 -0.0267723 0.00515309 -0.0155808 -0.0267723 -0.0154645 0.00347221 -0.0154645 -0.0154645 -0.0154645 -0.0106785 -0.0183487 0.0153866 0.0153866 -0.0106785 -0.0183487 0.0153866 0.0153866 0.0118621 -0.0152313 0.0152313 0.0152313 0.00923824 -0.0151906 -0.0261018 -0.0151906 0.00719475 -0.0261018 -0.0151906 -0.0261018 0.00560328 -0.0151906 -0.0261018 -0.0147637 -0.00741374 -0.0253682 -0.0147637 -0.0253682 0.00347221 0.0146697 0.0146697 0.0146147 0.00515309 0.0251121 0.0146147 0.0251121 -0.0106785 -0.0183487 0.014089 0.014089 -0.0106785 -0.0183487 0.014089 0.014089 -0.00741374 0.0140783 0.0140783 -0.0139932 -0.00741374 -0.0139932 -0.0139932 -0.0139932 0.00319432 0.0138044 0.0138044 0.0237198 0.00201875 0.0138044 0.0138044 0.0237198 -0.0064355 0.0129486 0.0222494 0.0222494 -0.0064355 0.0382308 0.0129486 0.0222494 -0.00741374 0.0222494 0.0382308 -0.0127389 0.00317202 -0.0127389 -0.0127389 -0.0127389 0.0118621 -0.0118749 -0.0204044 -0.0118749 -0.0049891 -0.0204044 -0.0118749 -0.0204044 -0.00440287 -0.0118749 -0.0204044 -0.0118621 0.00317202 -0.0118621 -0.0118621 -0.0118621 0.00923824 -0.0118621 -0.0118621 -0.0115795 -0.00388552 -0.0198968 -0.0115795 -0.0198968 -0.00342896 -0.0115795 -0.0198968 -0.0115795 0.00201875 -0.0198968 0.011492 0.011492 0.00319432 0.0197465 0.011492 0.011492 -0.0064355 0.0197465 0.0113819 0.0195574 -0.0064355 0.0113819 0.0195574 0.0111773 0.00719475 0.0111773 0.0111773 0.0111773 -0.00302604 -0.011058 -0.011058 -0.011058 -0.00267047 -0.011058 -0.0109555 -0.0188247 0.00886426 0.0152313 -0.0109555 -0.0188247 0.00886426 0.0152313 -0.0109555 -0.0188247 0.00560328 -0.0109555 -0.0188247 0.0103587 -0.00235669 0.0103587 -0.0102016 -0.0175292 -0.00207977 -0.0102016 -0.0175292 -0.0102016 0.0026933 -0.0175292 -0.0102016 -0.0175292 0.00228244 0.0101138 0.0101138 0.00984897 0.00206331 0.00984897 0.00984897 0.00984897 0.00196659 0.0096023 0.0096023 0.0096023 -0.00625116 -0.0107413 0.0096023 -0.00937972 -0.00507834 -0.00937972 -0.00937972 -0.00937972 -0.00625116 -0.0107413 0.00933245 0.00933245 -0.00507834 0.00933245 0.00933245 -0.00923824 0.00196659 -0.00923824 -0.00923824 -0.00923824 0.00206331 -0.00923824 -0.00923824 -0.00921358 0.00228244 -0.0158315 -0.00921358 -0.0158315 0.0026933 -0.00921358 -0.0158315 -0.00921358 -0.00507834 -0.0158315 0.00915449 0.01573 -0.00625116 0.01573 0.0270286 -0.0107413 0.00222372 0.00915449 0.01573 0.01573 -0.00507834 0.0270286 -0.00895465 -0.0153866 -0.00625116 -0.0107413 -0.00895465 -0.0153866 -0.00272736 -0.00895465 -0.0153866 -0.00895465 0.00222372 -0.0153866 0.00885446 0.00885446 -0.00272736 0.0152145 0.00885446 0.00885446 0.00514782 0.0152145 -0.00872603 -0.00872603 0.00514782 -0.00872603 -0.00872603 -0.00857269 0.00312231 -0.00857269 -0.00848732 -0.00848732 0.00514782 -0.00848732 -0.00848732 -0.00819946 0.00312231 -0.014089 -0.00819946 -0.014089 0.00514782 -0.00819946 -0.014089 -0.00819946 0.00690349 -0.014089 0.0118621 -0.0081851 0.00690349 -0.0140643 0.0118621 -0.0081851 -0.00183539 -0.0140643 -0.0081851 -0.0140643 -0.00161972 -0.0081851 -0.0140643 0.00784326 0.00537644 0.00923824 0.00784326 0.0134769 0.00537644 0.00923824 0.00784326 0.00784326 -0.0014294 0.0134769 -0.00772518 -0.013274 -0.00126144 -0.00772518 -0.013274 -0.00772518 -0.00543127 -0.013274 -0.00933245 -0.00772518 -0.00543127 -0.013274 -0.00933245 -0.00756537 0.00418718 -0.00756537 0.00750634 0.00750634 0.00418718 0.00750634 0.00750634 0.00731963 -0.00111322 0.00731963 -0.00719475 -0.00719475 -0.000982413 -0.00719475 -0.00719475 -0.00719475 -0.00355465 -0.00719475 0.00719475 0.00719475 0.00326098 -0.0070441 -0.0121037 -0.0070441 0.00326098 -0.0121037 -0.0070441 -0.0121037 -0.000866976 -0.0070441 -0.0121037 0.00692522 -0.000765104 0.00692522 0.00692522 0.00692522 -0.00355465 0.00690349 0.0118621 0.00690349 -0.00355465 0.0118621 -0.0068687 -0.0118024 -0.00560328 -0.0068687 -0.0118024 -0.0068687 0.00312231 -0.0118024 -0.0068687 -0.0118024 -0.00355465 0.00679218 0.00679218 0.0067501 -0.00272736 0.0067501 -0.00667641 -0.00667641 0.00436384 0.00647265 0.0111218 0.0111218 0.00339856 0.0191104 0.00647265 0.0111218 -0.00272736 0.0111218 0.0191104 0.00644864 0.0026468 0.00644864 0.00644864 0.00644864 0.00206133 -0.00618758 -0.010632 -0.00618758 0.00156568 -0.010632 -0.00618758 -0.010632 0.00212368 -0.00618758 -0.010632 -0.00610789 0.00130597 -0.00610789 -0.00610789 -0.00610789 -0.00422767 -0.00726432 -0.00599216 -0.00599216 -0.00422767 -0.00726432 0.00596623 0.00596623 0.00156568 0.0102517 0.00596623 0.00596623 0.00130597 0.0102517 0.00596196 0.00596196 0.00212368 0.00596196 0.00596196 -0.00589191 -0.00422767 -0.00726432 -0.00589191 0.00582409 -0.00422767 -0.00726432 0.00582409 0.00582409 0.00189378 0.00582409 -0.00578674 -0.00994326 0.00114863 -0.00578674 -0.00994326 -0.00578674 0.00312231 -0.00994326 -0.00578674 -0.00994326 0.00189378 -0.00573187 -0.00984897 -0.00573187 0.00436384 -0.00984897 -0.00573187 -0.00984897 -0.00183539 -0.00573187 -0.00984897 0.00566042 -0.00161972 0.00566042 0.00566042 0.00566042 0.00537644 0.00923824 -0.00560328 -0.00560328 0.00537644 0.00923824 -0.00560328 -0.00560328 0.00339856 -0.00560328 0.00560328 0.00560328 -0.0014294 -0.00558832 -0.0096023 -0.00558832 -0.00126144 -0.0096023 -0.00558832 -0.0096023 -0.00543127 -0.00933245 -0.00558832 -0.0096023 -0.00543127 -0.00933245 0.00548874 0.00548874 0.00114863 0.00943121 0.00548874 0.00548874 0.00418718 0.00943121 0.00719475 -0.00545496 0.00418718 -0.00937315 0.00719475 -0.00545496 0.0026468 -0.00937315 -0.00545496 -0.00937315 -0.00111322 -0.00545496 -0.00937315 0.00545043 -0.000982413 0.00545043 0.00936538 0.00545043 0.00326098 0.00560328 0.00545043 0.00936538 0.00326098 0.00560328 -0.00534935 -0.00919168 0.00206133 -0.00534935 -0.00919168 -0.00534935 -0.000866976 -0.00919168 -0.00534935 -0.00919168 -0.000765104 -0.0051996 -0.0051996 0.00518305 0.00394866 0.00518305 0.00518305 0.00518305 0.00307522 0.00517397 0.00517397 -0.00514782 
