1	0.0	0.0	0.0	1.0	1.0	-1.11022302463e-11
2	0.0	0.0	0.111111111111	1.0	1.0	-4.4408920985e-11
3	0.0	0.0	0.222222222222	1.0	1.0	-1.22124532709e-10
4	0.0	0.0	0.333333333333	1.0	1.0	1.33226762955e-10
5	0.0	0.0	0.444444444444	1.0	1.0	2.22044604925e-11
6	0.0	0.0	0.555555555556	1.0	1.0	6.66133814775e-11
7	0.0	0.0	0.666666666667	1.0	1.0	2.22044604925e-11
8	0.0	0.0	0.777777777778	1.0	1.0	-4.4408920985e-11
9	0.0	0.0	0.888888888889	1.0	1.0	2.22044604925e-11
10	0.0	0.0	1.0	1.0	1.0	-3.33066907388e-11
11	0.0	0.111111111111	0.0	0.894839316814	0.894839316814	-8.881784197e-11
12	0.0	0.111111111111	0.111111111111	0.894839316814	0.894839316814	-1.22124532709e-10
13	0.0	0.111111111111	0.222222222222	0.894839316814	0.894839316814	-1.88737914186e-10
14	0.0	0.111111111111	0.333333333333	0.894839316814	0.894839316814	3.33066907388e-11
15	0.0	0.111111111111	0.444444444444	0.894839316814	0.894839316814	-4.4408920985e-11
16	0.0	0.111111111111	0.555555555556	0.894839316814	0.894839316814	-3.33066907388e-11
17	0.0	0.111111111111	0.666666666667	0.894839316814	0.894839316814	-5.55111512313e-11
18	0.0	0.111111111111	0.777777777778	0.894839316814	0.894839316814	-1.22124532709e-10
19	0.0	0.111111111111	0.888888888889	0.894839316814	0.894839316814	-5.55111512313e-11
20	0.0	0.111111111111	1.0	0.894839316814	0.894839316814	-1.11022302463e-10
21	0.0	0.222222222222	0.0	0.800737402917	0.800737402917	4.4408920985e-11
22	0.0	0.222222222222	0.111111111111	0.800737402917	0.800737402917	1.11022302463e-11
23	0.0	0.222222222222	0.222222222222	0.800737402917	0.800737402917	-4.4408920985e-11
24	0.0	0.222222222222	0.333333333333	0.800737402917	0.800737402917	1.55431223448e-10
25	0.0	0.222222222222	0.444444444444	0.800737402917	0.800737402917	7.77156117238e-11
26	0.0	0.222222222222	0.555555555556	0.800737402917	0.800737402917	1.11022302463e-10
27	0.0	0.222222222222	0.666666666667	0.800737402917	0.800737402917	5.55111512313e-11
28	0.0	0.222222222222	0.777777777778	0.800737402917	0.800737402917	1.11022302463e-11
29	0.0	0.222222222222	0.888888888889	0.800737402917	0.800737402917	5.55111512313e-11
30	0.0	0.222222222222	1.0	0.800737402917	0.800737402917	3.33066907388e-11
31	0.0	0.333333333333	0.0	0.716531310574	0.716531310574	1.22124532709e-10
32	0.0	0.333333333333	0.111111111111	0.716531310574	0.716531310574	9.99200722163e-11
33	0.0	0.333333333333	0.222222222222	0.716531310574	0.716531310574	4.4408920985e-11
34	0.0	0.333333333333	0.333333333333	0.716531310574	0.716531310574	2.22044604925e-10
35	0.0	0.333333333333	0.444444444444	0.716531310574	0.716531310574	1.55431223448e-10
36	0.0	0.333333333333	0.555555555556	0.716531310574	0.716531310574	1.7763568394e-10
37	0.0	0.333333333333	0.666666666667	0.716531310574	0.716531310574	1.44328993201e-10
38	0.0	0.333333333333	0.777777777778	0.716531310574	0.716531310574	9.99200722163e-11
39	0.0	0.333333333333	0.888888888889	0.716531310574	0.716531310574	1.44328993201e-10
40	0.0	0.333333333333	1.0	0.716531310574	0.716531310574	1.11022302463e-10
41	0.0	0.444444444444	0.0	0.64118038843	0.64118038843	7.77156117238e-11
42	0.0	0.444444444444	0.111111111111	0.64118038843	0.64118038843	4.4408920985e-11
43	0.0	0.444444444444	0.222222222222	0.64118038843	0.64118038843	1.11022302463e-11
44	0.0	0.444444444444	0.333333333333	0.64118038843	0.64118038843	1.66533453694e-10
45	0.0	0.444444444444	0.444444444444	0.64118038843	0.64118038843	9.99200722163e-11
46	0.0	0.444444444444	0.555555555556	0.64118038843	0.64118038843	1.22124532709e-10
47	0.0	0.444444444444	0.666666666667	0.64118038843	0.64118038843	9.99200722163e-11
48	0.0	0.444444444444	0.777777777778	0.64118038843	0.64118038843	4.4408920985e-11
49	0.0	0.444444444444	0.888888888889	0.64118038843	0.64118038843	9.99200722163e-11
50	0.0	0.444444444444	1.0	0.64118038843	0.64118038843	6.66133814775e-11
51	0.0	0.555555555556	0.0	0.573753420737	0.573753420737	6.66133814775e-11
52	0.0	0.555555555556	0.111111111111	0.573753420737	0.573753420737	3.33066907388e-11
53	0.0	0.555555555556	0.222222222222	0.573753420737	0.573753420737	-1.11022302463e-11
54	0.0	0.555555555556	0.333333333333	0.573753420737	0.573753420737	1.33226762955e-10
55	0.0	0.555555555556	0.444444444444	0.573753420737	0.573753420737	8.881784197e-11
56	0.0	0.555555555556	0.555555555556	0.573753420737	0.573753420737	9.99200722163e-11
57	0.0	0.555555555556	0.666666666667	0.573753420737	0.573753420737	6.66133814775e-11
58	0.0	0.555555555556	0.777777777778	0.573753420737	0.573753420737	3.33066907388e-11
59	0.0	0.555555555556	0.888888888889	0.573753420737	0.573753420737	6.66133814775e-11
60	0.0	0.555555555556	1.0	0.573753420737	0.573753420737	4.4408920985e-11
61	0.0	0.666666666667	0.0	0.513417119033	0.513417119033	9.99200722163e-11
62	0.0	0.666666666667	0.111111111111	0.513417119033	0.513417119033	7.77156117238e-11
63	0.0	0.666666666667	0.222222222222	0.513417119033	0.513417119033	4.4408920985e-11
64	0.0	0.666666666667	0.333333333333	0.513417119033	0.513417119033	1.66533453694e-10
65	0.0	0.666666666667	0.444444444444	0.513417119033	0.513417119033	1.22124532709e-10
66	0.0	0.666666666667	0.555555555556	0.513417119033	0.513417119033	1.33226762955e-10
67	0.0	0.666666666667	0.666666666667	0.513417119033	0.513417119033	1.11022302463e-10
68	0.0	0.666666666667	0.777777777778	0.513417119033	0.513417119033	7.77156117238e-11
69	0.0	0.666666666667	0.888888888889	0.513417119033	0.513417119033	1.11022302463e-10
70	0.0	0.666666666667	1.0	0.513417119033	0.513417119033	8.881784197e-11
71	0.0	0.777777777778	0.0	0.459425824036	0.459425824036	7.21644966006e-11
72	0.0	0.777777777778	0.111111111111	0.459425824036	0.459425824036	5.55111512313e-11
73	0.0	0.777777777778	0.222222222222	0.459425824036	0.459425824036	2.22044604925e-11
74	0.0	0.777777777778	0.333333333333	0.459425824036	0.459425824036	1.33226762955e-10
75	0.0	0.777777777778	0.444444444444	0.459425824036	0.459425824036	9.43689570931e-11
76	0.0	0.777777777778	0.555555555556	0.459425824036	0.459425824036	1.05471187339e-10
77	0.0	0.777777777778	0.666666666667	0.459425824036	0.459425824036	8.881784197e-11
78	0.0	0.777777777778	0.777777777778	0.459425824036	0.459425824036	5.55111512313e-11
79	0.0	0.777777777778	0.888888888889	0.459425824036	0.459425824036	8.881784197e-11
80	0.0	0.777777777778	1.0	0.459425824036	0.459425824036	6.10622663544e-11
81	0.0	0.888888888889	0.0	0.411112290507	0.411112290507	7.21644966006e-11
82	0.0	0.888888888889	0.111111111111	0.411112290507	0.411112290507	5.55111512313e-11
83	0.0	0.888888888889	0.222222222222	0.411112290507	0.411112290507	2.22044604925e-11
84	0.0	0.888888888889	0.333333333333	0.411112290507	0.411112290507	1.27675647832e-10
85	0.0	0.888888888889	0.444444444444	0.411112290507	0.411112290507	8.32667268469e-11
86	0.0	0.888888888889	0.555555555556	0.411112290507	0.411112290507	9.99200722163e-11
87	0.0	0.888888888889	0.666666666667	0.411112290507	0.411112290507	7.77156117238e-11
88	0.0	0.888888888889	0.777777777778	0.411112290507	0.411112290507	5.55111512313e-11
89	0.0	0.888888888889	0.888888888889	0.411112290507	0.411112290507	7.77156117238e-11
90	0.0	0.888888888889	1.0	0.411112290507	0.411112290507	6.10622663544e-11
91	0.0	1.0	0.0	0.367879441171	0.367879441171	4.4408920985e-11
92	0.0	1.0	0.111111111111	0.367879441171	0.367879441171	2.77555756156e-11
93	0.0	1.0	0.222222222222	0.367879441171	0.367879441171	0.0
94	0.0	1.0	0.333333333333	0.367879441171	0.367879441171	8.881784197e-11
95	0.0	1.0	0.444444444444	0.367879441171	0.367879441171	5.55111512313e-11
96	0.0	1.0	0.555555555556	0.367879441171	0.367879441171	6.66133814775e-11
97	0.0	1.0	0.666666666667	0.367879441171	0.367879441171	4.99600361081e-11
98	0.0	1.0	0.777777777778	0.367879441171	0.367879441171	2.77555756156e-11
99	0.0	1.0	0.888888888889	0.367879441171	0.367879441171	4.99600361081e-11
100	0.0	1.0	1.0	0.367879441171	0.367879441171	3.33066907388e-11
101	0.111111111111	0.0	0.0	0.894839316814	0.894839316814	-8.881784197e-11
102	0.111111111111	0.0	0.111111111111	0.894839316814	0.894839316814	-1.22124532709e-10
103	0.111111111111	0.0	0.222222222222	0.894839316814	0.894839316814	-1.88737914186e-10
104	0.111111111111	0.0	0.333333333333	0.894839316814	0.894839316814	3.33066907388e-11
105	0.111111111111	0.0	0.444444444444	0.894839316814	0.894839316814	-4.4408920985e-11
106	0.111111111111	0.0	0.555555555556	0.894839316814	0.894839316814	-3.33066907388e-11
107	0.111111111111	0.0	0.666666666667	0.894839316814	0.894839316814	-5.55111512313e-11
108	0.111111111111	0.0	0.777777777778	0.894839316814	0.894839316814	-1.22124532709e-10
109	0.111111111111	0.0	0.888888888889	0.894839316814	0.894839316814	-5.55111512313e-11
110	0.111111111111	0.0	1.0	0.894839316814	0.894839316814	-1.11022302463e-10
111	0.111111111111	0.111111111111	0.0	0.800737402917	0.800737402917	-1.55431223448e-10
112	0.111111111111	0.111111111111	0.111111111111	0.800737402917	0.800737402917	-1.88737914186e-10
113	0.111111111111	0.111111111111	0.222222222222	0.800737402917	0.800737402917	-2.55351295664e-10
114	0.111111111111	0.111111111111	0.333333333333	0.800737402917	0.800737402917	-4.4408920985e-11
115	0.111111111111	0.111111111111	0.444444444444	0.800737402917	0.800737402917	-1.22124532709e-10
116	0.111111111111	0.111111111111	0.555555555556	0.800737402917	0.800737402917	-9.99200722163e-11
117	0.111111111111	0.111111111111	0.666666666667	0.800737402917	0.800737402917	-1.44328993201e-10
118	0.111111111111	0.111111111111	0.777777777778	0.800737402917	0.800737402917	-1.88737914186e-10
119	0.111111111111	0.111111111111	0.888888888889	0.800737402917	0.800737402917	-1.44328993201e-10
120	0.111111111111	0.111111111111	1.0	0.800737402917	0.800737402917	-1.7763568394e-10
121	0.111111111111	0.222222222222	0.0	0.716531310574	0.716531310574	-3.33066907388e-11
122	0.111111111111	0.222222222222	0.111111111111	0.716531310574	0.716531310574	-5.55111512313e-11
123	0.111111111111	0.222222222222	0.222222222222	0.716531310574	0.716531310574	-1.11022302463e-10
124	0.111111111111	0.222222222222	0.333333333333	0.716531310574	0.716531310574	6.66133814775e-11
125	0.111111111111	0.222222222222	0.444444444444	0.716531310574	0.716531310574	0.0
126	0.111111111111	0.222222222222	0.555555555556	0.716531310574	0.716531310574	2.22044604925e-11
127	0.111111111111	0.222222222222	0.666666666667	0.716531310574	0.716531310574	-1.11022302463e-11
128	0.111111111111	0.222222222222	0.777777777778	0.716531310574	0.716531310574	-5.55111512313e-11
129	0.111111111111	0.222222222222	0.888888888889	0.716531310574	0.716531310574	-1.11022302463e-11
130	0.111111111111	0.222222222222	1.0	0.716531310574	0.716531310574	-4.4408920985e-11
131	0.111111111111	0.333333333333	0.0	0.64118038843	0.64118038843	4.4408920985e-11
132	0.111111111111	0.333333333333	0.111111111111	0.64118038843	0.64118038843	2.22044604925e-11
133	0.111111111111	0.333333333333	0.222222222222	0.64118038843	0.64118038843	-2.22044604925e-11
134	0.111111111111	0.333333333333	0.333333333333	0.64118038843	0.64118038843	1.33226762955e-10
135	0.111111111111	0.333333333333	0.444444444444	0.64118038843	0.64118038843	6.66133814775e-11
136	0.111111111111	0.333333333333	0.555555555556	0.64118038843	0.64118038843	8.881784197e-11
137	0.111111111111	0.333333333333	0.666666666667	0.64118038843	0.64118038843	6.66133814775e-11
138	0.111111111111	0.333333333333	0.777777777778	0.64118038843	0.64118038843	2.22044604925e-11
139	0.111111111111	0.333333333333	0.888888888889	0.64118038843	0.64118038843	6.66133814775e-11
140	0.111111111111	0.333333333333	1.0	0.64118038843	0.64118038843	3.33066907388e-11
141	0.111111111111	0.444444444444	0.0	0.573753420737	0.573753420737	2.22044604925e-11
142	0.111111111111	0.444444444444	0.111111111111	0.573753420737	0.573753420737	-1.11022302463e-11
143	0.111111111111	0.444444444444	0.222222222222	0.573753420737	0.573753420737	-4.4408920985e-11
144	0.111111111111	0.444444444444	0.333333333333	0.573753420737	0.573753420737	8.881784197e-11
145	0.111111111111	0.444444444444	0.444444444444	0.573753420737	0.573753420737	4.4408920985e-11
146	0.111111111111	0.444444444444	0.555555555556	0.573753420737	0.573753420737	6.66133814775e-11
147	0.111111111111	0.444444444444	0.666666666667	0.573753420737	0.573753420737	3.33066907388e-11
148	0.111111111111	0.444444444444	0.777777777778	0.573753420737	0.573753420737	-1.11022302463e-11
149	0.111111111111	0.444444444444	0.888888888889	0.573753420737	0.573753420737	3.33066907388e-11
150	0.111111111111	0.444444444444	1.0	0.573753420737	0.573753420737	1.11022302463e-11
151	0.111111111111	0.555555555556	0.0	0.513417119033	0.513417119033	-1.11022302463e-11
152	0.111111111111	0.555555555556	0.111111111111	0.513417119033	0.513417119033	-2.22044604925e-11
153	0.111111111111	0.555555555556	0.222222222222	0.513417119033	0.513417119033	-6.66133814775e-11
154	0.111111111111	0.555555555556	0.333333333333	0.513417119033	0.513417119033	6.66133814775e-11
155	0.111111111111	0.555555555556	0.444444444444	0.513417119033	0.513417119033	2.22044604925e-11
156	0.111111111111	0.555555555556	0.555555555556	0.513417119033	0.513417119033	3.33066907388e-11
157	0.111111111111	0.555555555556	0.666666666667	0.513417119033	0.513417119033	1.11022302463e-11
158	0.111111111111	0.555555555556	0.777777777778	0.513417119033	0.513417119033	-2.22044604925e-11
159	0.111111111111	0.555555555556	0.888888888889	0.513417119033	0.513417119033	1.11022302463e-11
160	0.111111111111	0.555555555556	1.0	0.513417119033	0.513417119033	-1.11022302463e-11
161	0.111111111111	0.666666666667	0.0	0.459425824036	0.459425824036	3.88578058619e-11
162	0.111111111111	0.666666666667	0.111111111111	0.459425824036	0.459425824036	2.22044604925e-11
163	0.111111111111	0.666666666667	0.222222222222	0.459425824036	0.459425824036	-5.55111512313e-12
164	0.111111111111	0.666666666667	0.333333333333	0.459425824036	0.459425824036	1.05471187339e-10
165	0.111111111111	0.666666666667	0.444444444444	0.459425824036	0.459425824036	6.10622663544e-11
166	0.111111111111	0.666666666667	0.555555555556	0.459425824036	0.459425824036	7.21644966006e-11
167	0.111111111111	0.666666666667	0.666666666667	0.459425824036	0.459425824036	5.55111512313e-11
168	0.111111111111	0.666666666667	0.777777777778	0.459425824036	0.459425824036	2.22044604925e-11
169	0.111111111111	0.666666666667	0.888888888889	0.459425824036	0.459425824036	5.55111512313e-11
170	0.111111111111	0.666666666667	1.0	0.459425824036	0.459425824036	3.33066907388e-11
171	0.111111111111	0.777777777778	0.0	0.411112290507	0.411112290507	2.22044604925e-11
172	0.111111111111	0.777777777778	0.111111111111	0.411112290507	0.411112290507	5.55111512313e-12
173	0.111111111111	0.777777777778	0.222222222222	0.411112290507	0.411112290507	-2.22044604925e-11
174	0.111111111111	0.777777777778	0.333333333333	0.411112290507	0.411112290507	7.77156117238e-11
175	0.111111111111	0.777777777778	0.444444444444	0.411112290507	0.411112290507	3.88578058619e-11
176	0.111111111111	0.777777777778	0.555555555556	0.411112290507	0.411112290507	5.55111512313e-11
177	0.111111111111	0.777777777778	0.666666666667	0.411112290507	0.411112290507	3.33066907388e-11
178	0.111111111111	0.777777777778	0.777777777778	0.411112290507	0.411112290507	5.55111512313e-12
179	0.111111111111	0.777777777778	0.888888888889	0.411112290507	0.411112290507	3.33066907388e-11
180	0.111111111111	0.777777777778	1.0	0.411112290507	0.411112290507	1.66533453694e-11
181	0.111111111111	0.888888888889	0.0	0.367879441171	0.367879441171	2.77555756156e-11
182	0.111111111111	0.888888888889	0.111111111111	0.367879441171	0.367879441171	1.11022302463e-11
183	0.111111111111	0.888888888889	0.222222222222	0.367879441171	0.367879441171	-1.11022302463e-11
184	0.111111111111	0.888888888889	0.333333333333	0.367879441171	0.367879441171	7.21644966006e-11
185	0.111111111111	0.888888888889	0.444444444444	0.367879441171	0.367879441171	4.4408920985e-11
186	0.111111111111	0.888888888889	0.555555555556	0.367879441171	0.367879441171	4.99600361081e-11
187	0.111111111111	0.888888888889	0.666666666667	0.367879441171	0.367879441171	3.33066907388e-11
188	0.111111111111	0.888888888889	0.777777777778	0.367879441171	0.367879441171	1.11022302463e-11
189	0.111111111111	0.888888888889	0.888888888889	0.367879441171	0.367879441171	3.33066907388e-11
190	0.111111111111	0.888888888889	1.0	0.367879441171	0.367879441171	1.66533453694e-11
191	0.111111111111	1.0	0.0	0.329192987808	0.329192987808	1.11022302463e-11
192	0.111111111111	1.0	0.111111111111	0.329192987808	0.329192987808	-5.55111512313e-12
193	0.111111111111	1.0	0.222222222222	0.329192987808	0.329192987808	-2.77555756156e-11
194	0.111111111111	1.0	0.333333333333	0.329192987808	0.329192987808	4.99600361081e-11
195	0.111111111111	1.0	0.444444444444	0.329192987808	0.329192987808	2.22044604925e-11
196	0.111111111111	1.0	0.555555555556	0.329192987808	0.329192987808	2.77555756156e-11
197	0.111111111111	1.0	0.666666666667	0.329192987808	0.329192987808	1.66533453694e-11
198	0.111111111111	1.0	0.777777777778	0.329192987808	0.329192987808	-5.55111512313e-12
199	0.111111111111	1.0	0.888888888889	0.329192987808	0.329192987808	1.66533453694e-11
200	0.111111111111	1.0	1.0	0.329192987808	0.329192987808	0.0
201	0.222222222222	0.0	0.0	0.800737402917	0.800737402917	4.4408920985e-11
202	0.222222222222	0.0	0.111111111111	0.800737402917	0.800737402917	1.11022302463e-11
203	0.222222222222	0.0	0.222222222222	0.800737402917	0.800737402917	-4.4408920985e-11
204	0.222222222222	0.0	0.333333333333	0.800737402917	0.800737402917	1.55431223448e-10
205	0.222222222222	0.0	0.444444444444	0.800737402917	0.800737402917	7.77156117238e-11
206	0.222222222222	0.0	0.555555555556	0.800737402917	0.800737402917	1.11022302463e-10
207	0.222222222222	0.0	0.666666666667	0.800737402917	0.800737402917	5.55111512313e-11
208	0.222222222222	0.0	0.777777777778	0.800737402917	0.800737402917	1.11022302463e-11
209	0.222222222222	0.0	0.888888888889	0.800737402917	0.800737402917	5.55111512313e-11
210	0.222222222222	0.0	1.0	0.800737402917	0.800737402917	3.33066907388e-11
211	0.222222222222	0.111111111111	0.0	0.716531310574	0.716531310574	-3.33066907388e-11
212	0.222222222222	0.111111111111	0.111111111111	0.716531310574	0.716531310574	-5.55111512313e-11
213	0.222222222222	0.111111111111	0.222222222222	0.716531310574	0.716531310574	-1.11022302463e-10
214	0.222222222222	0.111111111111	0.333333333333	0.716531310574	0.716531310574	6.66133814775e-11
215	0.222222222222	0.111111111111	0.444444444444	0.716531310574	0.716531310574	0.0
216	0.222222222222	0.111111111111	0.555555555556	0.716531310574	0.716531310574	2.22044604925e-11
217	0.222222222222	0.111111111111	0.666666666667	0.716531310574	0.716531310574	-1.11022302463e-11
218	0.222222222222	0.111111111111	0.777777777778	0.716531310574	0.716531310574	-5.55111512313e-11
219	0.222222222222	0.111111111111	0.888888888889	0.716531310574	0.716531310574	-1.11022302463e-11
220	0.222222222222	0.111111111111	1.0	0.716531310574	0.716531310574	-4.4408920985e-11
221	0.222222222222	0.222222222222	0.0	0.64118038843	0.64118038843	7.77156117238e-11
222	0.222222222222	0.222222222222	0.111111111111	0.64118038843	0.64118038843	4.4408920985e-11
223	0.222222222222	0.222222222222	0.222222222222	0.64118038843	0.64118038843	1.11022302463e-11
224	0.222222222222	0.222222222222	0.333333333333	0.64118038843	0.64118038843	1.66533453694e-10
225	0.222222222222	0.222222222222	0.444444444444	0.64118038843	0.64118038843	9.99200722163e-11
226	0.222222222222	0.222222222222	0.555555555556	0.64118038843	0.64118038843	1.22124532709e-10
227	0.222222222222	0.222222222222	0.666666666667	0.64118038843	0.64118038843	9.99200722163e-11
228	0.222222222222	0.222222222222	0.777777777778	0.64118038843	0.64118038843	4.4408920985e-11
229	0.222222222222	0.222222222222	0.888888888889	0.64118038843	0.64118038843	9.99200722163e-11
230	0.222222222222	0.222222222222	1.0	0.64118038843	0.64118038843	6.66133814775e-11
231	0.222222222222	0.333333333333	0.0	0.573753420737	0.573753420737	1.44328993201e-10
232	0.222222222222	0.333333333333	0.111111111111	0.573753420737	0.573753420737	1.11022302463e-10
233	0.222222222222	0.333333333333	0.222222222222	0.573753420737	0.573753420737	6.66133814775e-11
234	0.222222222222	0.333333333333	0.333333333333	0.573753420737	0.573753420737	2.10942374679e-10
235	0.222222222222	0.333333333333	0.444444444444	0.573753420737	0.573753420737	1.66533453694e-10
236	0.222222222222	0.333333333333	0.555555555556	0.573753420737	0.573753420737	1.7763568394e-10
237	0.222222222222	0.333333333333	0.666666666667	0.573753420737	0.573753420737	1.44328993201e-10
238	0.222222222222	0.333333333333	0.777777777778	0.573753420737	0.573753420737	1.11022302463e-10
239	0.222222222222	0.333333333333	0.888888888889	0.573753420737	0.573753420737	1.44328993201e-10
240	0.222222222222	0.333333333333	1.0	0.573753420737	0.573753420737	1.22124532709e-10
241	0.222222222222	0.444444444444	0.0	0.513417119033	0.513417119033	9.99200722163e-11
242	0.222222222222	0.444444444444	0.111111111111	0.513417119033	0.513417119033	7.77156117238e-11
243	0.222222222222	0.444444444444	0.222222222222	0.513417119033	0.513417119033	4.4408920985e-11
244	0.222222222222	0.444444444444	0.333333333333	0.513417119033	0.513417119033	1.66533453694e-10
245	0.222222222222	0.444444444444	0.444444444444	0.513417119033	0.513417119033	1.22124532709e-10
246	0.222222222222	0.444444444444	0.555555555556	0.513417119033	0.513417119033	1.33226762955e-10
247	0.222222222222	0.444444444444	0.666666666667	0.513417119033	0.513417119033	1.11022302463e-10
248	0.222222222222	0.444444444444	0.777777777778	0.513417119033	0.513417119033	7.77156117238e-11
249	0.222222222222	0.444444444444	0.888888888889	0.513417119033	0.513417119033	1.11022302463e-10
250	0.222222222222	0.444444444444	1.0	0.513417119033	0.513417119033	8.881784197e-11
251	0.222222222222	0.555555555556	0.0	0.459425824036	0.459425824036	6.10622663544e-11
252	0.222222222222	0.555555555556	0.111111111111	0.459425824036	0.459425824036	4.99600361081e-11
253	0.222222222222	0.555555555556	0.222222222222	0.459425824036	0.459425824036	1.66533453694e-11
254	0.222222222222	0.555555555556	0.333333333333	0.459425824036	0.459425824036	1.27675647832e-10
255	0.222222222222	0.555555555556	0.444444444444	0.459425824036	0.459425824036	8.881784197e-11
256	0.222222222222	0.555555555556	0.555555555556	0.459425824036	0.459425824036	9.43689570931e-11
257	0.222222222222	0.555555555556	0.666666666667	0.459425824036	0.459425824036	7.77156117238e-11
258	0.222222222222	0.555555555556	0.777777777778	0.459425824036	0.459425824036	4.99600361081e-11
259	0.222222222222	0.555555555556	0.888888888889	0.459425824036	0.459425824036	7.77156117238e-11
260	0.222222222222	0.555555555556	1.0	0.459425824036	0.459425824036	5.55111512313e-11
261	0.222222222222	0.666666666667	0.0	0.411112290507	0.411112290507	9.99200722163e-11
262	0.222222222222	0.666666666667	0.111111111111	0.411112290507	0.411112290507	8.32667268469e-11
263	0.222222222222	0.666666666667	0.222222222222	0.411112290507	0.411112290507	5.55111512313e-11
264	0.222222222222	0.666666666667	0.333333333333	0.411112290507	0.411112290507	1.55431223448e-10
265	0.222222222222	0.666666666667	0.444444444444	0.411112290507	0.411112290507	1.16573417586e-10
266	0.222222222222	0.666666666667	0.555555555556	0.411112290507	0.411112290507	1.33226762955e-10
267	0.222222222222	0.666666666667	0.666666666667	0.411112290507	0.411112290507	1.11022302463e-10
268	0.222222222222	0.666666666667	0.777777777778	0.411112290507	0.411112290507	8.32667268469e-11
269	0.222222222222	0.666666666667	0.888888888889	0.411112290507	0.411112290507	1.11022302463e-10
270	0.222222222222	0.666666666667	1.0	0.411112290507	0.411112290507	9.43689570931e-11
271	0.222222222222	0.777777777778	0.0	0.367879441171	0.367879441171	7.77156117238e-11
272	0.222222222222	0.777777777778	0.111111111111	0.367879441171	0.367879441171	6.10622663544e-11
273	0.222222222222	0.777777777778	0.222222222222	0.367879441171	0.367879441171	3.88578058619e-11
274	0.222222222222	0.777777777778	0.333333333333	0.367879441171	0.367879441171	1.22124532709e-10
275	0.222222222222	0.777777777778	0.444444444444	0.367879441171	0.367879441171	8.881784197e-11
276	0.222222222222	0.777777777778	0.555555555556	0.367879441171	0.367879441171	9.99200722163e-11
277	0.222222222222	0.777777777778	0.666666666667	0.367879441171	0.367879441171	8.32667268469e-11
278	0.222222222222	0.777777777778	0.777777777778	0.367879441171	0.367879441171	6.10622663544e-11
279	0.222222222222	0.777777777778	0.888888888889	0.367879441171	0.367879441171	8.32667268469e-11
280	0.222222222222	0.777777777778	1.0	0.367879441171	0.367879441171	6.66133814775e-11
281	0.222222222222	0.888888888889	0.0	0.329192987808	0.329192987808	7.77156117238e-11
282	0.222222222222	0.888888888889	0.111111111111	0.329192987808	0.329192987808	6.10622663544e-11
283	0.222222222222	0.888888888889	0.222222222222	0.329192987808	0.329192987808	4.4408920985e-11
284	0.222222222222	0.888888888889	0.333333333333	0.329192987808	0.329192987808	1.22124532709e-10
285	0.222222222222	0.888888888889	0.444444444444	0.329192987808	0.329192987808	9.43689570931e-11
286	0.222222222222	0.888888888889	0.555555555556	0.329192987808	0.329192987808	9.99200722163e-11
287	0.222222222222	0.888888888889	0.666666666667	0.329192987808	0.329192987808	8.881784197e-11
288	0.222222222222	0.888888888889	0.777777777778	0.329192987808	0.329192987808	6.10622663544e-11
289	0.222222222222	0.888888888889	0.888888888889	0.329192987808	0.329192987808	8.881784197e-11
290	0.222222222222	0.888888888889	1.0	0.329192987808	0.329192987808	7.21644966006e-11
291	0.222222222222	1.0	0.0	0.29457482831	0.29457482831	5.55111512313e-11
292	0.222222222222	1.0	0.111111111111	0.29457482831	0.29457482831	3.88578058619e-11
293	0.222222222222	1.0	0.222222222222	0.29457482831	0.29457482831	2.22044604925e-11
294	0.222222222222	1.0	0.333333333333	0.29457482831	0.29457482831	9.43689570931e-11
295	0.222222222222	1.0	0.444444444444	0.29457482831	0.29457482831	6.66133814775e-11
296	0.222222222222	1.0	0.555555555556	0.29457482831	0.29457482831	7.77156117238e-11
297	0.222222222222	1.0	0.666666666667	0.29457482831	0.29457482831	6.10622663544e-11
298	0.222222222222	1.0	0.777777777778	0.29457482831	0.29457482831	3.88578058619e-11
299	0.222222222222	1.0	0.888888888889	0.29457482831	0.29457482831	6.10622663544e-11
300	0.222222222222	1.0	1.0	0.29457482831	0.29457482831	4.99600361081e-11
301	0.333333333333	0.0	0.0	0.716531310574	0.716531310574	1.22124532709e-10
302	0.333333333333	0.0	0.111111111111	0.716531310574	0.716531310574	9.99200722163e-11
303	0.333333333333	0.0	0.222222222222	0.716531310574	0.716531310574	4.4408920985e-11
304	0.333333333333	0.0	0.333333333333	0.716531310574	0.716531310574	2.22044604925e-10
305	0.333333333333	0.0	0.444444444444	0.716531310574	0.716531310574	1.55431223448e-10
306	0.333333333333	0.0	0.555555555556	0.716531310574	0.716531310574	1.7763568394e-10
307	0.333333333333	0.0	0.666666666667	0.716531310574	0.716531310574	1.44328993201e-10
308	0.333333333333	0.0	0.777777777778	0.716531310574	0.716531310574	9.99200722163e-11
309	0.333333333333	0.0	0.888888888889	0.716531310574	0.716531310574	1.44328993201e-10
310	0.333333333333	0.0	1.0	0.716531310574	0.716531310574	1.11022302463e-10
311	0.333333333333	0.111111111111	0.0	0.64118038843	0.64118038843	4.4408920985e-11
312	0.333333333333	0.111111111111	0.111111111111	0.64118038843	0.64118038843	2.22044604925e-11
313	0.333333333333	0.111111111111	0.222222222222	0.64118038843	0.64118038843	-2.22044604925e-11
314	0.333333333333	0.111111111111	0.333333333333	0.64118038843	0.64118038843	1.33226762955e-10
315	0.333333333333	0.111111111111	0.444444444444	0.64118038843	0.64118038843	6.66133814775e-11
316	0.333333333333	0.111111111111	0.555555555556	0.64118038843	0.64118038843	8.881784197e-11
317	0.333333333333	0.111111111111	0.666666666667	0.64118038843	0.64118038843	6.66133814775e-11
318	0.333333333333	0.111111111111	0.777777777778	0.64118038843	0.64118038843	2.22044604925e-11
319	0.333333333333	0.111111111111	0.888888888889	0.64118038843	0.64118038843	6.66133814775e-11
320	0.333333333333	0.111111111111	1.0	0.64118038843	0.64118038843	3.33066907388e-11
321	0.333333333333	0.222222222222	0.0	0.573753420737	0.573753420737	1.44328993201e-10
322	0.333333333333	0.222222222222	0.111111111111	0.573753420737	0.573753420737	1.22124532709e-10
323	0.333333333333	0.222222222222	0.222222222222	0.573753420737	0.573753420737	7.77156117238e-11
324	0.333333333333	0.222222222222	0.333333333333	0.573753420737	0.573753420737	2.22044604925e-10
325	0.333333333333	0.222222222222	0.444444444444	0.573753420737	0.573753420737	1.7763568394e-10
326	0.333333333333	0.222222222222	0.555555555556	0.573753420737	0.573753420737	1.88737914186e-10
327	0.333333333333	0.222222222222	0.666666666667	0.573753420737	0.573753420737	1.55431223448e-10
328	0.333333333333	0.222222222222	0.777777777778	0.573753420737	0.573753420737	1.22124532709e-10
329	0.333333333333	0.222222222222	0.888888888889	0.573753420737	0.573753420737	1.55431223448e-10
330	0.333333333333	0.222222222222	1.0	0.573753420737	0.573753420737	1.33226762955e-10
331	0.333333333333	0.333333333333	0.0	0.513417119033	0.513417119033	1.7763568394e-10
332	0.333333333333	0.333333333333	0.111111111111	0.513417119033	0.513417119033	1.55431223448e-10
333	0.333333333333	0.333333333333	0.222222222222	0.513417119033	0.513417119033	1.22124532709e-10
334	0.333333333333	0.333333333333	0.333333333333	0.513417119033	0.513417119033	2.44249065418e-10
335	0.333333333333	0.333333333333	0.444444444444	0.513417119033	0.513417119033	1.99840144433e-10
336	0.333333333333	0.333333333333	0.555555555556	0.513417119033	0.513417119033	2.10942374679e-10
337	0.333333333333	0.333333333333	0.666666666667	0.513417119033	0.513417119033	1.88737914186e-10
338	0.333333333333	0.333333333333	0.777777777778	0.513417119033	0.513417119033	1.55431223448e-10
339	0.333333333333	0.333333333333	0.888888888889	0.513417119033	0.513417119033	1.88737914186e-10
340	0.333333333333	0.333333333333	1.0	0.513417119033	0.513417119033	1.66533453694e-10
341	0.333333333333	0.444444444444	0.0	0.459425824036	0.459425824036	1.33226762955e-10
342	0.333333333333	0.444444444444	0.111111111111	0.459425824036	0.459425824036	1.16573417586e-10
343	0.333333333333	0.444444444444	0.222222222222	0.459425824036	0.459425824036	8.881784197e-11
344	0.333333333333	0.444444444444	0.333333333333	0.459425824036	0.459425824036	1.99840144433e-10
345	0.333333333333	0.444444444444	0.444444444444	0.459425824036	0.459425824036	1.55431223448e-10
346	0.333333333333	0.444444444444	0.555555555556	0.459425824036	0.459425824036	1.66533453694e-10
347	0.333333333333	0.444444444444	0.666666666667	0.459425824036	0.459425824036	1.49880108324e-10
348	0.333333333333	0.444444444444	0.777777777778	0.459425824036	0.459425824036	1.16573417586e-10
349	0.333333333333	0.444444444444	0.888888888889	0.459425824036	0.459425824036	1.49880108324e-10
350	0.333333333333	0.444444444444	1.0	0.459425824036	0.459425824036	1.27675647832e-10
351	0.333333333333	0.555555555556	0.0	0.411112290507	0.411112290507	1.11022302463e-10
352	0.333333333333	0.555555555556	0.111111111111	0.411112290507	0.411112290507	9.43689570931e-11
353	0.333333333333	0.555555555556	0.222222222222	0.411112290507	0.411112290507	6.10622663544e-11
354	0.333333333333	0.555555555556	0.333333333333	0.411112290507	0.411112290507	1.66533453694e-10
355	0.333333333333	0.555555555556	0.444444444444	0.411112290507	0.411112290507	1.27675647832e-10
356	0.333333333333	0.555555555556	0.555555555556	0.411112290507	0.411112290507	1.38777878078e-10
357	0.333333333333	0.555555555556	0.666666666667	0.411112290507	0.411112290507	1.16573417586e-10
358	0.333333333333	0.555555555556	0.777777777778	0.411112290507	0.411112290507	9.43689570931e-11
359	0.333333333333	0.555555555556	0.888888888889	0.411112290507	0.411112290507	1.16573417586e-10
360	0.333333333333	0.555555555556	1.0	0.411112290507	0.411112290507	9.99200722163e-11
361	0.333333333333	0.666666666667	0.0	0.367879441171	0.367879441171	1.33226762955e-10
362	0.333333333333	0.666666666667	0.111111111111	0.367879441171	0.367879441171	1.22124532709e-10
363	0.333333333333	0.666666666667	0.222222222222	0.367879441171	0.367879441171	9.43689570931e-11
364	0.333333333333	0.666666666667	0.333333333333	0.367879441171	0.367879441171	1.83186799063e-10
365	0.333333333333	0.666666666667	0.444444444444	0.367879441171	0.367879441171	1.49880108324e-10
366	0.333333333333	0.666666666667	0.555555555556	0.367879441171	0.367879441171	1.60982338571e-10
367	0.333333333333	0.666666666667	0.666666666667	0.367879441171	0.367879441171	1.44328993201e-10
368	0.333333333333	0.666666666667	0.777777777778	0.367879441171	0.367879441171	1.22124532709e-10
369	0.333333333333	0.666666666667	0.888888888889	0.367879441171	0.367879441171	1.44328993201e-10
370	0.333333333333	0.666666666667	1.0	0.367879441171	0.367879441171	1.27675647832e-10
371	0.333333333333	0.777777777778	0.0	0.329192987808	0.329192987808	1.11022302463e-10
372	0.333333333333	0.777777777778	0.111111111111	0.329192987808	0.329192987808	9.43689570931e-11
373	0.333333333333	0.777777777778	0.222222222222	0.329192987808	0.329192987808	7.21644966006e-11
374	0.333333333333	0.777777777778	0.333333333333	0.329192987808	0.329192987808	1.49880108324e-10
375	0.333333333333	0.777777777778	0.444444444444	0.329192987808	0.329192987808	1.22124532709e-10
376	0.333333333333	0.777777777778	0.555555555556	0.329192987808	0.329192987808	1.27675647832e-10
377	0.333333333333	0.777777777778	0.666666666667	0.329192987808	0.329192987808	1.16573417586e-10
378	0.333333333333	0.777777777778	0.777777777778	0.329192987808	0.329192987808	9.43689570931e-11
379	0.333333333333	0.777777777778	0.888888888889	0.329192987808	0.329192987808	1.16573417586e-10
380	0.333333333333	0.777777777778	1.0	0.329192987808	0.329192987808	9.99200722163e-11
381	0.333333333333	0.888888888889	0.0	0.29457482831	0.29457482831	9.99200722163e-11
382	0.333333333333	0.888888888889	0.111111111111	0.29457482831	0.29457482831	8.32667268469e-11
383	0.333333333333	0.888888888889	0.222222222222	0.29457482831	0.29457482831	6.66133814775e-11
384	0.333333333333	0.888888888889	0.333333333333	0.29457482831	0.29457482831	1.38777878078e-10
385	0.333333333333	0.888888888889	0.444444444444	0.29457482831	0.29457482831	1.11022302463e-10
386	0.333333333333	0.888888888889	0.555555555556	0.29457482831	0.29457482831	1.16573417586e-10
387	0.333333333333	0.888888888889	0.666666666667	0.29457482831	0.29457482831	1.05471187339e-10
388	0.333333333333	0.888888888889	0.777777777778	0.29457482831	0.29457482831	8.32667268469e-11
389	0.333333333333	0.888888888889	0.888888888889	0.29457482831	0.29457482831	1.05471187339e-10
390	0.333333333333	0.888888888889	1.0	0.29457482831	0.29457482831	8.881784197e-11
391	0.333333333333	1.0	0.0	0.263597138116	0.263597138116	7.21644966006e-11
392	0.333333333333	1.0	0.111111111111	0.263597138116	0.263597138116	6.66133814775e-11
393	0.333333333333	1.0	0.222222222222	0.263597138116	0.263597138116	4.99600361081e-11
394	0.333333333333	1.0	0.333333333333	0.263597138116	0.263597138116	1.11022302463e-10
395	0.333333333333	1.0	0.444444444444	0.263597138116	0.263597138116	8.881784197e-11
396	0.333333333333	1.0	0.555555555556	0.263597138116	0.263597138116	9.43689570931e-11
397	0.333333333333	1.0	0.666666666667	0.263597138116	0.263597138116	8.32667268469e-11
398	0.333333333333	1.0	0.777777777778	0.263597138116	0.263597138116	6.66133814775e-11
399	0.333333333333	1.0	0.888888888889	0.263597138116	0.263597138116	8.32667268469e-11
400	0.333333333333	1.0	1.0	0.263597138116	0.263597138116	7.21644966006e-11
401	0.444444444444	0.0	0.0	0.64118038843	0.64118038843	6.66133814775e-11
402	0.444444444444	0.0	0.111111111111	0.64118038843	0.64118038843	4.4408920985e-11
403	0.444444444444	0.0	0.222222222222	0.64118038843	0.64118038843	0.0
404	0.444444444444	0.0	0.333333333333	0.64118038843	0.64118038843	1.55431223448e-10
405	0.444444444444	0.0	0.444444444444	0.64118038843	0.64118038843	9.99200722163e-11
406	0.444444444444	0.0	0.555555555556	0.64118038843	0.64118038843	1.11022302463e-10
407	0.444444444444	0.0	0.666666666667	0.64118038843	0.64118038843	8.881784197e-11
408	0.444444444444	0.0	0.777777777778	0.64118038843	0.64118038843	4.4408920985e-11
409	0.444444444444	0.0	0.888888888889	0.64118038843	0.64118038843	8.881784197e-11
410	0.444444444444	0.0	1.0	0.64118038843	0.64118038843	5.55111512313e-11
411	0.444444444444	0.111111111111	0.0	0.573753420737	0.573753420737	2.22044604925e-11
412	0.444444444444	0.111111111111	0.111111111111	0.573753420737	0.573753420737	-1.11022302463e-11
413	0.444444444444	0.111111111111	0.222222222222	0.573753420737	0.573753420737	-4.4408920985e-11
414	0.444444444444	0.111111111111	0.333333333333	0.573753420737	0.573753420737	8.881784197e-11
415	0.444444444444	0.111111111111	0.444444444444	0.573753420737	0.573753420737	4.4408920985e-11
416	0.444444444444	0.111111111111	0.555555555556	0.573753420737	0.573753420737	6.66133814775e-11
417	0.444444444444	0.111111111111	0.666666666667	0.573753420737	0.573753420737	3.33066907388e-11
418	0.444444444444	0.111111111111	0.777777777778	0.573753420737	0.573753420737	-1.11022302463e-11
419	0.444444444444	0.111111111111	0.888888888889	0.573753420737	0.573753420737	3.33066907388e-11
420	0.444444444444	0.111111111111	1.0	0.573753420737	0.573753420737	1.11022302463e-11
421	0.444444444444	0.222222222222	0.0	0.513417119033	0.513417119033	9.99200722163e-11
422	0.444444444444	0.222222222222	0.111111111111	0.513417119033	0.513417119033	7.77156117238e-11
423	0.444444444444	0.222222222222	0.222222222222	0.513417119033	0.513417119033	4.4408920985e-11
424	0.444444444444	0.222222222222	0.333333333333	0.513417119033	0.513417119033	1.66533453694e-10
425	0.444444444444	0.222222222222	0.444444444444	0.513417119033	0.513417119033	1.22124532709e-10
426	0.444444444444	0.222222222222	0.555555555556	0.513417119033	0.513417119033	1.33226762955e-10
427	0.444444444444	0.222222222222	0.666666666667	0.513417119033	0.513417119033	1.11022302463e-10
428	0.444444444444	0.222222222222	0.777777777778	0.513417119033	0.513417119033	7.77156117238e-11
429	0.444444444444	0.222222222222	0.888888888889	0.513417119033	0.513417119033	1.11022302463e-10
430	0.444444444444	0.222222222222	1.0	0.513417119033	0.513417119033	8.881784197e-11
431	0.444444444444	0.333333333333	0.0	0.459425824036	0.459425824036	1.27675647832e-10
432	0.444444444444	0.333333333333	0.111111111111	0.459425824036	0.459425824036	1.11022302463e-10
433	0.444444444444	0.333333333333	0.222222222222	0.459425824036	0.459425824036	7.77156117238e-11
434	0.444444444444	0.333333333333	0.333333333333	0.459425824036	0.459425824036	1.88737914186e-10
435	0.444444444444	0.333333333333	0.444444444444	0.459425824036	0.459425824036	1.49880108324e-10
436	0.444444444444	0.333333333333	0.555555555556	0.459425824036	0.459425824036	1.55431223448e-10
437	0.444444444444	0.333333333333	0.666666666667	0.459425824036	0.459425824036	1.44328993201e-10
438	0.444444444444	0.333333333333	0.777777777778	0.459425824036	0.459425824036	1.11022302463e-10
439	0.444444444444	0.333333333333	0.888888888889	0.459425824036	0.459425824036	1.44328993201e-10
440	0.444444444444	0.333333333333	1.0	0.459425824036	0.459425824036	1.16573417586e-10
441	0.444444444444	0.444444444444	0.0	0.411112290507	0.411112290507	9.99200722163e-11
442	0.444444444444	0.444444444444	0.111111111111	0.411112290507	0.411112290507	8.32667268469e-11
443	0.444444444444	0.444444444444	0.222222222222	0.411112290507	0.411112290507	5.55111512313e-11
444	0.444444444444	0.444444444444	0.333333333333	0.411112290507	0.411112290507	1.55431223448e-10
445	0.444444444444	0.444444444444	0.444444444444	0.411112290507	0.411112290507	1.16573417586e-10
446	0.444444444444	0.444444444444	0.555555555556	0.411112290507	0.411112290507	1.33226762955e-10
447	0.444444444444	0.444444444444	0.666666666667	0.411112290507	0.411112290507	1.11022302463e-10
448	0.444444444444	0.444444444444	0.777777777778	0.411112290507	0.411112290507	8.32667268469e-11
449	0.444444444444	0.444444444444	0.888888888889	0.411112290507	0.411112290507	1.11022302463e-10
450	0.444444444444	0.444444444444	1.0	0.411112290507	0.411112290507	9.43689570931e-11
451	0.444444444444	0.555555555556	0.0	0.367879441171	0.367879441171	7.21644966006e-11
452	0.444444444444	0.555555555556	0.111111111111	0.367879441171	0.367879441171	5.55111512313e-11
453	0.444444444444	0.555555555556	0.222222222222	0.367879441171	0.367879441171	3.33066907388e-11
454	0.444444444444	0.555555555556	0.333333333333	0.367879441171	0.367879441171	1.22124532709e-10
455	0.444444444444	0.555555555556	0.444444444444	0.367879441171	0.367879441171	8.881784197e-11
456	0.444444444444	0.555555555556	0.555555555556	0.367879441171	0.367879441171	9.43689570931e-11
457	0.444444444444	0.555555555556	0.666666666667	0.367879441171	0.367879441171	8.32667268469e-11
458	0.444444444444	0.555555555556	0.777777777778	0.367879441171	0.367879441171	5.55111512313e-11
459	0.444444444444	0.555555555556	0.888888888889	0.367879441171	0.367879441171	8.32667268469e-11
460	0.444444444444	0.555555555556	1.0	0.367879441171	0.367879441171	6.66133814775e-11
461	0.444444444444	0.666666666667	0.0	0.329192987808	0.329192987808	1.05471187339e-10
462	0.444444444444	0.666666666667	0.111111111111	0.329192987808	0.329192987808	8.881784197e-11
463	0.444444444444	0.666666666667	0.222222222222	0.329192987808	0.329192987808	7.21644966006e-11
464	0.444444444444	0.666666666667	0.333333333333	0.329192987808	0.329192987808	1.49880108324e-10
465	0.444444444444	0.666666666667	0.444444444444	0.329192987808	0.329192987808	1.22124532709e-10
466	0.444444444444	0.666666666667	0.555555555556	0.329192987808	0.329192987808	1.27675647832e-10
467	0.444444444444	0.666666666667	0.666666666667	0.329192987808	0.329192987808	1.16573417586e-10
468	0.444444444444	0.666666666667	0.777777777778	0.329192987808	0.329192987808	8.881784197e-11
469	0.444444444444	0.666666666667	0.888888888889	0.329192987808	0.329192987808	1.16573417586e-10
470	0.444444444444	0.666666666667	1.0	0.329192987808	0.329192987808	9.99200722163e-11
471	0.444444444444	0.777777777778	0.0	0.29457482831	0.29457482831	7.77156117238e-11
472	0.444444444444	0.777777777778	0.111111111111	0.29457482831	0.29457482831	6.66133814775e-11
473	0.444444444444	0.777777777778	0.222222222222	0.29457482831	0.29457482831	4.4408920985e-11
474	0.444444444444	0.777777777778	0.333333333333	0.29457482831	0.29457482831	1.16573417586e-10
475	0.444444444444	0.777777777778	0.444444444444	0.29457482831	0.29457482831	8.881784197e-11
476	0.444444444444	0.777777777778	0.555555555556	0.29457482831	0.29457482831	9.99200722163e-11
477	0.444444444444	0.777777777778	0.666666666667	0.29457482831	0.29457482831	8.32667268469e-11
478	0.444444444444	0.777777777778	0.777777777778	0.29457482831	0.29457482831	6.66133814775e-11
479	0.444444444444	0.777777777778	0.888888888889	0.29457482831	0.29457482831	8.32667268469e-11
480	0.444444444444	0.777777777778	1.0	0.29457482831	0.29457482831	7.21644966006e-11
481	0.444444444444	0.888888888889	0.0	0.263597138116	0.263597138116	7.21644966006e-11
482	0.444444444444	0.888888888889	0.111111111111	0.263597138116	0.263597138116	6.66133814775e-11
483	0.444444444444	0.888888888889	0.222222222222	0.263597138116	0.263597138116	4.99600361081e-11
484	0.444444444444	0.888888888889	0.333333333333	0.263597138116	0.263597138116	1.11022302463e-10
485	0.444444444444	0.888888888889	0.444444444444	0.263597138116	0.263597138116	8.881784197e-11
486	0.444444444444	0.888888888889	0.555555555556	0.263597138116	0.263597138116	9.43689570931e-11
487	0.444444444444	0.888888888889	0.666666666667	0.263597138116	0.263597138116	8.32667268469e-11
488	0.444444444444	0.888888888889	0.777777777778	0.263597138116	0.263597138116	6.66133814775e-11
489	0.444444444444	0.888888888889	0.888888888889	0.263597138116	0.263597138116	8.32667268469e-11
490	0.444444444444	0.888888888889	1.0	0.263597138116	0.263597138116	7.21644966006e-11
491	0.444444444444	1.0	0.0	0.235877082986	0.235877082986	5.27355936697e-11
492	0.444444444444	1.0	0.111111111111	0.235877082986	0.235877082986	4.71844785466e-11
493	0.444444444444	1.0	0.222222222222	0.235877082986	0.235877082986	3.05311331772e-11
494	0.444444444444	1.0	0.333333333333	0.235877082986	0.235877082986	8.60422844084e-11
495	0.444444444444	1.0	0.444444444444	0.235877082986	0.235877082986	6.66133814775e-11
496	0.444444444444	1.0	0.555555555556	0.235877082986	0.235877082986	6.93889390391e-11
497	0.444444444444	1.0	0.666666666667	0.235877082986	0.235877082986	6.10622663544e-11
498	0.444444444444	1.0	0.777777777778	0.235877082986	0.235877082986	4.71844785466e-11
499	0.444444444444	1.0	0.888888888889	0.235877082986	0.235877082986	6.10622663544e-11
500	0.444444444444	1.0	1.0	0.235877082986	0.235877082986	4.99600361081e-11
501	0.555555555556	0.0	0.0	0.573753420737	0.573753420737	5.55111512313e-11
502	0.555555555556	0.0	0.111111111111	0.573753420737	0.573753420737	2.22044604925e-11
503	0.555555555556	0.0	0.222222222222	0.573753420737	0.573753420737	-1.11022302463e-11
504	0.555555555556	0.0	0.333333333333	0.573753420737	0.573753420737	1.22124532709e-10
505	0.555555555556	0.0	0.444444444444	0.573753420737	0.573753420737	7.77156117238e-11
506	0.555555555556	0.0	0.555555555556	0.573753420737	0.573753420737	8.881784197e-11
507	0.555555555556	0.0	0.666666666667	0.573753420737	0.573753420737	6.66133814775e-11
508	0.555555555556	0.0	0.777777777778	0.573753420737	0.573753420737	2.22044604925e-11
509	0.555555555556	0.0	0.888888888889	0.573753420737	0.573753420737	6.66133814775e-11
510	0.555555555556	0.0	1.0	0.573753420737	0.573753420737	4.4408920985e-11
511	0.555555555556	0.111111111111	0.0	0.513417119033	0.513417119033	-1.11022302463e-11
512	0.555555555556	0.111111111111	0.111111111111	0.513417119033	0.513417119033	-3.33066907388e-11
513	0.555555555556	0.111111111111	0.222222222222	0.513417119033	0.513417119033	-6.66133814775e-11
514	0.555555555556	0.111111111111	0.333333333333	0.513417119033	0.513417119033	5.55111512313e-11
515	0.555555555556	0.111111111111	0.444444444444	0.513417119033	0.513417119033	1.11022302463e-11
516	0.555555555556	0.111111111111	0.555555555556	0.513417119033	0.513417119033	2.22044604925e-11
517	0.555555555556	0.111111111111	0.666666666667	0.513417119033	0.513417119033	0.0
518	0.555555555556	0.111111111111	0.777777777778	0.513417119033	0.513417119033	-3.33066907388e-11
519	0.555555555556	0.111111111111	0.888888888889	0.513417119033	0.513417119033	0.0
520	0.555555555556	0.111111111111	1.0	0.513417119033	0.513417119033	-2.22044604925e-11
521	0.555555555556	0.222222222222	0.0	0.459425824036	0.459425824036	6.10622663544e-11
522	0.555555555556	0.222222222222	0.111111111111	0.459425824036	0.459425824036	4.99600361081e-11
523	0.555555555556	0.222222222222	0.222222222222	0.459425824036	0.459425824036	1.66533453694e-11
524	0.555555555556	0.222222222222	0.333333333333	0.459425824036	0.459425824036	1.27675647832e-10
525	0.555555555556	0.222222222222	0.444444444444	0.459425824036	0.459425824036	8.881784197e-11
526	0.555555555556	0.222222222222	0.555555555556	0.459425824036	0.459425824036	9.43689570931e-11
527	0.555555555556	0.222222222222	0.666666666667	0.459425824036	0.459425824036	7.77156117238e-11
528	0.555555555556	0.222222222222	0.777777777778	0.459425824036	0.459425824036	4.99600361081e-11
529	0.555555555556	0.222222222222	0.888888888889	0.459425824036	0.459425824036	7.77156117238e-11
530	0.555555555556	0.222222222222	1.0	0.459425824036	0.459425824036	5.55111512313e-11
531	0.555555555556	0.333333333333	0.0	0.411112290507	0.411112290507	9.99200722163e-11
532	0.555555555556	0.333333333333	0.111111111111	0.411112290507	0.411112290507	8.32667268469e-11
533	0.555555555556	0.333333333333	0.222222222222	0.411112290507	0.411112290507	5.55111512313e-11
534	0.555555555556	0.333333333333	0.333333333333	0.411112290507	0.411112290507	1.55431223448e-10
535	0.555555555556	0.333333333333	0.444444444444	0.411112290507	0.411112290507	1.16573417586e-10
536	0.555555555556	0.333333333333	0.555555555556	0.411112290507	0.411112290507	1.33226762955e-10
537	0.555555555556	0.333333333333	0.666666666667	0.411112290507	0.411112290507	1.11022302463e-10
538	0.555555555556	0.333333333333	0.777777777778	0.411112290507	0.411112290507	8.32667268469e-11
539	0.555555555556	0.333333333333	0.888888888889	0.411112290507	0.411112290507	1.11022302463e-10
540	0.555555555556	0.333333333333	1.0	0.411112290507	0.411112290507	9.43689570931e-11
541	0.555555555556	0.444444444444	0.0	0.367879441171	0.367879441171	7.21644966006e-11
542	0.555555555556	0.444444444444	0.111111111111	0.367879441171	0.367879441171	5.55111512313e-11
543	0.555555555556	0.444444444444	0.222222222222	0.367879441171	0.367879441171	3.33066907388e-11
544	0.555555555556	0.444444444444	0.333333333333	0.367879441171	0.367879441171	1.22124532709e-10
545	0.555555555556	0.444444444444	0.444444444444	0.367879441171	0.367879441171	8.881784197e-11
546	0.555555555556	0.444444444444	0.555555555556	0.367879441171	0.367879441171	9.43689570931e-11
547	0.555555555556	0.444444444444	0.666666666667	0.367879441171	0.367879441171	8.32667268469e-11
548	0.555555555556	0.444444444444	0.777777777778	0.367879441171	0.367879441171	5.55111512313e-11
549	0.555555555556	0.444444444444	0.888888888889	0.367879441171	0.367879441171	8.32667268469e-11
550	0.555555555556	0.444444444444	1.0	0.367879441171	0.367879441171	6.66133814775e-11
551	0.555555555556	0.555555555556	0.0	0.329192987808	0.329192987808	5.55111512313e-11
552	0.555555555556	0.555555555556	0.111111111111	0.329192987808	0.329192987808	3.88578058619e-11
553	0.555555555556	0.555555555556	0.222222222222	0.329192987808	0.329192987808	2.22044604925e-11
554	0.555555555556	0.555555555556	0.333333333333	0.329192987808	0.329192987808	9.99200722163e-11
555	0.555555555556	0.555555555556	0.444444444444	0.329192987808	0.329192987808	7.21644966006e-11
556	0.555555555556	0.555555555556	0.555555555556	0.329192987808	0.329192987808	7.77156117238e-11
557	0.555555555556	0.555555555556	0.666666666667	0.329192987808	0.329192987808	6.10622663544e-11
558	0.555555555556	0.555555555556	0.777777777778	0.329192987808	0.329192987808	3.88578058619e-11
559	0.555555555556	0.555555555556	0.888888888889	0.329192987808	0.329192987808	6.10622663544e-11
560	0.555555555556	0.555555555556	1.0	0.329192987808	0.329192987808	4.99600361081e-11
561	0.555555555556	0.666666666667	0.0	0.29457482831	0.29457482831	8.881784197e-11
562	0.555555555556	0.666666666667	0.111111111111	0.29457482831	0.29457482831	7.21644966006e-11
563	0.555555555556	0.666666666667	0.222222222222	0.29457482831	0.29457482831	4.99600361081e-11
564	0.555555555556	0.666666666667	0.333333333333	0.29457482831	0.29457482831	1.27675647832e-10
565	0.555555555556	0.666666666667	0.444444444444	0.29457482831	0.29457482831	9.99200722163e-11
566	0.555555555556	0.666666666667	0.555555555556	0.29457482831	0.29457482831	1.05471187339e-10
567	0.555555555556	0.666666666667	0.666666666667	0.29457482831	0.29457482831	8.881784197e-11
568	0.555555555556	0.666666666667	0.777777777778	0.29457482831	0.29457482831	7.21644966006e-11
569	0.555555555556	0.666666666667	0.888888888889	0.29457482831	0.29457482831	8.881784197e-11
570	0.555555555556	0.666666666667	1.0	0.29457482831	0.29457482831	7.77156117238e-11
571	0.555555555556	0.777777777778	0.0	0.263597138116	0.263597138116	6.10622663544e-11
572	0.555555555556	0.777777777778	0.111111111111	0.263597138116	0.263597138116	4.99600361081e-11
573	0.555555555556	0.777777777778	0.222222222222	0.263597138116	0.263597138116	3.33066907388e-11
574	0.555555555556	0.777777777778	0.333333333333	0.263597138116	0.263597138116	9.43689570931e-11
575	0.555555555556	0.777777777778	0.444444444444	0.263597138116	0.263597138116	7.21644966006e-11
576	0.555555555556	0.777777777778	0.555555555556	0.263597138116	0.263597138116	7.77156117238e-11
577	0.555555555556	0.777777777778	0.666666666667	0.263597138116	0.263597138116	6.66133814775e-11
578	0.555555555556	0.777777777778	0.777777777778	0.263597138116	0.263597138116	4.99600361081e-11
579	0.555555555556	0.777777777778	0.888888888889	0.263597138116	0.263597138116	6.66133814775e-11
580	0.555555555556	0.777777777778	1.0	0.263597138116	0.263597138116	5.55111512313e-11
581	0.555555555556	0.888888888889	0.0	0.235877082986	0.235877082986	5.82867087928e-11
582	0.555555555556	0.888888888889	0.111111111111	0.235877082986	0.235877082986	4.99600361081e-11
583	0.555555555556	0.888888888889	0.222222222222	0.235877082986	0.235877082986	3.33066907388e-11
584	0.555555555556	0.888888888889	0.333333333333	0.235877082986	0.235877082986	8.881784197e-11
585	0.555555555556	0.888888888889	0.444444444444	0.235877082986	0.235877082986	6.93889390391e-11
586	0.555555555556	0.888888888889	0.555555555556	0.235877082986	0.235877082986	7.21644966006e-11
587	0.555555555556	0.888888888889	0.666666666667	0.235877082986	0.235877082986	6.66133814775e-11
588	0.555555555556	0.888888888889	0.777777777778	0.235877082986	0.235877082986	4.99600361081e-11
589	0.555555555556	0.888888888889	0.888888888889	0.235877082986	0.235877082986	6.66133814775e-11
590	0.555555555556	0.888888888889	1.0	0.235877082986	0.235877082986	5.27355936697e-11
591	0.555555555556	1.0	0.0	0.211072087791	0.211072087791	3.88578058619e-11
592	0.555555555556	1.0	0.111111111111	0.211072087791	0.211072087791	3.05311331772e-11
593	0.555555555556	1.0	0.222222222222	0.211072087791	0.211072087791	1.66533453694e-11
594	0.555555555556	1.0	0.333333333333	0.211072087791	0.211072087791	6.66133814775e-11
595	0.555555555556	1.0	0.444444444444	0.211072087791	0.211072087791	4.99600361081e-11
596	0.555555555556	1.0	0.555555555556	0.211072087791	0.211072087791	5.55111512313e-11
597	0.555555555556	1.0	0.666666666667	0.211072087791	0.211072087791	4.4408920985e-11
598	0.555555555556	1.0	0.777777777778	0.211072087791	0.211072087791	3.05311331772e-11
599	0.555555555556	1.0	0.888888888889	0.211072087791	0.211072087791	4.4408920985e-11
600	0.555555555556	1.0	1.0	0.211072087791	0.211072087791	3.60822483003e-11
601	0.666666666667	0.0	0.0	0.513417119033	0.513417119033	9.99200722163e-11
602	0.666666666667	0.0	0.111111111111	0.513417119033	0.513417119033	8.881784197e-11
603	0.666666666667	0.0	0.222222222222	0.513417119033	0.513417119033	4.4408920985e-11
604	0.666666666667	0.0	0.333333333333	0.513417119033	0.513417119033	1.7763568394e-10
605	0.666666666667	0.0	0.444444444444	0.513417119033	0.513417119033	1.22124532709e-10
606	0.666666666667	0.0	0.555555555556	0.513417119033	0.513417119033	1.44328993201e-10
607	0.666666666667	0.0	0.666666666667	0.513417119033	0.513417119033	1.22124532709e-10
608	0.666666666667	0.0	0.777777777778	0.513417119033	0.513417119033	8.881784197e-11
609	0.666666666667	0.0	0.888888888889	0.513417119033	0.513417119033	1.22124532709e-10
610	0.666666666667	0.0	1.0	0.513417119033	0.513417119033	9.99200722163e-11
611	0.666666666667	0.111111111111	0.0	0.459425824036	0.459425824036	3.88578058619e-11
612	0.666666666667	0.111111111111	0.111111111111	0.459425824036	0.459425824036	2.22044604925e-11
613	0.666666666667	0.111111111111	0.222222222222	0.459425824036	0.459425824036	-5.55111512313e-12
614	0.666666666667	0.111111111111	0.333333333333	0.459425824036	0.459425824036	1.05471187339e-10
615	0.666666666667	0.111111111111	0.444444444444	0.459425824036	0.459425824036	6.10622663544e-11
616	0.666666666667	0.111111111111	0.555555555556	0.459425824036	0.459425824036	7.21644966006e-11
617	0.666666666667	0.111111111111	0.666666666667	0.459425824036	0.459425824036	5.55111512313e-11
618	0.666666666667	0.111111111111	0.777777777778	0.459425824036	0.459425824036	2.22044604925e-11
619	0.666666666667	0.111111111111	0.888888888889	0.459425824036	0.459425824036	5.55111512313e-11
620	0.666666666667	0.111111111111	1.0	0.459425824036	0.459425824036	3.33066907388e-11
621	0.666666666667	0.222222222222	0.0	0.411112290507	0.411112290507	1.11022302463e-10
622	0.666666666667	0.222222222222	0.111111111111	0.411112290507	0.411112290507	9.43689570931e-11
623	0.666666666667	0.222222222222	0.222222222222	0.411112290507	0.411112290507	6.10622663544e-11
624	0.666666666667	0.222222222222	0.333333333333	0.411112290507	0.411112290507	1.66533453694e-10
625	0.666666666667	0.222222222222	0.444444444444	0.411112290507	0.411112290507	1.27675647832e-10
626	0.666666666667	0.222222222222	0.555555555556	0.411112290507	0.411112290507	1.38777878078e-10
627	0.666666666667	0.222222222222	0.666666666667	0.411112290507	0.411112290507	1.16573417586e-10
628	0.666666666667	0.222222222222	0.777777777778	0.411112290507	0.411112290507	9.43689570931e-11
629	0.666666666667	0.222222222222	0.888888888889	0.411112290507	0.411112290507	1.16573417586e-10
630	0.666666666667	0.222222222222	1.0	0.411112290507	0.411112290507	9.99200722163e-11
631	0.666666666667	0.333333333333	0.0	0.367879441171	0.367879441171	1.33226762955e-10
632	0.666666666667	0.333333333333	0.111111111111	0.367879441171	0.367879441171	1.22124532709e-10
633	0.666666666667	0.333333333333	0.222222222222	0.367879441171	0.367879441171	9.43689570931e-11
634	0.666666666667	0.333333333333	0.333333333333	0.367879441171	0.367879441171	1.83186799063e-10
635	0.666666666667	0.333333333333	0.444444444444	0.367879441171	0.367879441171	1.49880108324e-10
636	0.666666666667	0.333333333333	0.555555555556	0.367879441171	0.367879441171	1.60982338571e-10
637	0.666666666667	0.333333333333	0.666666666667	0.367879441171	0.367879441171	1.44328993201e-10
638	0.666666666667	0.333333333333	0.777777777778	0.367879441171	0.367879441171	1.22124532709e-10
639	0.666666666667	0.333333333333	0.888888888889	0.367879441171	0.367879441171	1.44328993201e-10
640	0.666666666667	0.333333333333	1.0	0.367879441171	0.367879441171	1.27675647832e-10
641	0.666666666667	0.444444444444	0.0	0.329192987808	0.329192987808	1.11022302463e-10
642	0.666666666667	0.444444444444	0.111111111111	0.329192987808	0.329192987808	9.43689570931e-11
643	0.666666666667	0.444444444444	0.222222222222	0.329192987808	0.329192987808	7.77156117238e-11
644	0.666666666667	0.444444444444	0.333333333333	0.329192987808	0.329192987808	1.55431223448e-10
645	0.666666666667	0.444444444444	0.444444444444	0.329192987808	0.329192987808	1.27675647832e-10
646	0.666666666667	0.444444444444	0.555555555556	0.329192987808	0.329192987808	1.27675647832e-10
647	0.666666666667	0.444444444444	0.666666666667	0.329192987808	0.329192987808	1.16573417586e-10
648	0.666666666667	0.444444444444	0.777777777778	0.329192987808	0.329192987808	9.43689570931e-11
649	0.666666666667	0.444444444444	0.888888888889	0.329192987808	0.329192987808	1.16573417586e-10
650	0.666666666667	0.444444444444	1.0	0.329192987808	0.329192987808	9.99200722163e-11
651	0.666666666667	0.555555555556	0.0	0.29457482831	0.29457482831	8.881784197e-11
652	0.666666666667	0.555555555556	0.111111111111	0.29457482831	0.29457482831	7.77156117238e-11
653	0.666666666667	0.555555555556	0.222222222222	0.29457482831	0.29457482831	5.55111512313e-11
654	0.666666666667	0.555555555556	0.333333333333	0.29457482831	0.29457482831	1.27675647832e-10
655	0.666666666667	0.555555555556	0.444444444444	0.29457482831	0.29457482831	9.99200722163e-11
656	0.666666666667	0.555555555556	0.555555555556	0.29457482831	0.29457482831	1.11022302463e-10
657	0.666666666667	0.555555555556	0.666666666667	0.29457482831	0.29457482831	9.43689570931e-11
658	0.666666666667	0.555555555556	0.777777777778	0.29457482831	0.29457482831	7.77156117238e-11
659	0.666666666667	0.555555555556	0.888888888889	0.29457482831	0.29457482831	9.43689570931e-11
660	0.666666666667	0.555555555556	1.0	0.29457482831	0.29457482831	8.32667268469e-11
661	0.666666666667	0.666666666667	0.0	0.263597138116	0.263597138116	1.05471187339e-10
662	0.666666666667	0.666666666667	0.111111111111	0.263597138116	0.263597138116	9.99200722163e-11
663	0.666666666667	0.666666666667	0.222222222222	0.263597138116	0.263597138116	7.77156117238e-11
664	0.666666666667	0.666666666667	0.333333333333	0.263597138116	0.263597138116	1.38777878078e-10
665	0.666666666667	0.666666666667	0.444444444444	0.263597138116	0.263597138116	1.16573417586e-10
666	0.666666666667	0.666666666667	0.555555555556	0.263597138116	0.263597138116	1.27675647832e-10
667	0.666666666667	0.666666666667	0.666666666667	0.263597138116	0.263597138116	1.16573417586e-10
668	0.666666666667	0.666666666667	0.777777777778	0.263597138116	0.263597138116	9.99200722163e-11
669	0.666666666667	0.666666666667	0.888888888889	0.263597138116	0.263597138116	1.16573417586e-10
670	0.666666666667	0.666666666667	1.0	0.263597138116	0.263597138116	9.99200722163e-11
671	0.666666666667	0.777777777778	0.0	0.235877082986	0.235877082986	8.04911692853e-11
672	0.666666666667	0.777777777778	0.111111111111	0.235877082986	0.235877082986	7.21644966006e-11
673	0.666666666667	0.777777777778	0.222222222222	0.235877082986	0.235877082986	5.55111512313e-11
674	0.666666666667	0.777777777778	0.333333333333	0.235877082986	0.235877082986	1.11022302463e-10
675	0.666666666667	0.777777777778	0.444444444444	0.235877082986	0.235877082986	9.15933995316e-11
676	0.666666666667	0.777777777778	0.555555555556	0.235877082986	0.235877082986	9.43689570931e-11
677	0.666666666667	0.777777777778	0.666666666667	0.235877082986	0.235877082986	8.881784197e-11
678	0.666666666667	0.777777777778	0.777777777778	0.235877082986	0.235877082986	7.21644966006e-11
679	0.666666666667	0.777777777778	0.888888888889	0.235877082986	0.235877082986	8.881784197e-11
680	0.666666666667	0.777777777778	1.0	0.235877082986	0.235877082986	7.49400541622e-11
681	0.666666666667	0.888888888889	0.0	0.211072087791	0.211072087791	7.49400541622e-11
682	0.666666666667	0.888888888889	0.111111111111	0.211072087791	0.211072087791	6.93889390391e-11
683	0.666666666667	0.888888888889	0.222222222222	0.211072087791	0.211072087791	5.27355936697e-11
684	0.666666666667	0.888888888889	0.333333333333	0.211072087791	0.211072087791	1.02695629778e-10
685	0.666666666667	0.888888888889	0.444444444444	0.211072087791	0.211072087791	8.881784197e-11
686	0.666666666667	0.888888888889	0.555555555556	0.211072087791	0.211072087791	9.15933995316e-11
687	0.666666666667	0.888888888889	0.666666666667	0.211072087791	0.211072087791	8.04911692853e-11
688	0.666666666667	0.888888888889	0.777777777778	0.211072087791	0.211072087791	6.93889390391e-11
689	0.666666666667	0.888888888889	0.888888888889	0.211072087791	0.211072087791	8.04911692853e-11
690	0.666666666667	0.888888888889	1.0	0.211072087791	0.211072087791	7.21644966006e-11
691	0.666666666667	1.0	0.0	0.188875602838	0.188875602838	5.55111512313e-11
692	0.666666666667	1.0	0.111111111111	0.188875602838	0.188875602838	4.99600361081e-11
693	0.666666666667	1.0	0.222222222222	0.188875602838	0.188875602838	3.60822483003e-11
694	0.666666666667	1.0	0.333333333333	0.188875602838	0.188875602838	8.04911692853e-11
695	0.666666666667	1.0	0.444444444444	0.188875602838	0.188875602838	6.38378239159e-11
696	0.666666666667	1.0	0.555555555556	0.188875602838	0.188875602838	6.93889390391e-11
697	0.666666666667	1.0	0.666666666667	0.188875602838	0.188875602838	6.10622663544e-11
698	0.666666666667	1.0	0.777777777778	0.188875602838	0.188875602838	4.99600361081e-11
699	0.666666666667	1.0	0.888888888889	0.188875602838	0.188875602838	6.10622663544e-11
700	0.666666666667	1.0	1.0	0.188875602838	0.188875602838	5.27355936697e-11
701	0.777777777778	0.0	0.0	0.459425824036	0.459425824036	6.10622663544e-11
702	0.777777777778	0.0	0.111111111111	0.459425824036	0.459425824036	4.99600361081e-11
703	0.777777777778	0.0	0.222222222222	0.459425824036	0.459425824036	1.66533453694e-11
704	0.777777777778	0.0	0.333333333333	0.459425824036	0.459425824036	1.27675647832e-10
705	0.777777777778	0.0	0.444444444444	0.459425824036	0.459425824036	8.881784197e-11
706	0.777777777778	0.0	0.555555555556	0.459425824036	0.459425824036	9.43689570931e-11
707	0.777777777778	0.0	0.666666666667	0.459425824036	0.459425824036	7.77156117238e-11
708	0.777777777778	0.0	0.777777777778	0.459425824036	0.459425824036	4.99600361081e-11
709	0.777777777778	0.0	0.888888888889	0.459425824036	0.459425824036	7.77156117238e-11
710	0.777777777778	0.0	1.0	0.459425824036	0.459425824036	5.55111512313e-11
711	0.777777777778	0.111111111111	0.0	0.411112290507	0.411112290507	1.66533453694e-11
712	0.777777777778	0.111111111111	0.111111111111	0.411112290507	0.411112290507	0.0
713	0.777777777778	0.111111111111	0.222222222222	0.411112290507	0.411112290507	-3.33066907388e-11
714	0.777777777778	0.111111111111	0.333333333333	0.411112290507	0.411112290507	7.21644966006e-11
715	0.777777777778	0.111111111111	0.444444444444	0.411112290507	0.411112290507	3.33066907388e-11
716	0.777777777778	0.111111111111	0.555555555556	0.411112290507	0.411112290507	4.4408920985e-11
717	0.777777777778	0.111111111111	0.666666666667	0.411112290507	0.411112290507	2.22044604925e-11
718	0.777777777778	0.111111111111	0.777777777778	0.411112290507	0.411112290507	0.0
719	0.777777777778	0.111111111111	0.888888888889	0.411112290507	0.411112290507	2.22044604925e-11
720	0.777777777778	0.111111111111	1.0	0.411112290507	0.411112290507	5.55111512313e-12
721	0.777777777778	0.222222222222	0.0	0.367879441171	0.367879441171	7.77156117238e-11
722	0.777777777778	0.222222222222	0.111111111111	0.367879441171	0.367879441171	6.10622663544e-11
723	0.777777777778	0.222222222222	0.222222222222	0.367879441171	0.367879441171	3.88578058619e-11
724	0.777777777778	0.222222222222	0.333333333333	0.367879441171	0.367879441171	1.22124532709e-10
725	0.777777777778	0.222222222222	0.444444444444	0.367879441171	0.367879441171	8.881784197e-11
726	0.777777777778	0.222222222222	0.555555555556	0.367879441171	0.367879441171	9.99200722163e-11
727	0.777777777778	0.222222222222	0.666666666667	0.367879441171	0.367879441171	8.32667268469e-11
728	0.777777777778	0.222222222222	0.777777777778	0.367879441171	0.367879441171	6.10622663544e-11
729	0.777777777778	0.222222222222	0.888888888889	0.367879441171	0.367879441171	8.32667268469e-11
730	0.777777777778	0.222222222222	1.0	0.367879441171	0.367879441171	6.66133814775e-11
731	0.777777777778	0.333333333333	0.0	0.329192987808	0.329192987808	9.99200722163e-11
732	0.777777777778	0.333333333333	0.111111111111	0.329192987808	0.329192987808	8.32667268469e-11
733	0.777777777778	0.333333333333	0.222222222222	0.329192987808	0.329192987808	6.66133814775e-11
734	0.777777777778	0.333333333333	0.333333333333	0.329192987808	0.329192987808	1.44328993201e-10
735	0.777777777778	0.333333333333	0.444444444444	0.329192987808	0.329192987808	1.16573417586e-10
736	0.777777777778	0.333333333333	0.555555555556	0.329192987808	0.329192987808	1.22124532709e-10
737	0.777777777778	0.333333333333	0.666666666667	0.329192987808	0.329192987808	1.11022302463e-10
738	0.777777777778	0.333333333333	0.777777777778	0.329192987808	0.329192987808	8.32667268469e-11
739	0.777777777778	0.333333333333	0.888888888889	0.329192987808	0.329192987808	1.11022302463e-10
740	0.777777777778	0.333333333333	1.0	0.329192987808	0.329192987808	9.43689570931e-11
741	0.777777777778	0.444444444444	0.0	0.29457482831	0.29457482831	7.77156117238e-11
742	0.777777777778	0.444444444444	0.111111111111	0.29457482831	0.29457482831	6.10622663544e-11
743	0.777777777778	0.444444444444	0.222222222222	0.29457482831	0.29457482831	3.88578058619e-11
744	0.777777777778	0.444444444444	0.333333333333	0.29457482831	0.29457482831	1.16573417586e-10
745	0.777777777778	0.444444444444	0.444444444444	0.29457482831	0.29457482831	8.881784197e-11
746	0.777777777778	0.444444444444	0.555555555556	0.29457482831	0.29457482831	9.43689570931e-11
747	0.777777777778	0.444444444444	0.666666666667	0.29457482831	0.29457482831	7.77156117238e-11
748	0.777777777778	0.444444444444	0.777777777778	0.29457482831	0.29457482831	6.10622663544e-11
749	0.777777777778	0.444444444444	0.888888888889	0.29457482831	0.29457482831	7.77156117238e-11
750	0.777777777778	0.444444444444	1.0	0.29457482831	0.29457482831	6.66133814775e-11
751	0.777777777778	0.555555555556	0.0	0.263597138116	0.263597138116	6.10622663544e-11
752	0.777777777778	0.555555555556	0.111111111111	0.263597138116	0.263597138116	5.55111512313e-11
753	0.777777777778	0.555555555556	0.222222222222	0.263597138116	0.263597138116	3.33066907388e-11
754	0.777777777778	0.555555555556	0.333333333333	0.263597138116	0.263597138116	9.99200722163e-11
755	0.777777777778	0.555555555556	0.444444444444	0.263597138116	0.263597138116	7.21644966006e-11
756	0.777777777778	0.555555555556	0.555555555556	0.263597138116	0.263597138116	8.32667268469e-11
757	0.777777777778	0.555555555556	0.666666666667	0.263597138116	0.263597138116	7.21644966006e-11
758	0.777777777778	0.555555555556	0.777777777778	0.263597138116	0.263597138116	5.55111512313e-11
759	0.777777777778	0.555555555556	0.888888888889	0.263597138116	0.263597138116	7.21644966006e-11
760	0.777777777778	0.555555555556	1.0	0.263597138116	0.263597138116	6.10622663544e-11
761	0.777777777778	0.666666666667	0.0	0.235877082986	0.235877082986	7.49400541622e-11
762	0.777777777778	0.666666666667	0.111111111111	0.235877082986	0.235877082986	6.66133814775e-11
763	0.777777777778	0.666666666667	0.222222222222	0.235877082986	0.235877082986	5.27355936697e-11
764	0.777777777778	0.666666666667	0.333333333333	0.235877082986	0.235877082986	1.08246744901e-10
765	0.777777777778	0.666666666667	0.444444444444	0.235877082986	0.235877082986	8.881784197e-11
766	0.777777777778	0.666666666667	0.555555555556	0.235877082986	0.235877082986	9.15933995316e-11
767	0.777777777778	0.666666666667	0.666666666667	0.235877082986	0.235877082986	8.32667268469e-11
768	0.777777777778	0.666666666667	0.777777777778	0.235877082986	0.235877082986	6.66133814775e-11
769	0.777777777778	0.666666666667	0.888888888889	0.235877082986	0.235877082986	8.32667268469e-11
770	0.777777777778	0.666666666667	1.0	0.235877082986	0.235877082986	7.21644966006e-11
771	0.777777777778	0.777777777778	0.0	0.211072087791	0.211072087791	6.10622663544e-11
772	0.777777777778	0.777777777778	0.111111111111	0.211072087791	0.211072087791	5.27355936697e-11
773	0.777777777778	0.777777777778	0.222222222222	0.211072087791	0.211072087791	3.60822483003e-11
774	0.777777777778	0.777777777778	0.333333333333	0.211072087791	0.211072087791	8.881784197e-11
775	0.777777777778	0.777777777778	0.444444444444	0.211072087791	0.211072087791	7.21644966006e-11
776	0.777777777778	0.777777777778	0.555555555556	0.211072087791	0.211072087791	7.49400541622e-11
777	0.777777777778	0.777777777778	0.666666666667	0.211072087791	0.211072087791	6.38378239159e-11
778	0.777777777778	0.777777777778	0.777777777778	0.211072087791	0.211072087791	5.27355936697e-11
779	0.777777777778	0.777777777778	0.888888888889	0.211072087791	0.211072087791	6.38378239159e-11
780	0.777777777778	0.777777777778	1.0	0.211072087791	0.211072087791	5.55111512313e-11
781	0.777777777778	0.888888888889	0.0	0.188875602838	0.188875602838	6.10622663544e-11
782	0.777777777778	0.888888888889	0.111111111111	0.188875602838	0.188875602838	5.27355936697e-11
783	0.777777777778	0.888888888889	0.222222222222	0.188875602838	0.188875602838	4.16333634234e-11
784	0.777777777778	0.888888888889	0.333333333333	0.188875602838	0.188875602838	8.32667268469e-11
785	0.777777777778	0.888888888889	0.444444444444	0.188875602838	0.188875602838	6.93889390391e-11
786	0.777777777778	0.888888888889	0.555555555556	0.188875602838	0.188875602838	7.21644966006e-11
787	0.777777777778	0.888888888889	0.666666666667	0.188875602838	0.188875602838	6.38378239159e-11
788	0.777777777778	0.888888888889	0.777777777778	0.188875602838	0.188875602838	5.27355936697e-11
789	0.777777777778	0.888888888889	0.888888888889	0.188875602838	0.188875602838	6.38378239159e-11
790	0.777777777778	0.888888888889	1.0	0.188875602838	0.188875602838	5.55111512313e-11
791	0.777777777778	1.0	0.0	0.169013315406	0.169013315406	4.16333634234e-11
792	0.777777777778	1.0	0.111111111111	0.169013315406	0.169013315406	3.60822483003e-11
793	0.777777777778	1.0	0.222222222222	0.169013315406	0.169013315406	2.22044604925e-11
794	0.777777777778	1.0	0.333333333333	0.169013315406	0.169013315406	6.38378239159e-11
795	0.777777777778	1.0	0.444444444444	0.169013315406	0.169013315406	4.99600361081e-11
796	0.777777777778	1.0	0.555555555556	0.169013315406	0.169013315406	5.55111512313e-11
797	0.777777777778	1.0	0.666666666667	0.169013315406	0.169013315406	4.71844785466e-11
798	0.777777777778	1.0	0.777777777778	0.169013315406	0.169013315406	3.60822483003e-11
799	0.777777777778	1.0	0.888888888889	0.169013315406	0.169013315406	4.71844785466e-11
800	0.777777777778	1.0	1.0	0.169013315406	0.169013315406	3.88578058619e-11
801	0.888888888889	0.0	0.0	0.411112290507	0.411112290507	7.21644966006e-11
802	0.888888888889	0.0	0.111111111111	0.411112290507	0.411112290507	5.55111512313e-11
803	0.888888888889	0.0	0.222222222222	0.411112290507	0.411112290507	2.22044604925e-11
804	0.888888888889	0.0	0.333333333333	0.411112290507	0.411112290507	1.27675647832e-10
805	0.888888888889	0.0	0.444444444444	0.411112290507	0.411112290507	8.32667268469e-11
806	0.888888888889	0.0	0.555555555556	0.411112290507	0.411112290507	9.99200722163e-11
807	0.888888888889	0.0	0.666666666667	0.411112290507	0.411112290507	7.77156117238e-11
808	0.888888888889	0.0	0.777777777778	0.411112290507	0.411112290507	5.55111512313e-11
809	0.888888888889	0.0	0.888888888889	0.411112290507	0.411112290507	7.77156117238e-11
810	0.888888888889	0.0	1.0	0.411112290507	0.411112290507	6.10622663544e-11
811	0.888888888889	0.111111111111	0.0	0.367879441171	0.367879441171	2.77555756156e-11
812	0.888888888889	0.111111111111	0.111111111111	0.367879441171	0.367879441171	1.11022302463e-11
813	0.888888888889	0.111111111111	0.222222222222	0.367879441171	0.367879441171	-1.11022302463e-11
814	0.888888888889	0.111111111111	0.333333333333	0.367879441171	0.367879441171	7.21644966006e-11
815	0.888888888889	0.111111111111	0.444444444444	0.367879441171	0.367879441171	4.4408920985e-11
816	0.888888888889	0.111111111111	0.555555555556	0.367879441171	0.367879441171	4.99600361081e-11
817	0.888888888889	0.111111111111	0.666666666667	0.367879441171	0.367879441171	3.33066907388e-11
818	0.888888888889	0.111111111111	0.777777777778	0.367879441171	0.367879441171	1.11022302463e-11
819	0.888888888889	0.111111111111	0.888888888889	0.367879441171	0.367879441171	3.33066907388e-11
820	0.888888888889	0.111111111111	1.0	0.367879441171	0.367879441171	1.66533453694e-11
821	0.888888888889	0.222222222222	0.0	0.329192987808	0.329192987808	8.32667268469e-11
822	0.888888888889	0.222222222222	0.111111111111	0.329192987808	0.329192987808	6.66133814775e-11
823	0.888888888889	0.222222222222	0.222222222222	0.329192987808	0.329192987808	4.99600361081e-11
824	0.888888888889	0.222222222222	0.333333333333	0.329192987808	0.329192987808	1.27675647832e-10
825	0.888888888889	0.222222222222	0.444444444444	0.329192987808	0.329192987808	9.99200722163e-11
826	0.888888888889	0.222222222222	0.555555555556	0.329192987808	0.329192987808	9.99200722163e-11
827	0.888888888889	0.222222222222	0.666666666667	0.329192987808	0.329192987808	8.881784197e-11
828	0.888888888889	0.222222222222	0.777777777778	0.329192987808	0.329192987808	6.66133814775e-11
829	0.888888888889	0.222222222222	0.888888888889	0.329192987808	0.329192987808	8.881784197e-11
830	0.888888888889	0.222222222222	1.0	0.329192987808	0.329192987808	7.77156117238e-11
831	0.888888888889	0.333333333333	0.0	0.29457482831	0.29457482831	9.99200722163e-11
832	0.888888888889	0.333333333333	0.111111111111	0.29457482831	0.29457482831	8.32667268469e-11
833	0.888888888889	0.333333333333	0.222222222222	0.29457482831	0.29457482831	6.66133814775e-11
834	0.888888888889	0.333333333333	0.333333333333	0.29457482831	0.29457482831	1.38777878078e-10
835	0.888888888889	0.333333333333	0.444444444444	0.29457482831	0.29457482831	1.11022302463e-10
836	0.888888888889	0.333333333333	0.555555555556	0.29457482831	0.29457482831	1.16573417586e-10
837	0.888888888889	0.333333333333	0.666666666667	0.29457482831	0.29457482831	1.05471187339e-10
838	0.888888888889	0.333333333333	0.777777777778	0.29457482831	0.29457482831	8.32667268469e-11
839	0.888888888889	0.333333333333	0.888888888889	0.29457482831	0.29457482831	1.05471187339e-10
840	0.888888888889	0.333333333333	1.0	0.29457482831	0.29457482831	8.881784197e-11
841	0.888888888889	0.444444444444	0.0	0.263597138116	0.263597138116	7.77156117238e-11
842	0.888888888889	0.444444444444	0.111111111111	0.263597138116	0.263597138116	7.21644966006e-11
843	0.888888888889	0.444444444444	0.222222222222	0.263597138116	0.263597138116	4.99600361081e-11
844	0.888888888889	0.444444444444	0.333333333333	0.263597138116	0.263597138116	1.16573417586e-10
845	0.888888888889	0.444444444444	0.444444444444	0.263597138116	0.263597138116	8.881784197e-11
846	0.888888888889	0.444444444444	0.555555555556	0.263597138116	0.263597138116	9.99200722163e-11
847	0.888888888889	0.444444444444	0.666666666667	0.263597138116	0.263597138116	8.881784197e-11
848	0.888888888889	0.444444444444	0.777777777778	0.263597138116	0.263597138116	7.21644966006e-11
849	0.888888888889	0.444444444444	0.888888888889	0.263597138116	0.263597138116	8.881784197e-11
850	0.888888888889	0.444444444444	1.0	0.263597138116	0.263597138116	7.21644966006e-11
851	0.888888888889	0.555555555556	0.0	0.235877082986	0.235877082986	6.10622663544e-11
852	0.888888888889	0.555555555556	0.111111111111	0.235877082986	0.235877082986	5.27355936697e-11
853	0.888888888889	0.555555555556	0.222222222222	0.235877082986	0.235877082986	3.88578058619e-11
854	0.888888888889	0.555555555556	0.333333333333	0.235877082986	0.235877082986	9.43689570931e-11
855	0.888888888889	0.555555555556	0.444444444444	0.235877082986	0.235877082986	7.21644966006e-11
856	0.888888888889	0.555555555556	0.555555555556	0.235877082986	0.235877082986	7.77156117238e-11
857	0.888888888889	0.555555555556	0.666666666667	0.235877082986	0.235877082986	6.93889390391e-11
858	0.888888888889	0.555555555556	0.777777777778	0.235877082986	0.235877082986	5.27355936697e-11
859	0.888888888889	0.555555555556	0.888888888889	0.235877082986	0.235877082986	6.93889390391e-11
860	0.888888888889	0.555555555556	1.0	0.235877082986	0.235877082986	5.82867087928e-11
861	0.888888888889	0.666666666667	0.0	0.211072087791	0.211072087791	7.49400541622e-11
862	0.888888888889	0.666666666667	0.111111111111	0.211072087791	0.211072087791	6.93889390391e-11
863	0.888888888889	0.666666666667	0.222222222222	0.211072087791	0.211072087791	5.27355936697e-11
864	0.888888888889	0.666666666667	0.333333333333	0.211072087791	0.211072087791	1.02695629778e-10
865	0.888888888889	0.666666666667	0.444444444444	0.211072087791	0.211072087791	8.881784197e-11
866	0.888888888889	0.666666666667	0.555555555556	0.211072087791	0.211072087791	9.15933995316e-11
867	0.888888888889	0.666666666667	0.666666666667	0.211072087791	0.211072087791	8.04911692853e-11
868	0.888888888889	0.666666666667	0.777777777778	0.211072087791	0.211072087791	6.93889390391e-11
869	0.888888888889	0.666666666667	0.888888888889	0.211072087791	0.211072087791	8.04911692853e-11
870	0.888888888889	0.666666666667	1.0	0.211072087791	0.211072087791	7.21644966006e-11
871	0.888888888889	0.777777777778	0.0	0.188875602838	0.188875602838	6.10622663544e-11
872	0.888888888889	0.777777777778	0.111111111111	0.188875602838	0.188875602838	5.27355936697e-11
873	0.888888888889	0.777777777778	0.222222222222	0.188875602838	0.188875602838	4.16333634234e-11
874	0.888888888889	0.777777777778	0.333333333333	0.188875602838	0.188875602838	8.32667268469e-11
875	0.888888888889	0.777777777778	0.444444444444	0.188875602838	0.188875602838	6.93889390391e-11
876	0.888888888889	0.777777777778	0.555555555556	0.188875602838	0.188875602838	7.21644966006e-11
877	0.888888888889	0.777777777778	0.666666666667	0.188875602838	0.188875602838	6.38378239159e-11
878	0.888888888889	0.777777777778	0.777777777778	0.188875602838	0.188875602838	5.27355936697e-11
879	0.888888888889	0.777777777778	0.888888888889	0.188875602838	0.188875602838	6.38378239159e-11
880	0.888888888889	0.777777777778	1.0	0.188875602838	0.188875602838	5.55111512313e-11
881	0.888888888889	0.888888888889	0.0	0.169013315406	0.169013315406	5.55111512313e-11
882	0.888888888889	0.888888888889	0.111111111111	0.169013315406	0.169013315406	4.99600361081e-11
883	0.888888888889	0.888888888889	0.222222222222	0.169013315406	0.169013315406	3.60822483003e-11
884	0.888888888889	0.888888888889	0.333333333333	0.169013315406	0.169013315406	7.77156117238e-11
885	0.888888888889	0.888888888889	0.444444444444	0.169013315406	0.169013315406	6.38378239159e-11
886	0.888888888889	0.888888888889	0.555555555556	0.169013315406	0.169013315406	6.93889390391e-11
887	0.888888888889	0.888888888889	0.666666666667	0.169013315406	0.169013315406	6.10622663544e-11
888	0.888888888889	0.888888888889	0.777777777778	0.169013315406	0.169013315406	4.99600361081e-11
889	0.888888888889	0.888888888889	0.888888888889	0.169013315406	0.169013315406	6.10622663544e-11
890	0.888888888889	0.888888888889	1.0	0.169013315406	0.169013315406	5.27355936697e-11
891	0.888888888889	1.0	0.0	0.15123975969	0.15123975969	4.4408920985e-11
892	0.888888888889	1.0	0.111111111111	0.15123975969	0.15123975969	3.60822483003e-11
893	0.888888888889	1.0	0.222222222222	0.15123975969	0.15123975969	2.49800180541e-11
894	0.888888888889	1.0	0.333333333333	0.15123975969	0.15123975969	6.38378239159e-11
895	0.888888888889	1.0	0.444444444444	0.15123975969	0.15123975969	4.99600361081e-11
896	0.888888888889	1.0	0.555555555556	0.15123975969	0.15123975969	5.27355936697e-11
897	0.888888888889	1.0	0.666666666667	0.15123975969	0.15123975969	4.4408920985e-11
898	0.888888888889	1.0	0.777777777778	0.15123975969	0.15123975969	3.60822483003e-11
899	0.888888888889	1.0	0.888888888889	0.15123975969	0.15123975969	4.4408920985e-11
900	0.888888888889	1.0	1.0	0.15123975969	0.15123975969	3.88578058619e-11
901	1.0	0.0	0.0	0.367879441171	0.367879441171	4.4408920985e-11
902	1.0	0.0	0.111111111111	0.367879441171	0.367879441171	2.77555756156e-11
903	1.0	0.0	0.222222222222	0.367879441171	0.367879441171	0.0
904	1.0	0.0	0.333333333333	0.367879441171	0.367879441171	8.881784197e-11
905	1.0	0.0	0.444444444444	0.367879441171	0.367879441171	5.55111512313e-11
906	1.0	0.0	0.555555555556	0.367879441171	0.367879441171	6.66133814775e-11
907	1.0	0.0	0.666666666667	0.367879441171	0.367879441171	4.99600361081e-11
908	1.0	0.0	0.777777777778	0.367879441171	0.367879441171	2.77555756156e-11
909	1.0	0.0	0.888888888889	0.367879441171	0.367879441171	4.99600361081e-11
910	1.0	0.0	1.0	0.367879441171	0.367879441171	3.33066907388e-11
911	1.0	0.111111111111	0.0	0.329192987808	0.329192987808	1.11022302463e-11
912	1.0	0.111111111111	0.111111111111	0.329192987808	0.329192987808	-5.55111512313e-12
913	1.0	0.111111111111	0.222222222222	0.329192987808	0.329192987808	-2.77555756156e-11
914	1.0	0.111111111111	0.333333333333	0.329192987808	0.329192987808	4.99600361081e-11
915	1.0	0.111111111111	0.444444444444	0.329192987808	0.329192987808	2.22044604925e-11
916	1.0	0.111111111111	0.555555555556	0.329192987808	0.329192987808	2.77555756156e-11
917	1.0	0.111111111111	0.666666666667	0.329192987808	0.329192987808	1.66533453694e-11
918	1.0	0.111111111111	0.777777777778	0.329192987808	0.329192987808	-5.55111512313e-12
919	1.0	0.111111111111	0.888888888889	0.329192987808	0.329192987808	1.66533453694e-11
920	1.0	0.111111111111	1.0	0.329192987808	0.329192987808	0.0
921	1.0	0.222222222222	0.0	0.29457482831	0.29457482831	6.10622663544e-11
922	1.0	0.222222222222	0.111111111111	0.29457482831	0.29457482831	4.4408920985e-11
923	1.0	0.222222222222	0.222222222222	0.29457482831	0.29457482831	2.22044604925e-11
924	1.0	0.222222222222	0.333333333333	0.29457482831	0.29457482831	9.99200722163e-11
925	1.0	0.222222222222	0.444444444444	0.29457482831	0.29457482831	7.21644966006e-11
926	1.0	0.222222222222	0.555555555556	0.29457482831	0.29457482831	7.77156117238e-11
927	1.0	0.222222222222	0.666666666667	0.29457482831	0.29457482831	6.10622663544e-11
928	1.0	0.222222222222	0.777777777778	0.29457482831	0.29457482831	4.4408920985e-11
929	1.0	0.222222222222	0.888888888889	0.29457482831	0.29457482831	6.10622663544e-11
930	1.0	0.222222222222	1.0	0.29457482831	0.29457482831	4.99600361081e-11
931	1.0	0.333333333333	0.0	0.263597138116	0.263597138116	7.21644966006e-11
932	1.0	0.333333333333	0.111111111111	0.263597138116	0.263597138116	6.66133814775e-11
933	1.0	0.333333333333	0.222222222222	0.263597138116	0.263597138116	4.99600361081e-11
934	1.0	0.333333333333	0.333333333333	0.263597138116	0.263597138116	1.11022302463e-10
935	1.0	0.333333333333	0.444444444444	0.263597138116	0.263597138116	8.881784197e-11
936	1.0	0.333333333333	0.555555555556	0.263597138116	0.263597138116	9.43689570931e-11
937	1.0	0.333333333333	0.666666666667	0.263597138116	0.263597138116	8.32667268469e-11
938	1.0	0.333333333333	0.777777777778	0.263597138116	0.263597138116	6.66133814775e-11
939	1.0	0.333333333333	0.888888888889	0.263597138116	0.263597138116	8.32667268469e-11
940	1.0	0.333333333333	1.0	0.263597138116	0.263597138116	7.21644966006e-11
941	1.0	0.444444444444	0.0	0.235877082986	0.235877082986	5.82867087928e-11
942	1.0	0.444444444444	0.111111111111	0.235877082986	0.235877082986	4.99600361081e-11
943	1.0	0.444444444444	0.222222222222	0.235877082986	0.235877082986	3.33066907388e-11
944	1.0	0.444444444444	0.333333333333	0.235877082986	0.235877082986	8.881784197e-11
945	1.0	0.444444444444	0.444444444444	0.235877082986	0.235877082986	6.93889390391e-11
946	1.0	0.444444444444	0.555555555556	0.235877082986	0.235877082986	7.21644966006e-11
947	1.0	0.444444444444	0.666666666667	0.235877082986	0.235877082986	6.66133814775e-11
948	1.0	0.444444444444	0.777777777778	0.235877082986	0.235877082986	4.99600361081e-11
949	1.0	0.444444444444	0.888888888889	0.235877082986	0.235877082986	6.66133814775e-11
950	1.0	0.444444444444	1.0	0.235877082986	0.235877082986	5.27355936697e-11
951	1.0	0.555555555556	0.0	0.211072087791	0.211072087791	4.4408920985e-11
952	1.0	0.555555555556	0.111111111111	0.211072087791	0.211072087791	3.60822483003e-11
953	1.0	0.555555555556	0.222222222222	0.211072087791	0.211072087791	1.94289029309e-11
954	1.0	0.555555555556	0.333333333333	0.211072087791	0.211072087791	7.21644966006e-11
955	1.0	0.555555555556	0.444444444444	0.211072087791	0.211072087791	5.55111512313e-11
956	1.0	0.555555555556	0.555555555556	0.211072087791	0.211072087791	5.82867087928e-11
957	1.0	0.555555555556	0.666666666667	0.211072087791	0.211072087791	4.71844785466e-11
958	1.0	0.555555555556	0.777777777778	0.211072087791	0.211072087791	3.60822483003e-11
959	1.0	0.555555555556	0.888888888889	0.211072087791	0.211072087791	4.71844785466e-11
960	1.0	0.555555555556	1.0	0.211072087791	0.211072087791	3.88578058619e-11
961	1.0	0.666666666667	0.0	0.188875602838	0.188875602838	5.55111512313e-11
962	1.0	0.666666666667	0.111111111111	0.188875602838	0.188875602838	4.99600361081e-11
963	1.0	0.666666666667	0.222222222222	0.188875602838	0.188875602838	3.60822483003e-11
964	1.0	0.666666666667	0.333333333333	0.188875602838	0.188875602838	8.04911692853e-11
965	1.0	0.666666666667	0.444444444444	0.188875602838	0.188875602838	6.38378239159e-11
966	1.0	0.666666666667	0.555555555556	0.188875602838	0.188875602838	6.93889390391e-11
967	1.0	0.666666666667	0.666666666667	0.188875602838	0.188875602838	6.10622663544e-11
968	1.0	0.666666666667	0.777777777778	0.188875602838	0.188875602838	4.99600361081e-11
969	1.0	0.666666666667	0.888888888889	0.188875602838	0.188875602838	6.10622663544e-11
970	1.0	0.666666666667	1.0	0.188875602838	0.188875602838	5.27355936697e-11
971	1.0	0.777777777778	0.0	0.169013315406	0.169013315406	4.4408920985e-11
972	1.0	0.777777777778	0.111111111111	0.169013315406	0.169013315406	3.60822483003e-11
973	1.0	0.777777777778	0.222222222222	0.169013315406	0.169013315406	2.49800180541e-11
974	1.0	0.777777777778	0.333333333333	0.169013315406	0.169013315406	6.66133814775e-11
975	1.0	0.777777777778	0.444444444444	0.169013315406	0.169013315406	5.27355936697e-11
976	1.0	0.777777777778	0.555555555556	0.169013315406	0.169013315406	5.55111512313e-11
977	1.0	0.777777777778	0.666666666667	0.169013315406	0.169013315406	4.99600361081e-11
978	1.0	0.777777777778	0.777777777778	0.169013315406	0.169013315406	3.60822483003e-11
979	1.0	0.777777777778	0.888888888889	0.169013315406	0.169013315406	4.99600361081e-11
980	1.0	0.777777777778	1.0	0.169013315406	0.169013315406	4.16333634234e-11
981	1.0	0.888888888889	0.0	0.15123975969	0.15123975969	4.4408920985e-11
982	1.0	0.888888888889	0.111111111111	0.15123975969	0.15123975969	3.60822483003e-11
983	1.0	0.888888888889	0.222222222222	0.15123975969	0.15123975969	2.49800180541e-11
984	1.0	0.888888888889	0.333333333333	0.15123975969	0.15123975969	6.38378239159e-11
985	1.0	0.888888888889	0.444444444444	0.15123975969	0.15123975969	4.99600361081e-11
986	1.0	0.888888888889	0.555555555556	0.15123975969	0.15123975969	5.27355936697e-11
987	1.0	0.888888888889	0.666666666667	0.15123975969	0.15123975969	4.4408920985e-11
988	1.0	0.888888888889	0.777777777778	0.15123975969	0.15123975969	3.60822483003e-11
989	1.0	0.888888888889	0.888888888889	0.15123975969	0.15123975969	4.4408920985e-11
990	1.0	0.888888888889	1.0	0.15123975969	0.15123975969	3.88578058619e-11
991	1.0	1.0	0.0	0.135335283237	0.135335283237	3.05311331772e-11
992	1.0	1.0	0.111111111111	0.135335283237	0.135335283237	2.22044604925e-11
993	1.0	1.0	0.222222222222	0.135335283237	0.135335283237	1.38777878078e-11
994	1.0	1.0	0.333333333333	0.135335283237	0.135335283237	4.71844785466e-11
995	1.0	1.0	0.444444444444	0.135335283237	0.135335283237	3.60822483003e-11
996	1.0	1.0	0.555555555556	0.135335283237	0.135335283237	3.88578058619e-11
997	1.0	1.0	0.666666666667	0.135335283237	0.135335283237	3.33066907388e-11
998	1.0	1.0	0.777777777778	0.135335283237	0.135335283237	2.22044604925e-11
999	1.0	1.0	0.888888888889	0.135335283237	0.135335283237	3.33066907388e-11
1000	1.0	1.0	1.0	0.135335283237	0.135335283237	2.77555756156e-11
