For cross section = macro_totale0
=================
0. BEGIN for information of KL in the DIRECTION = 0
In KL, to select the first eigenvectors, eps = 1e-10
=================
=================
Total number of eigenvalues: 21
=================
Eigenvalues in decreasing values, decreasedEigenVals = : [  9.22644585e+02   3.10658680e-03   1.90018544e-05   1.22136082e-06
   1.71233246e-07   3.85636590e-08   2.31259471e-09   9.53569846e-10
   6.36642559e-11   1.55283813e-11   8.17423543e-12   2.51875220e-12
   1.91189367e-12   1.02893643e-12   3.42722046e-13   1.09949745e-13
   7.41502443e-15   5.29235031e-29  -1.68527420e-20  -1.47271753e-15
  -2.83731937e-15]
=================
Eigenvectors corresponding to decreasing eigenvalues, decreasedEigenVects = : [[  2.15902869e-01   2.15924098e-01   2.15944845e-01   2.15944845e-01
    2.16015559e-01   2.16118319e-01   2.16295522e-01   2.16538812e-01
    2.16794627e-01   2.17013109e-01   2.17158111e-01   2.17208880e-01
    2.17208880e-01   2.17564428e-01   2.18531583e-01   2.19856134e-01
    2.21181188e-01   2.22168529e-01   2.22744211e-01   2.23028467e-01
    2.23115166e-01]
 [  2.85283267e-01   2.84889083e-01   2.84353899e-01   2.84353899e-01
    2.81313458e-01   2.71679089e-01   2.55336837e-01   2.35882681e-01
    2.17682228e-01   2.03403678e-01   1.94364856e-01   1.91317736e-01
    1.91317736e-01   1.70642584e-01   1.18805658e-01   4.89903847e-02
   -3.28303245e-02  -1.16882113e-01  -1.84658185e-01  -2.25318119e-01
   -2.38687889e-01]
 [  2.89667640e-01   2.92363421e-01   2.99871952e-01   2.99871952e-01
    3.32542008e-01   3.43598174e-01   3.17629159e-01   2.67152198e-01
    2.08605656e-01   1.58856320e-01   1.26480811e-01   1.15832435e-01
    1.15832435e-01   4.21598695e-02  -1.11597465e-01  -1.97809174e-01
   -1.27144611e-01   2.75780668e-02   1.30432230e-01   1.58843814e-01
    1.60480357e-01]
 [  4.13725502e-01   4.09230724e-01   4.00289313e-01   4.00289313e-01
    3.40208005e-01   2.31289937e-01   1.28215151e-01   4.01950796e-02
   -2.89417298e-02  -7.42930644e-02  -9.96083170e-02  -1.07500093e-01
   -1.07500093e-01  -1.48014278e-01  -1.45588937e-01   2.37990850e-03
    1.27980015e-01   7.98250692e-02  -5.11434194e-02  -1.38327462e-01
   -1.63108958e-01]
 [ -4.61356975e-01  -4.54823452e-01  -4.30103383e-01  -4.30103383e-01
   -2.98478586e-01  -1.36718615e-01  -6.81329492e-03   7.11884137e-02
    9.87009227e-02   9.96260680e-02   9.33223331e-02   9.10001650e-02
    9.10001650e-02   6.05337177e-02  -2.57380412e-02  -5.19560418e-02
    2.24597082e-02   6.47823228e-02   4.23425983e-03  -1.04743651e-01
   -1.72502091e-01]
 [  3.64515922e-01   3.48220762e-01   2.53092225e-01   2.53092225e-01
   -1.80304750e-01  -2.91110160e-01  -6.11699660e-02   1.65494548e-01
    2.48168494e-01   2.28221583e-01   1.83757684e-01   1.72003872e-01
    1.72003872e-01   3.09448158e-02  -1.71937477e-01   3.69170751e-02
    1.11532550e-01  -1.19874042e-01  -9.63882950e-02   1.97706941e-01
    3.94579184e-01]
 [ -4.96635113e-01  -4.69492051e-01  -4.26865584e-01  -4.26865584e-01
   -2.17160915e-01   2.92223167e-02   1.66146213e-01   1.57193116e-01
    5.20063746e-02  -2.60362750e-02  -6.05595619e-02  -8.96219455e-02
   -8.96219455e-02  -1.20834801e-01  -1.71989174e-02   7.18151820e-02
   -2.70075165e-02  -3.45546888e-02   4.21588045e-02   3.56194799e-03
   -1.45922321e-01]
 [ -5.00994476e-01  -5.03504636e-01  -4.19807637e-01  -4.19807637e-01
   -6.74643488e-02   9.81077167e-02   7.39213755e-02   1.19467056e-02
   -3.77555648e-02  -4.27033341e-02  -3.46233824e-02  -3.59824968e-02
   -3.59824968e-02  -1.37774091e-02   2.52329038e-02  -2.22602337e-02
    1.02837324e-02   2.84690812e-02  -7.78876285e-02   4.35463239e-02
    3.25559054e-01]
 [  5.23462523e-01   4.77848682e-01   4.28891296e-01   4.28891300e-01
   -7.85593713e-02  -7.65616851e-02  -8.73625687e-04  -3.46059884e-02
    6.86858888e-02   3.89814675e-02   4.44529212e-02  -2.40042857e-02
   -2.40042857e-02   2.84356688e-02  -7.89024170e-02   1.12810445e-01
   -1.33581588e-01   1.27403267e-01  -7.07184678e-02  -1.41620337e-02
    2.19356050e-01]
 [  4.38081455e-01   5.65698325e-01   3.25620400e-01   3.25620433e-01
    1.47223005e-01  -3.64922361e-01   9.02412584e-02   1.14780465e-01
    7.89590172e-02   4.66690492e-02   8.90685162e-02   2.04001567e-03
    2.04001567e-03  -1.82815096e-01   1.04047648e-01  -4.53621370e-02
   -2.80237374e-03   2.89641389e-02  -1.50903035e-02  -2.94979125e-02
    1.87744731e-01]
 [ -1.92210451e-01  -5.12465430e-02   1.09102331e-02   1.09102212e-02
   -9.66313609e-02   3.36603118e-01  -4.15614521e-01   9.33132802e-02
   -1.20871864e-01   7.48824786e-01   3.05721617e-02  -1.57385630e-01
   -1.57385630e-01  -1.63719561e-01   3.31673024e-02   2.63982666e-03
   -1.42529547e-02   1.36569953e-02  -4.05625705e-03  -8.47793854e-03
    4.35427506e-02]
 [ -1.49614281e-01  -6.25270806e-02  -4.52190022e-01  -4.52190041e-01
    6.66620471e-02   1.66844491e-02   1.22372468e-01  -3.27941242e-01
    1.99993775e-01   1.18328028e-01   3.62297360e-01  -3.28220689e-01
   -3.28220689e-01  -3.91525524e-02   3.18740286e-03  -1.68429497e-03
    4.56544386e-03  -2.03897938e-03  -1.27603090e-02   4.12643529e-02
   -1.82644630e-01]
 [ -5.38162986e-01  -3.07547851e-01  -3.83396983e-01  -3.83396926e-01
    2.64251775e-01  -1.28382559e-01   5.61457113e-02   7.29469299e-02
   -2.76034386e-01   6.27372802e-02   3.74505050e-01  -3.69061045e-02
   -3.69061045e-02   3.01339907e-02  -3.31069939e-02   2.02155544e-02
   -7.52225884e-03  -4.33267975e-03   1.12525565e-02  -1.34361664e-02
    3.34572041e-02]
 [  2.97747801e-02   3.07845598e-01   5.34415387e-01   5.34415165e-01
   -2.16747303e-01   1.39144520e-02   5.26749207e-02   6.77114363e-02
   -1.37382105e-01  -2.67730932e-02   1.15609681e-01  -5.26929710e-02
   -5.26929710e-02  -7.45259350e-04   2.09316177e-02  -1.95742504e-02
    2.95716752e-03   2.57007049e-02  -6.19870968e-02   1.18194644e-01
   -4.69893457e-01]
 [  7.49074162e-01   3.90508691e-01   1.28677521e-02   1.28681889e-02
   -2.26200826e-01   1.33103468e-01  -7.03997352e-02   4.21674674e-02
    2.86457034e-03  -1.60650575e-01   3.81985263e-01  -3.28537879e-02
   -3.28537879e-02  -2.16676135e-02   6.11114322e-03  -4.10257157e-03
    5.39889934e-03  -1.03001683e-02   2.11994956e-02  -4.37579706e-02
    1.83114031e-01]
 [  6.75909954e-01   1.90544762e-02  -3.92149094e-01  -3.92148575e-01
    2.03315370e-02   2.37018979e-02   2.36045375e-03  -4.42936119e-02
   -1.21978187e-02   4.76405776e-03   3.38002983e-02   3.34700770e-01
    3.34700770e-01  -3.55645999e-02  -8.94876610e-04   4.67527678e-03
   -4.43630505e-03   4.72448485e-03  -8.06494132e-03   1.69469584e-02
   -7.23443068e-02]
 [ -1.54725788e-01   7.45165803e-01  -4.37087671e-01  -4.37100873e-01
   -9.20866034e-02  -6.18628386e-03   7.69656722e-02  -1.99621946e-02
   -6.31229945e-02   6.06462654e-02  -9.81313692e-02  -4.28926708e-02
   -4.28926708e-02   2.01237048e-02  -1.89976881e-03  -2.87747184e-03
    4.66293553e-03  -5.17530161e-03   6.12773270e-03  -1.08006100e-02
    4.74683356e-02]
 [  2.94676667e-01   1.03069118e-01  -6.23877064e-01  -5.92168595e-02
    9.57951768e-03  -4.95624293e-03  -6.76179546e-03   1.65829468e-02
   -7.02190224e-04  -1.39533741e-03  -2.33284561e-02  -7.11644181e-01
    4.62276205e-02   6.79835048e-03   3.44027931e-04  -7.53342181e-04
   -4.03822841e-05   1.17789853e-03  -2.20870575e-03   3.62387908e-03
   -1.37386603e-02]
 [ -3.57485476e-02  -4.39750814e-02   9.75790122e-01  -2.09367224e-01
   -8.98589609e-03   1.16010060e-03   7.33716633e-03  -8.00549179e-03
   -3.25456264e-03   4.26165076e-03   6.02405003e-03   1.47800136e-02
    1.47800127e-02  -1.79547250e-03  -1.74738427e-04   1.05894046e-04
    3.10750531e-04  -8.24209042e-04   1.33480102e-03  -2.21226975e-03
    8.63507216e-03]
 [ -9.29342221e-01   1.62094970e-01  -2.05091429e-01  -2.05105022e-01
    8.55302499e-02   8.33868108e-03  -7.63188010e-02   3.70010907e-02
    5.21690076e-02  -5.72674738e-02   2.62176346e-02   1.71210817e-02
    1.71210817e-02  -7.25531264e-03   9.19521836e-04   2.17620296e-03
   -4.45138412e-03   6.45608496e-03  -8.93818740e-03   1.49623463e-02
   -6.03392113e-02]
 [  9.87402710e-01  -3.97148528e-02  -6.18928896e-02  -6.18852970e-02
   -4.02755743e-02  -1.11143407e-02   3.84487719e-02  -4.10243873e-03
   -3.18593227e-02   3.29900107e-02  -3.85539844e-02  -6.45067435e-02
   -6.45067435e-02   1.15685841e-02  -8.80851845e-05  -2.16577112e-03
    2.64754838e-03  -2.62738846e-03   3.02628971e-03  -5.11489108e-03
    2.13901863e-02]]
=================
Number of kept eigenvectors: 5/21
=================
Kepts eigenvectors, finalEigVects: [[ 0.21590287  0.2159241   0.21594484  0.21594484  0.21601556  0.21611832
   0.21629552  0.21653881  0.21679463  0.21701311  0.21715811  0.21720888
   0.21720888  0.21756443  0.21853158  0.21985613  0.22118119  0.22216853
   0.22274421  0.22302847  0.22311517]
 [ 0.28528327  0.28488908  0.2843539   0.2843539   0.28131346  0.27167909
   0.25533684  0.23588268  0.21768223  0.20340368  0.19436486  0.19131774
   0.19131774  0.17064258  0.11880566  0.04899038 -0.03283032 -0.11688211
  -0.18465818 -0.22531812 -0.23868789]
 [ 0.28966764  0.29236342  0.29987195  0.29987195  0.33254201  0.34359817
   0.31762916  0.2671522   0.20860566  0.15885632  0.12648081  0.11583244
   0.11583244  0.04215987 -0.11159747 -0.19780917 -0.12714461  0.02757807
   0.13043223  0.15884381  0.16048036]
 [ 0.4137255   0.40923072  0.40028931  0.40028931  0.34020801  0.23128994
   0.12821515  0.04019508 -0.02894173 -0.07429306 -0.09960832 -0.10750009
  -0.10750009 -0.14801428 -0.14558894  0.00237991  0.12798002  0.07982507
  -0.05114342 -0.13832746 -0.16310896]
 [-0.46135697 -0.45482345 -0.43010338 -0.43010338 -0.29847859 -0.13671862
  -0.00681329  0.07118841  0.09870092  0.09962607  0.09332233  0.09100016
   0.09100016  0.06053372 -0.02573804 -0.05195604  0.02245971  0.06478232
   0.00423426 -0.10474365 -0.17250209]]
=================
=================
Recall: infor of the fine discretization:

listOfBorders, self.listOfBorders[str(self.Axis_k)] = [0.0, 150, 10000, 80000.0]

listOfPoints, self.listOfTuckerGridNodes_Axis_k[self.Axis_k] = [  0.00000000e+00   7.50000000e+01   1.50000000e+02   1.50000000e+02
   5.24893302e+02   1.59249910e+03   3.19028410e+03   5.07500000e+03
   6.95971590e+03   8.55750090e+03   9.62510670e+03   1.00000000e+04
   1.00000000e+04   1.26642164e+04   2.02512627e+04   3.16060799e+04
   4.50000000e+04   5.83939201e+04   6.97487373e+04   7.73357836e+04
   8.00000000e+04]
=================
Orthonormalized eigenvectors, self.finalOrthNormalizedEigVects_Axis_k: [[  3.46498263e-03   3.46532333e-03   3.46565629e-03   3.46565629e-03
    3.46679117e-03   3.46844034e-03   3.47128424e-03   3.47518875e-03
    3.47929429e-03   3.48280065e-03   3.48512776e-03   3.48594255e-03
    3.48594255e-03   3.49164866e-03   3.50717035e-03   3.52842780e-03
    3.54969334e-03   3.56553898e-03   3.57477798e-03   3.57933995e-03
    3.58073136e-03]
 [  6.87301991e-03   6.86352325e-03   6.85062966e-03   6.85062966e-03
    6.77737960e-03   6.54526922e-03   6.15155310e-03   5.68286523e-03
    5.24438151e-03   4.90038391e-03   4.68262138e-03   4.60921043e-03
    4.60921043e-03   4.11110644e-03   2.86225569e-03   1.18027213e-03
   -7.90945351e-04  -2.81591381e-03  -4.44876909e-03  -5.42834473e-03
   -5.75044808e-03]
 [  6.67938852e-03   6.74154999e-03   6.91468772e-03   6.91468772e-03
    7.66802003e-03   7.92296198e-03   7.32414763e-03   6.16020942e-03
    4.81019634e-03   3.66303630e-03   2.91649586e-03   2.67095709e-03
    2.67095709e-03   9.72156049e-04  -2.57330377e-03  -4.56124241e-03
   -2.93180230e-03   6.35917158e-04   3.00761086e-03   3.66274792e-03
    3.70048465e-03]
 [  1.29890730e-02   1.28479577e-02   1.25672386e-02   1.25672386e-02
    1.06809626e-02   7.26143746e-03   4.02536451e-03   1.26194015e-03
   -9.08636853e-04  -2.33245963e-03  -3.12724182e-03  -3.37500720e-03
   -3.37500720e-03  -4.64696579e-03  -4.57082127e-03   7.47181492e-05
    4.01798231e-03   2.50613908e-03  -1.60566753e-03  -4.34284444e-03
   -5.12086915e-03]
 [ -2.36750282e-02  -2.33397535e-02  -2.20712166e-02  -2.20712166e-02
   -1.53167489e-02  -7.01586245e-03  -3.49631537e-04   3.65310984e-03
    5.06494376e-03   5.11241858e-03   4.78893567e-03   4.66977111e-03
    4.66977111e-03   3.10635268e-03  -1.32077520e-03  -2.66618004e-03
    1.15254402e-03   3.32437441e-03   2.17285588e-04  -5.37503284e-03
   -8.85212993e-03]]

END for information of KL in the direction = 0

=================
For cross section = macro_totale0
=================
1. BEGIN for information of KL in the DIRECTION = 1
In KL, to select the first eigenvectors, eps = 1e-10
=================
=================
Total number of eigenvalues: 5
=================
Eigenvalues in decreasing values, decreasedEigenVals = : [  9.16712920e+02   1.29014620e-04   2.99363373e-08   1.67322561e-09
   1.33055646e-10]
=================
Eigenvectors corresponding to decreasing eigenvalues, decreasedEigenVects = : [[-0.44648853 -0.44678645 -0.44729926 -0.44767741 -0.44781489]
 [ 0.66879818  0.40788049 -0.03700271 -0.37299107 -0.4958336 ]
 [ 0.77499862  0.04905864 -0.25960164  0.17513366  0.54672258]
 [ 0.66257595 -0.16065572  0.05564324  0.08492762 -0.72448187]
 [ 0.56051394 -0.17729057  0.15313443 -0.21795621  0.76383055]]
=================
Number of kept eigenvectors: 2/5
=================
Kepts eigenvectors, finalEigVects: [[-0.44648853 -0.44678645 -0.44729926 -0.44767741 -0.44781489]
 [ 0.66879818  0.40788049 -0.03700271 -0.37299107 -0.4958336 ]]
=================
=================
Recall: infor of the fine discretization:

listOfBorders, self.listOfBorders[str(self.Axis_k)] = [20.0, 1800.0]

listOfPoints, self.listOfTuckerGridNodes_Axis_k[self.Axis_k] = [   20.           280.67496474   910.          1539.32503526  1800.        ]
=================
Orthonormalized eigenvectors, self.finalOrthNormalizedEigVects_Axis_k: [[-0.02366172 -0.02367751 -0.02370469 -0.02372473 -0.02373202]
 [ 0.04889343  0.02981867 -0.00270514 -0.02726803 -0.03624861]]

END for information of KL in the direction = 1

=================
For cross section = macro_totale0
=================
2. BEGIN for information of KL in the DIRECTION = 2
In KL, to select the first eigenvectors, eps = 1e-10
=================
=================
Total number of eigenvalues: 10
=================
Eigenvalues in decreasing values, decreasedEigenVals = : [  8.72429717e+02   2.59753089e-03   9.66746362e-06   7.46654995e-08
   1.26605343e-08   1.62420589e-09   6.21202239e-11   1.17974805e-11
   1.80779391e-12  -5.53659033e-25]
=================
Eigenvectors corresponding to decreasing eigenvalues, decreasedEigenVects = : [[  2.21230439e-01   2.34875902e-01   2.67727261e-01   3.00453839e-01
    3.13976083e-01   3.13976083e-01   3.26038952e-01   3.55104170e-01
    3.84081190e-01   3.96054688e-01]
 [ -5.97379075e-01  -4.99646744e-01  -2.73603173e-01  -6.47044957e-02
    1.45086246e-02   1.45086246e-02   8.05700189e-02   2.21979028e-01
    3.38986176e-01   3.78612149e-01]
 [  2.79444206e-01   2.03715004e-01  -3.64961218e-02  -2.10770023e-01
   -2.44129504e-01  -2.44129504e-01  -2.44031080e-01  -9.46897305e-02
    3.64226334e-01   7.17132204e-01]
 [  2.93830589e-01   1.38854608e-01  -1.10359130e-01  -1.85682889e-01
   -1.28266190e-01  -1.28266190e-01  -3.23529568e-02   2.41006354e-01
    6.11060471e-03  -8.69283131e-01]
 [ -9.35138747e-01   1.85738714e-02   1.78195130e-01  -1.01959702e-01
   -1.52422724e-01  -1.52422724e-01  -1.19728265e-01   6.58051242e-02
    3.98436579e-03  -1.33696782e-01]
 [  8.33064627e-01  -2.85189271e-01   2.32205974e-01  -9.41690681e-02
   -2.07792513e-01  -2.07792513e-01  -1.52216731e-01   1.16049083e-01
   -7.16507499e-02   1.83729064e-01]
 [  9.74085395e-02  -9.85584985e-02   6.68578403e-02   8.20388390e-02
    2.39734479e-01   2.39734479e-01  -1.01100915e-01  -1.40363302e-01
    2.50586070e-01  -8.72889217e-01]
 [ -8.63602945e-02   6.18963003e-02  -1.41594234e-01   4.40377640e-01
    3.40976009e-01   3.40976009e-01  -6.44045564e-01   2.17618029e-01
   -1.17452828e-01   2.57395836e-01]
 [ -1.13222593e-03  -5.44925756e-03  -1.96466807e-02   1.78116091e-01
   -6.85668481e-01  -6.85668481e-01   2.30754965e-02  -1.58237786e-02
    4.20794516e-02  -1.58182200e-01]
 [  2.62849357e-06  -2.21584718e-05  -5.51131776e-05   5.25074045e-04
    6.64221520e-01  -7.47535420e-01   1.59234562e-05  -4.68517851e-05
    1.37005498e-04  -5.17734106e-04]]
=================
Number of kept eigenvectors: 3/10
=================
Kepts eigenvectors, finalEigVects: [[ 0.22123044  0.2348759   0.26772726  0.30045384  0.31397608  0.31397608
   0.32603895  0.35510417  0.38408119  0.39605469]
 [-0.59737907 -0.49964674 -0.27360317 -0.0647045   0.01450862  0.01450862
   0.08057002  0.22197903  0.33898618  0.37861215]
 [ 0.27944421  0.203715   -0.03649612 -0.21077002 -0.2441295  -0.2441295
  -0.24403108 -0.09468973  0.36422633  0.7171322 ]]
=================
=================
Recall: infor of the fine discretization:

listOfBorders, self.listOfBorders[str(self.Axis_k)] = [0.4000000059604645, 0.71692097187, 1.0]

listOfPoints, self.listOfTuckerGridNodes_Axis_k[self.Axis_k] = [ 0.40000001  0.44641201  0.55846049  0.67050897  0.71692097  0.71692097
  0.75837694  0.85846049  0.95854404  1.        ]
=================
Orthonormalized eigenvectors, self.finalOrthNormalizedEigVects_Axis_k: [[ 0.9124528   0.96873276  1.10422638  1.23920536  1.29497711  1.29497711
   1.34472976  1.46460765  1.58412178  1.63350581]
 [-2.65011783 -2.21655361 -1.21376975 -0.28704477  0.06436376  0.06436376
   0.35742806  0.98475257  1.50382454  1.67961492]
 [ 1.61809818  1.1795946  -0.21132772 -1.2204461  -1.41361137 -1.41361137
  -1.41304145 -0.54829292  2.10902196  4.15249373]]

END for information of KL in the direction = 2

=================
For cross section = macro_totale0
=================
3. BEGIN for information of KL in the DIRECTION = 3
In KL, to select the first eigenvectors, eps = 1e-10
=================
=================
Total number of eigenvalues: 7
=================
Eigenvalues in decreasing values, decreasedEigenVals = : [  9.17011663e+02   8.17714874e-04   1.59628698e-06   3.34763306e-09
   1.21912848e-10   6.08533485e-11   2.87227123e-12]
=================
Eigenvectors corresponding to decreasing eigenvalues, decreasedEigenVects = : [[ 0.37638255  0.376642    0.37730042  0.37809085  0.37876971  0.37920354
   0.37935058]
 [ 0.47722448  0.41988701  0.2546568   0.01162337 -0.24778489 -0.44613961
  -0.52012364]
 [ 0.59656959  0.36868161 -0.07071655 -0.2777734  -0.07430676  0.3325568
   0.55669039]
 [-0.28589689 -0.12950938  0.13903875  0.05629994 -0.22077188  0.09137293
   0.90658678]
 [-0.56854384 -0.12297296  0.27555768 -0.21699575  0.04370012  0.13805153
  -0.71947789]
 [-0.03470871 -0.02007327  0.06828796 -0.13342764  0.18990753 -0.27193338
   0.93054476]
 [-0.97955639  0.1824382  -0.05525531  0.01410363  0.00206086 -0.01231523
   0.06146232]]
=================
Number of kept eigenvectors: 3/7
=================
Kepts eigenvectors, finalEigVects: [[ 0.37638255  0.376642    0.37730042  0.37809085  0.37876971  0.37920354
   0.37935058]
 [ 0.47722448  0.41988701  0.2546568   0.01162337 -0.24778489 -0.44613961
  -0.52012364]
 [ 0.59656959  0.36868161 -0.07071655 -0.2777734  -0.07430676  0.3325568
   0.55669039]]
=================
=================
Recall: infor of the fine discretization:

listOfBorders, self.listOfBorders[str(self.Axis_k)] = [0.0, 1.748352951835841e-05]

listOfPoints, self.listOfTuckerGridNodes_Axis_k[self.Axis_k] = [  0.00000000e+00   1.17117440e-06   4.37088238e-06   8.74176476e-06
   1.31126471e-05   1.63123551e-05   1.74835295e-05]
=================
Orthonormalized eigenvectors, self.finalOrthNormalizedEigVects_Axis_k: [[ 238.12409505  238.2882373   238.70480074  239.20487502  239.63436791
   239.90883497  240.00186117]
 [ 394.56259325  347.15677329  210.54671936    9.61004127 -204.86511925
  -368.86205624 -430.03103087]
 [ 567.05243791  350.43992792  -67.21762983 -264.02969217  -70.63019723
   316.10251273  529.14638765]]

END for information of KL in the direction = 3

=================
For cross section = macro_totale0
=================
4. BEGIN for information of KL in the DIRECTION = 4
In KL, to select the first eigenvectors, eps = 1e-10
=================
=================
Total number of eigenvalues: 5
=================
Eigenvalues in decreasing values, decreasedEigenVals = : [  9.16357588e+02   1.54453028e-04   1.06354861e-08   6.83510942e-11
   1.42469295e-11]
=================
Eigenvectors corresponding to decreasing eigenvalues, decreasedEigenVects = : [[-0.44669578 -0.44685618 -0.44722693 -0.44757512 -0.4477131 ]
 [-0.58730508 -0.41066602  0.00451374  0.40556528  0.56738222]
 [ 0.61305413  0.15396488 -0.31207184  0.15088822  0.69303922]
 [-0.41354497  0.04618028  0.05254487 -0.18441276  0.88886383]
 [ 0.92459235 -0.2099985   0.10374503 -0.09674829  0.28444043]]
=================
Number of kept eigenvectors: 2/5
=================
Kepts eigenvectors, finalEigVects: [[-0.44669578 -0.44685618 -0.44722693 -0.44757512 -0.4477131 ]
 [-0.58730508 -0.41066602  0.00451374  0.40556528  0.56738222]]
=================
=================
Recall: infor of the fine discretization:

listOfBorders, self.listOfBorders[str(self.Axis_k)] = [9.999999974752427e-07, 2.0]

listOfPoints, self.listOfTuckerGridNodes_Axis_k[self.Axis_k] = [  9.99999997e-07   2.92894072e-01   1.00000050e+00   1.70710693e+00
   2.00000000e+00]
=================
Orthonormalized eigenvectors, self.finalOrthNormalizedEigVects_Axis_k: [[-0.70627887 -0.70653249 -0.70711869 -0.70766922 -0.70788737]
 [-1.24608698 -0.87131136  0.00957682  0.8604891   1.20381659]]

END for information of KL in the direction = 4

=================
For cross section = macro_totale0
=================
BEGIN for information of coefficients in Tucker decomposition
self.listOfNbOfBasisFcts = [5, 2, 3, 3, 2]

self.CardinalOfBasisFcts =180

Number of coefficients, len(self.FinalTuckerCoeffs) = 180
=================
Coefficient values, self.FinalTuckerCoeffs =[  2.96521471e+01  -2.08379223e-03   1.83564712e-03  -9.03070210e-04
  -8.01356492e-04   2.68801744e-03   2.95618579e-03  -1.35250576e-03
  -2.15676440e-04  -1.07551343e-04  -5.48047832e-03   2.72816542e-02
   1.29386264e-03  -1.57009011e-04  -3.29310471e-05  -5.78211629e-03
   2.05217576e-04   8.38714251e-05   2.37454258e-05   2.68471342e-07
   2.91809748e-03  -4.19445684e-04  -9.30790020e-04   4.45878006e-04
   3.26171254e-04  -3.02997835e-04   1.16022408e-04  -1.82255117e-05
  -5.17929321e-06   8.49713967e-06   1.47282116e-03  -1.18473274e-02
   1.79535724e-04  -4.56286079e-04   2.21658431e-04   1.44201590e-03
  -3.69470742e-04  -5.18859190e-05   2.14868048e-05   4.34348708e-06
  -9.37090792e-04  -2.32490647e-03   6.31757240e-04   6.08121585e-05
  -9.98714045e-05   4.63936149e-05  -5.01465505e-05   1.91014499e-05
  -4.73767100e-06  -3.94090583e-06  -3.23102066e-05  -1.07973322e-03
   3.98905901e-04   3.01200005e-05  -6.47591652e-05   2.25533827e-05
  -1.82869368e-05   8.46894690e-07   1.79170985e-06   4.66935000e-07
   9.05637758e-04   8.76721372e-05  -6.41062589e-05  -9.96532569e-05
   2.19836235e-05   6.63603065e-05  -2.21853509e-05  -4.72259449e-06
   8.22079088e-07   1.51424242e-06  -6.50831470e-04   7.96849455e-05
   1.09415123e-05   4.76313303e-06  -2.23606028e-06  -1.33402156e-05
   9.54722829e-06  -5.36563064e-06   3.02656024e-06   1.61617510e-06
  -2.87087782e-04   3.17177534e-05   2.19793307e-05  -2.87719033e-06
  -5.41261344e-06  -1.33836070e-06  -9.38778349e-07   7.93158823e-07
  -4.88163948e-07  -2.80198557e-07   1.58852413e-03  -5.58856348e-03
  -1.83567192e-04   2.90575908e-04   1.21254175e-04   4.72775421e-04
  -1.70451000e-05  -2.74763771e-05  -8.24325443e-07   1.90294650e-06
  -1.34976573e-03  -9.16572213e-04   1.10641949e-04   8.63818714e-05
  -1.70624492e-05   2.17183980e-05  -1.19961142e-05   7.50990343e-07
  -1.57166410e-06  -5.43114681e-07  -1.05115485e-04  -2.94945106e-04
   1.06300597e-04   3.50611044e-05  -1.64352230e-05  -3.23820242e-06
  -6.43347969e-06  -9.14619241e-07   5.97459952e-07   2.03462548e-07
  -2.65421884e-03  -6.23868430e-05   1.41459378e-05  -1.80156977e-05
   3.98297082e-06   2.77554213e-05  -6.65290594e-06  -2.58139220e-06
  -2.49064048e-07   7.86335655e-07  -4.01406233e-04   5.84969366e-05
   5.25797088e-06   5.98900290e-06  -8.84444418e-07  -1.12674607e-05
   7.20460524e-06  -4.08706743e-06   2.13656894e-06   1.18212208e-06
  -1.55857158e-04   3.45160299e-05   1.39653214e-05  -2.70505613e-07
  -3.01181853e-06  -3.15897688e-06  -1.05987542e-06   5.75458961e-07
  -4.36970402e-07  -3.20938376e-07  -2.51363731e-04   1.28198717e-05
   2.85199964e-06  -3.63982293e-06  -4.78337315e-07   2.17624679e-06
  -2.87795910e-07  -1.23156414e-06   2.19873459e-07   1.62344246e-07
  -2.85099397e-05  -5.93959470e-07   6.77453298e-06  -2.50843448e-06
  -1.60543513e-06   1.32026564e-06  -2.60458466e-06   1.57377172e-06
  -8.36202546e-07  -5.44275766e-07  -1.77053922e-05   5.20650878e-06
   8.17131900e-07   3.67089270e-08  -3.84129520e-07  -1.04848340e-06
   6.34492207e-07  -4.63601441e-07   1.43109863e-07  -5.13624562e-08]:

=================
Coefficient indexes under array format :

self.listOfFinalCoefIndexes_arr = [[0, 0, 0, 0, 0], [1, 0, 0, 0, 0], [2, 0, 0, 0, 0], [3, 0, 0, 0, 0], [4, 0, 0, 0, 0], [0, 1, 0, 0, 0], [1, 1, 0, 0, 0], [2, 1, 0, 0, 0], [3, 1, 0, 0, 0], [4, 1, 0, 0, 0], [0, 0, 1, 0, 0], [1, 0, 1, 0, 0], [2, 0, 1, 0, 0], [3, 0, 1, 0, 0], [4, 0, 1, 0, 0], [0, 1, 1, 0, 0], [1, 1, 1, 0, 0], [2, 1, 1, 0, 0], [3, 1, 1, 0, 0], [4, 1, 1, 0, 0], [0, 0, 2, 0, 0], [1, 0, 2, 0, 0], [2, 0, 2, 0, 0], [3, 0, 2, 0, 0], [4, 0, 2, 0, 0], [0, 1, 2, 0, 0], [1, 1, 2, 0, 0], [2, 1, 2, 0, 0], [3, 1, 2, 0, 0], [4, 1, 2, 0, 0], [0, 0, 0, 1, 0], [1, 0, 0, 1, 0], [2, 0, 0, 1, 0], [3, 0, 0, 1, 0], [4, 0, 0, 1, 0], [0, 1, 0, 1, 0], [1, 1, 0, 1, 0], [2, 1, 0, 1, 0], [3, 1, 0, 1, 0], [4, 1, 0, 1, 0], [0, 0, 1, 1, 0], [1, 0, 1, 1, 0], [2, 0, 1, 1, 0], [3, 0, 1, 1, 0], [4, 0, 1, 1, 0], [0, 1, 1, 1, 0], [1, 1, 1, 1, 0], [2, 1, 1, 1, 0], [3, 1, 1, 1, 0], [4, 1, 1, 1, 0], [0, 0, 2, 1, 0], [1, 0, 2, 1, 0], [2, 0, 2, 1, 0], [3, 0, 2, 1, 0], [4, 0, 2, 1, 0], [0, 1, 2, 1, 0], [1, 1, 2, 1, 0], [2, 1, 2, 1, 0], [3, 1, 2, 1, 0], [4, 1, 2, 1, 0], [0, 0, 0, 2, 0], [1, 0, 0, 2, 0], [2, 0, 0, 2, 0], [3, 0, 0, 2, 0], [4, 0, 0, 2, 0], [0, 1, 0, 2, 0], [1, 1, 0, 2, 0], [2, 1, 0, 2, 0], [3, 1, 0, 2, 0], [4, 1, 0, 2, 0], [0, 0, 1, 2, 0], [1, 0, 1, 2, 0], [2, 0, 1, 2, 0], [3, 0, 1, 2, 0], [4, 0, 1, 2, 0], [0, 1, 1, 2, 0], [1, 1, 1, 2, 0], [2, 1, 1, 2, 0], [3, 1, 1, 2, 0], [4, 1, 1, 2, 0], [0, 0, 2, 2, 0], [1, 0, 2, 2, 0], [2, 0, 2, 2, 0], [3, 0, 2, 2, 0], [4, 0, 2, 2, 0], [0, 1, 2, 2, 0], [1, 1, 2, 2, 0], [2, 1, 2, 2, 0], [3, 1, 2, 2, 0], [4, 1, 2, 2, 0], [0, 0, 0, 0, 1], [1, 0, 0, 0, 1], [2, 0, 0, 0, 1], [3, 0, 0, 0, 1], [4, 0, 0, 0, 1], [0, 1, 0, 0, 1], [1, 1, 0, 0, 1], [2, 1, 0, 0, 1], [3, 1, 0, 0, 1], [4, 1, 0, 0, 1], [0, 0, 1, 0, 1], [1, 0, 1, 0, 1], [2, 0, 1, 0, 1], [3, 0, 1, 0, 1], [4, 0, 1, 0, 1], [0, 1, 1, 0, 1], [1, 1, 1, 0, 1], [2, 1, 1, 0, 1], [3, 1, 1, 0, 1], [4, 1, 1, 0, 1], [0, 0, 2, 0, 1], [1, 0, 2, 0, 1], [2, 0, 2, 0, 1], [3, 0, 2, 0, 1], [4, 0, 2, 0, 1], [0, 1, 2, 0, 1], [1, 1, 2, 0, 1], [2, 1, 2, 0, 1], [3, 1, 2, 0, 1], [4, 1, 2, 0, 1], [0, 0, 0, 1, 1], [1, 0, 0, 1, 1], [2, 0, 0, 1, 1], [3, 0, 0, 1, 1], [4, 0, 0, 1, 1], [0, 1, 0, 1, 1], [1, 1, 0, 1, 1], [2, 1, 0, 1, 1], [3, 1, 0, 1, 1], [4, 1, 0, 1, 1], [0, 0, 1, 1, 1], [1, 0, 1, 1, 1], [2, 0, 1, 1, 1], [3, 0, 1, 1, 1], [4, 0, 1, 1, 1], [0, 1, 1, 1, 1], [1, 1, 1, 1, 1], [2, 1, 1, 1, 1], [3, 1, 1, 1, 1], [4, 1, 1, 1, 1], [0, 0, 2, 1, 1], [1, 0, 2, 1, 1], [2, 0, 2, 1, 1], [3, 0, 2, 1, 1], [4, 0, 2, 1, 1], [0, 1, 2, 1, 1], [1, 1, 2, 1, 1], [2, 1, 2, 1, 1], [3, 1, 2, 1, 1], [4, 1, 2, 1, 1], [0, 0, 0, 2, 1], [1, 0, 0, 2, 1], [2, 0, 0, 2, 1], [3, 0, 0, 2, 1], [4, 0, 0, 2, 1], [0, 1, 0, 2, 1], [1, 1, 0, 2, 1], [2, 1, 0, 2, 1], [3, 1, 0, 2, 1], [4, 1, 0, 2, 1], [0, 0, 1, 2, 1], [1, 0, 1, 2, 1], [2, 0, 1, 2, 1], [3, 0, 1, 2, 1], [4, 0, 1, 2, 1], [0, 1, 1, 2, 1], [1, 1, 1, 2, 1], [2, 1, 1, 2, 1], [3, 1, 1, 2, 1], [4, 1, 1, 2, 1], [0, 0, 2, 2, 1], [1, 0, 2, 2, 1], [2, 0, 2, 2, 1], [3, 0, 2, 2, 1], [4, 0, 2, 2, 1], [0, 1, 2, 2, 1], [1, 1, 2, 2, 1], [2, 1, 2, 2, 1], [3, 1, 2, 2, 1], [4, 1, 2, 2, 1]]

END for information of coefficients in Tucker decomposition
=================
