10 100
-0.0799011 0.967787 0.0168039 0.0168039
-0.0799011 -0.495302 0.00389044 0.00389044
-0.0799011 0.454299 0.0100555 0.0100555
-0.0799011 -0.369962 0.00440995 0.00440995
-0.0799011 -0.797462 0.0028759 0.0028759
-0.0799011 -0.520675 0.00379297 0.00379297
-0.0799011 0.678278 0.0125799 0.0125799
-0.0799011 -0.608339 0.00347462 0.00347462
-0.0799011 -0.0421921 0.00612043 0.00612043
-0.0799011 0.0353984 0.00661422 0.00661422
-0.0799011 -0.896209 0.00260549 0.00260549
-0.0799011 0.273647 0.00839361 0.00839361
-0.0799011 0.114832 0.00716104 0.00716104
-0.0799011 -0.984153 0.00238615 0.00238615
-0.0799011 0.24173 0.00812994 0.00812994
-0.0799011 -0.254967 0.00494738 0.00494738
-0.0799011 0.504451 0.0105727 0.0105727
-0.0799011 -0.132579 0.00559148 0.00559148
-0.0799011 -0.0343761 0.00616845 0.00616845
-0.0799011 -0.351854 0.00449053 0.00449053
-0.0799011 0.446562 0.00997804 0.00997804
-0.0799011 0.885723 0.01548 0.01548
-0.0799011 -0.49679 0.00388466 0.00388466
-0.0799011 -0.1886 0.00528686 0.00528686
-0.0799011 0.746372 0.0134664 0.0134664
-0.0799011 -0.368412 0.00441679 0.00441679
-0.0799011 -0.453428 0.00405681 0.00405681
-0.0799011 -0.297764 0.00474011 0.00474011
-0.0799011 0.385128 0.00938349 0.00938349
-0.0799011 0.152342 0.00743476 0.00743476
-0.0799011 0.899207 0.0156901 0.0156901
-0.0799011 0.352915 0.00908604 0.00908604
-0.0799011 0.65704 0.0123156 0.0123156
-0.0799011 0.353506 0.00909142 0.00909142
-0.0799011 0.982953 0.0170607 0.0170607
-0.0799011 0.859577 0.0150805 0.0150805
-0.0799011 0.832832 0.0146825 0.0146825
-0.0799011 0.661231 0.0123673 0.0123673
-0.0799011 -0.748762 0.00301942 0.00301942
-0.0799011 -0.209361 0.00517823 0.00517823
-0.0799011 -0.303371 0.00471361 0.00471361
-0.0799011 -0.644971 0.00334964 0.00334964
-0.0799011 -0.935713 0.00250457 0.00250457
-0.0799011 0.811461 0.0143721 0.0143721
-0.0799011 -0.629125 0.00340315 0.00340315
-0.0799011 0.306016 0.00866975 0.00866975
-0.0799011 -0.443506 0.00409726 0.00409726
-0.0799011 0.875326 0.0153199 0.0153199
-0.0799011 -0.826563 0.00279342 0.00279342
-0.0799011 0.522118 0.0107611 0.0107611
-0.0799011 -0.476529 0.00396417 0.00396417
-0.0799011 0.619999 0.0118677 0.0118677
-0.0799011 0.407841 0.00959906 0.00959906
-0.0799011 0.0266816 0.00655682 0.00655682
-0.0799011 -0.568601 0.00361548 0.00361548
-0.0799011 0.154212 0.00744868 0.00744868
-0.0799011 0.65827 0.0123307 0.0123307
-0.0799011 -0.0220297 0.00624508 0.00624508
-0.0799011 0.856448 0.0150334 0.0150334
-0.0799011 0.0433975 0.00666734 0.00666734
-0.0799011 -0.869688 0.00267552 0.00267552
-0.0799011 0.755655 0.013592 0.013592
-0.0799011 -0.603688 0.00349082 0.00349082
-0.0799011 0.787352 0.0140297 0.0140297
-0.0799011 0.109162 0.00712056 0.00712056
-0.0799011 -0.620735 0.00343182 0.00343182
-0.0799011 0.646929 0.0121917 0.0121917
-0.0799011 -0.0580066 0.0060244 0.0060244
-0.0799011 -0.959505 0.00244569 0.00244569
-0.0799011 0.898167 0.0156738 0.0156738
-0.0799011 0.732633 0.0132826 0.0132826
-0.0799011 -0.262876 0.0049084 0.0049084
-0.0799011 -0.746804 0.00302534 0.00302534
-0.0799011 0.796919 0.0141646 0.0141646
-0.0799011 -0.451415 0.00406498 0.00406498
-0.0799011 -0.375929 0.00438371 0.00438371
-0.0799011 0.102936 0.00707636 0.00707636
-0.0799011 0.105079 0.00709154 0.00709154
-0.0799011 -0.500603 0.00386987 0.00386987
-0.0799011 0.276373 0.00841652 0.00841652
-0.0799011 -0.372804 0.00439743 0.00439743
-0.0799011 0.022868 0.00653186 0.00653186
-0.0799011 -0.103629 0.00575573 0.00575573
-0.0799011 -0.964963 0.00243238 0.00243238
-0.0799011 -0.95045 0.00246794 0.00246794
-0.0799011 0.32777 0.00886042 0.00886042
-0.0799011 0.189249 0.00771428 0.00771428
-0.0799011 0.70782 0.0129571 0.0129571
-0.0799011 -0.69426 0.00318855 0.00318855
-0.0799011 0.0456976 0.0066827 0.0066827
-0.0799011 -0.248783 0.00497807 0.00497807
-0.0799011 -0.563948 0.00363234 0.00363234
-0.0799011 -0.198647 0.00523401 0.00523401
-0.0799011 0.147529 0.00739906 0.00739906
-0.0799011 -0.776596 0.00293654 0.00293654
-0.0799011 0.910515 0.0158686 0.0158686
-0.0799011 0.526794 0.0108116 0.0108116
-0.0799011 0.870333 0.0152436 0.0152436
-0.0799011 -0.147492 0.00550872 0.00550872
-0.0799011 0.567289 0.0112584 0.0112584
0.855065 0.967787 2.78121 2.78121
0.855065 -0.495302 0.504324 0.504324
0.855065 0.454299 1.19319 1.19319
0.855065 -0.369962 0.523336 0.523336
0.855065 -0.797462 0.724349 0.724349
0.855065 -0.520675 0.506164 0.506164
0.855065 0.678278 1.64741 1.64741
0.855065 -0.608339 0.531686 0.531686
0.855065 -0.0421921 0.700932 0.700932
0.855065 0.0353984 0.757482 0.757482
0.855065 -0.896209 0.928455 0.928455
0.855065 0.273647 0.966737 0.966737
0.855065 0.114832 0.820273 0.820273
0.855065 -0.984153 1.18949 1.18949
0.855065 0.24173 0.934399 0.934399
0.855065 -0.254967 0.570715 0.570715
0.855065 0.504451 1.27406 1.27406
0.855065 -0.132579 0.640655 0.640655
0.855065 -0.0343761 0.70643 0.70643
0.855065 -0.351854 0.529237 0.529237
0.855065 0.446562 1.18155 1.18155
0.855065 0.885723 2.3739 2.3739
0.855065 -0.49679 0.504371 0.504371
0.855065 -0.1886 0.606702 0.606702
0.855065 0.746372 1.8453 1.8453
0.855065 -0.368412 0.523815 0.523815
0.855065 -0.453428 0.505881 0.505881
0.855065 -0.297764 0.550529 0.550529
0.855065 0.385128 1.09611 1.09611
0.855065 0.152342 0.851976 0.851976
0.855065 0.899207 2.43542 2.43542
0.855065 0.352915 1.05571 1.05571
0.855065 0.65704 1.59243 1.59243
0.855065 0.353506 1.05643 1.05643
0.855065 0.982953 2.8656 2.8656
0.855065 0.859577 2.26026 2.26026
0.855065 0.832832 2.15135 2.15135
0.855065 0.661231 1.60304 1.60304
0.855065 -0.748762 0.652783 0.652783
0.855065 -0.209361 0.594902 0.594902
0.855065 -0.303371 0.548088 0.548088
0.855065 -0.644971 0.55262 0.55262
0.855065 -0.935713 1.03555 1.03555
0.855065 0.811461 2.06939 2.06939
0.855065 -0.629125 0.54274 0.54274
0.855065 0.306016 1.00145 1.00145
0.855065 -0.443506 0.507017 0.507017
0.855065 0.875326 2.32784 2.32784
0.855065 -0.826563 0.775792 0.775792
0.855065 0.522118 1.30498 1.30498
0.855065 -0.476529 0.50435 0.50435
0.855065 0.619999 1.50344 1.50344
0.855065 0.407841 1.12633 1.12633
0.855065 0.0266816 0.750906 0.750906
0.855065 -0.568601 0.516144 0.516144
0.855065 0.154212 0.853596 0.853596
0.855065 0.65827 1.59554 1.59554
0.855065 -0.0220297 0.715205 0.715205
0.855065 0.856448 2.24714 2.24714
0.855065 0.0433975 0.763567 0.763567
0.855065 -0.869688 0.865138 0.865138
0.855065 0.755655 1.87504 1.87504
0.855065 -0.603688 0.529496 0.529496
0.855065 0.787352 1.98206 1.98206
0.855065 0.109162 0.815605 0.815605
0.855065 -0.620735 0.538024 0.538024
0.855065 0.646929 1.5673 1.5673
0.855065 -0.0580066 0.689942 0.689942
0.855065 -0.959505 1.10791 1.10791
0.855065 0.898167 2.4306 2.4306
0.855065 0.732633 1.80255 1.80255
0.855065 -0.262876 0.566788 0.566788
0.855065 -0.746804 0.650262 0.650262
0.855065 0.796919 2.01609 2.01609
0.855065 -0.451415 0.506089 0.506089
0.855065 -0.375929 0.521541 0.521541
0.855065 0.102936 0.810515 0.810515
0.855065 0.105079 0.812263 0.812263
0.855065 -0.500603 0.504526 0.504526
0.855065 0.276373 0.969582 0.969582
0.855065 -0.372804 0.522472 0.522472
0.855065 0.022868 0.748048 0.748048
0.855065 -0.103629 0.659275 0.659275
0.855065 -0.964963 1.12538 1.12538
0.855065 -0.95045 1.07965 1.07965
0.855065 0.32777 1.02599 1.02599
0.855065 0.189249 0.884715 0.884715
0.855065 0.70782 1.72904 1.72904
0.855065 -0.69426 0.592063 0.592063
0.855065 0.0456976 0.765326 0.765326
0.855065 -0.248783 0.573844 0.573844
0.855065 -0.563948 0.514774 0.514774
0.855065 -0.198647 0.600934 0.600934
0.855065 0.147529 0.847825 0.847825
0.855065 -0.776596 0.691546 0.691546
0.855065 0.910515 2.48858 2.48858
0.855065 0.526794 1.31339 1.31339
0.855065 0.870333 2.30613 2.30613
0.855065 -0.147492 0.631337 0.631337
0.855065 0.567289 1.39049 1.39049
0.364838 0.967787 0.354554 0.354554
0.364838 -0.495302 0.0814017 0.0814017
0.364838 0.454299 0.209856 0.209856
0.364838 -0.369962 0.0920346 0.0920346
0.364838 -0.797462 0.061898 0.061898
0.364838 -0.520675 0.0794334 0.0794334
0.364838 0.678278 0.263298 0.263298
0.364838 -0.608339 0.0730999 0.0730999
0.364838 -0.0421921 0.127608 0.127608
0.364838 0.0353984 0.137903 0.137903
0.364838 -0.896209 0.0574129 0.0574129
0.364838 0.273647 0.175029 0.175029
0.364838 0.114832 0.149305 0.149305
0.364838 -0.984153 0.0542431 0.0542431
0.364838 0.24173 0.169521 0.169521
0.364838 -0.254967 0.10317 0.10317
0.364838 0.504451 0.220745 0.220745
0.364838 -0.132579 0.116581 0.116581
0.364838 -0.0343761 0.128609 0.128609
0.364838 -0.351854 0.0936984 0.0936984
0.364838 0.446562 0.208227 0.208227
0.364838 0.885723 0.325697 0.325697
0.364838 -0.49679 0.0812847 0.0812847
0.364838 -0.1886 0.110234 0.110234
0.364838 0.746372 0.282253 0.282253
0.364838 -0.368412 0.0921758 0.0921758
0.364838 -0.453428 0.0847846 0.0847846
0.364838 -0.297764 0.0988663 0.0988663
0.364838 0.385128 0.195746 0.195746
0.364838 0.152342 0.155013 0.155013
0.364838 0.899207 0.330262 0.330262
0.364838 0.352915 0.189513 0.189513
0.364838 0.65704 0.257665 0.257665
0.364838 0.353506 0.189626 0.189626
0.364838 0.982953 0.360178 0.360178
0.364838 0.859577 0.317035 0.317035
0.364838 0.832832 0.308426 0.308426
0.364838 0.661231 0.258767 0.258767
0.364838 -0.748762 0.0644587 0.0644587
0.364838 -0.209361 0.107972 0.107972
0.364838 -0.303371 0.0983166 0.0983166
0.364838 -0.644971 0.070667 0.070667
0.364838 -0.935713 0.0558907 0.0558907
0.364838 0.811461 0.301726 0.301726
0.364838 -0.629125 0.071704 0.071704
0.364838 0.306016 0.180802 0.180802
0.364838 -0.443506 0.0856109 0.0856109
0.364838 0.875326 0.322223 0.322223
0.364838 -0.826563 0.0604768 0.0604768
0.364838 0.522118 0.22472 0.22472
0.364838 -0.476529 0.0828977 0.0828977
0.364838 0.619999 0.248143 0.248143
0.364838 0.407841 0.200267 0.200267
0.364838 0.0266816 0.136706 0.136706
0.364838 -0.568601 0.0758813 0.0758813
0.364838 0.154212 0.155303 0.155303
0.364838 0.65827 0.257988 0.257988
0.364838 -0.0220297 0.130206 0.130206
0.364838 0.856448 0.316015 0.316015
0.364838 0.0433975 0.13901 0.13901
0.364838 -0.869688 0.058523 0.058523
0.364838 0.755655 0.284947 0.284947
0.364838 -0.603688 0.0734178 0.0734178
0.364838 0.787352 0.294352 0.294352
0.364838 0.109162 0.14846 0.14846
0.364838 -0.620735 0.0722626 0.0722626
0.364838 0.646929 0.255029 0.255029
0.364838 -0.0580066 0.125605 0.125605
0.364838 -0.959505 0.055051 0.055051
0.364838 0.898167 0.329907 0.329907
0.364838 0.732633 0.278315 0.278315
0.364838 -0.262876 0.10236 0.10236
0.364838 -0.746804 0.0645664 0.0645664
0.364838 0.796919 0.297255 0.297255
0.364838 -0.451415 0.0849515 0.0849515
0.364838 -0.375929 0.0914935 0.0914935
0.364838 0.102936 0.147539 0.147539
0.364838 0.105079 0.147855 0.147855
0.364838 -0.500603 0.0809855 0.0809855
0.364838 0.276373 0.175508 0.175508
0.364838 -0.372804 0.0917765 0.0917765
0.364838 0.022868 0.136186 0.136186
0.364838 -0.103629 0.120004 0.120004
0.364838 -0.964963 0.0548666 0.0548666
0.364838 -0.95045 0.0553637 0.0553637
0.364838 0.32777 0.18479 0.18479
0.364838 0.189249 0.160845 0.160845
0.364838 0.70782 0.271351 0.271351
0.364838 -0.69426 0.0675922 0.0675922
0.364838 0.0456976 0.139331 0.139331
0.364838 -0.248783 0.103808 0.103808
0.364838 -0.563948 0.0762167 0.0762167
0.364838 -0.198647 0.109134 0.109134
0.364838 0.147529 0.154269 0.154269
0.364838 -0.776596 0.0629673 0.0629673
0.364838 0.910515 0.334143 0.334143
0.364838 0.526794 0.225784 0.225784
0.364838 0.870333 0.320568 0.320568
0.364838 -0.147492 0.114856 0.114856
0.364838 0.567289 0.235227 0.235227
0.860649 0.967787 2.81297 2.81297
0.860649 -0.495302 0.510612 0.510612
0.860649 0.454299 1.2086 1.2086
0.860649 -0.369962 0.530094 0.530094
0.860649 -0.797462 0.731682 0.731682
0.860649 -0.520675 0.512404 0.512404
0.860649 0.678278 1.66787 1.66787
0.860649 -0.608339 0.537922 0.537922
0.860649 -0.0421921 0.710117 0.710117
0.860649 0.0353984 0.767408 0.767408
0.860649 -0.896209 0.937177 0.937177
0.860649 0.273647 0.979376 0.979376
0.860649 0.114832 0.831021 0.831021
0.860649 -0.984153 1.20007 1.20007
0.860649 0.24173 0.946625 0.946625
0.860649 -0.254967 0.578171 0.578171
0.860649 0.504451 1.29041 1.29041
0.860649 -0.132579 0.649048 0.649048
0.860649 -0.0343761 0.715687 0.715687
0.860649 -0.351854 0.536091 0.536091
0.860649 0.446562 1.19682 1.19682
0.860649 0.885723 2.40173 2.40173
0.860649 -0.49679 0.510656 0.510656
0.860649 -0.1886 0.614645 0.614645
0.860649 0.746372 1.86782 1.86782
0.860649 -0.368412 0.530581 0.530581
0.860649 -0.453428 0.512285 0.512285
0.860649 -0.297764 0.557701 0.557701
0.860649 0.385128 1.11036 1.11036
0.860649 0.152342 0.863137 0.863137
0.860649 0.899207 2.46384 2.46384
0.860649 0.352915 1.06946 1.06946
0.860649 0.65704 1.6123 1.6123
0.860649 0.353506 1.07019 1.07019
0.860649 0.982953 2.89816 2.89816
0.860649 0.859577 2.28696 2.28696
0.860649 0.832832 2.17698 2.17698
0.860649 0.661231 1.62303 1.62303
0.860649 -0.748762 0.659659 0.659659
0.860649 -0.209361 0.602688 0.602688
0.860649 -0.303371 0.555225 0.555225
0.860649 -0.644971 0.558938 0.558938
0.860649 -0.935713 1.04503 1.04503
0.860649 0.811461 2.0942 2.0942
0.860649 -0.629125 0.549015 0.549015
0.860649 0.306016 1.01453 1.01453
0.860649 -0.443506 0.513455 0.513455
0.860649 0.875326 2.35521 2.35521
0.860649 -0.826563 0.783466 0.783466
0.860649 0.522118 1.32168 1.32168
0.860649 -0.476529 0.510684 0.510684
0.860649 0.619999 1.52235 1.52235
0.860649 0.407841 1.14094 1.14094
0.860649 0.0266816 0.760746 0.760746
0.860649 -0.568601 0.52235 0.52235
0.860649 0.154212 0.864779 0.864779
0.860649 0.65827 1.61544 1.61544
0.860649 -0.0220297 0.724577 0.724577
0.860649 0.856448 2.27372 2.27372
0.860649 0.0433975 0.773573 0.773573
0.860649 -0.869688 0.87342 0.87342
0.860649 0.755655 1.89787 1.89787
0.860649 -0.603688 0.535726 0.535726
0.860649 0.787352 2.00598 2.00598
0.860649 0.109162 0.826292 0.826292
0.860649 -0.620735 0.544281 0.544281
0.860649 0.646929 1.5869 1.5869
0.860649 -0.0580066 0.698983 0.698983
0.860649 -0.959505 1.1179 1.1179
0.860649 0.898167 2.45898 2.45898
0.860649 0.732633 1.82463 1.82463
0.860649 -0.262876 0.57419 0.57419
0.860649 -0.746804 0.657123 0.657123
0.860649 0.796919 2.04035 2.04035
0.860649 -0.451415 0.512499 0.512499
0.860649 -0.375929 0.528269 0.528269
0.860649 0.102936 0.821135 0.821135
0.860649 0.105079 0.822906 0.822906
0.860649 -0.500603 0.510802 0.510802
0.860649 0.276373 0.982257 0.982257
0.860649 -0.372804 0.529215 0.529215
0.860649 0.022868 0.75785 0.75785
0.860649 -0.103629 0.667914 0.667914
0.860649 -0.964963 1.1355 1.1355
0.860649 -0.95045 1.08944 1.08944
0.860649 0.32777 1.03938 1.03938
0.860649 0.189249 0.896301 0.896301
0.860649 0.70782 1.75036 1.75036
0.860649 -0.69426 0.598581 0.598581
0.860649 0.0456976 0.775355 0.775355
0.860649 -0.248783 0.581343 0.581343
0.860649 -0.563948 0.52098 0.52098
0.860649 -0.198647 0.608801 0.608801
0.860649 0.147529 0.858932 0.858932
0.860649 -0.776596 0.698667 0.698667
0.860649 0.910515 2.51752 2.51752
0.860649 0.526794 1.33019 1.33019
0.860649 0.870333 2.33329 2.33329
0.860649 -0.147492 0.639607 0.639607
0.860649 0.567289 1.40816 1.40816
-0.871622 0.967787 2.87231 2.87231
-0.871622 -0.495302 0.522833 0.522833
-0.871622 0.454299 1.23899 1.23899
-0.871622 -0.369962 0.543423 0.543423
-0.871622 -0.797462 0.744533 0.744533
-0.871622 -0.520675 0.524477 0.524477
-0.871622 0.678278 1.70757 1.70757
-0.871622 -0.608339 0.549719 0.549719
-0.871622 -0.0421921 0.72834 0.72834
-0.871622 0.0353984 0.787101 0.787101
-0.871622 -0.896209 0.951776 0.951776
-0.871622 0.273647 1.00443 1.00443
-0.871622 0.114832 0.852344 0.852344
-0.871622 -0.984153 1.21712 1.21712
-0.871622 0.24173 0.970868 0.970868
-0.871622 -0.254967 0.592946 0.592946
-0.871622 0.504451 1.32258 1.32258
-0.871622 -0.132579 0.665699 0.665699
-0.871622 -0.0343761 0.734053 0.734053
-0.871622 -0.351854 0.549623 0.549623
-0.871622 0.446562 1.22695 1.22695
-0.871622 0.885723 2.45434 2.45434
-0.871622 -0.49679 0.522868 0.522868
-0.871622 -0.1886 0.6304 0.6304
-0.871622 0.746372 1.91121 1.91121
-0.871622 -0.368412 0.543927 0.543927
-0.871622 -0.453428 0.524812 0.524812
-0.871622 -0.297764 0.571898 0.571898
-0.871622 0.385128 1.13853 1.13853
-0.871622 0.152342 0.885279 0.885279
-0.871622 0.899207 2.51749 2.51749
-0.871622 0.352915 1.09668 1.09668
-0.871622 0.65704 1.65095 1.65095
-0.871622 0.353506 1.09742 1.09742
-0.871622 0.982953 2.95886 2.95886
-0.871622 0.859577 2.33765 2.33765
-0.871622 0.832832 2.22579 2.22579
-0.871622 0.661231 1.66188 1.66188
-0.871622 -0.748762 0.671982 0.671982
-0.871622 -0.209361 0.618126 0.618126
-0.871622 -0.303371 0.569349 0.569349
-0.871622 -0.644971 0.570746 0.570746
-0.871622 -0.935713 1.06062 1.06062
-0.871622 0.811461 2.14159 2.14159
-0.871622 -0.629125 0.560809 0.560809
-0.871622 0.306016 1.04043 1.04043
-0.871622 -0.443506 0.526064 0.526064
-0.871622 0.875326 2.40704 2.40704
-0.871622 -0.826563 0.796733 0.796733
-0.871622 0.522118 1.35451 1.35451
-0.871622 -0.476529 0.523033 0.523033
-0.871622 0.619999 1.55926 1.55926
-0.871622 0.407841 1.16982 1.16982
-0.871622 0.0266816 0.780269 0.780269
-0.871622 -0.568601 0.534223 0.534223
-0.871622 0.154212 0.886962 0.886962
-0.871622 0.65827 1.65415 1.65415
-0.871622 -0.0220297 0.743171 0.743171
-0.871622 0.856448 2.32418 2.32418
-0.871622 0.0433975 0.793424 0.793424
-0.871622 -0.869688 0.887453 0.887453
-0.871622 0.755655 1.9418 1.9418
-0.871622 -0.603688 0.547528 0.547528
-0.871622 0.787352 2.05183 2.05183
-0.871622 0.109162 0.847495 0.847495
-0.871622 -0.620735 0.556074 0.556074
-0.871622 0.646929 1.62506 1.62506
-0.871622 -0.0580066 0.716921 0.716921
-0.871622 -0.959505 1.13417 1.13417
-0.871622 0.898167 2.51255 2.51255
-0.871622 0.732633 1.86723 1.86723
-0.871622 -0.262876 0.588855 0.588855
-0.871622 -0.746804 0.669429 0.669429
-0.871622 0.796919 2.0868 2.0868
-0.871622 -0.451415 0.525043 0.525043
-0.871622 -0.375929 0.541533 0.541533
-0.871622 0.102936 0.842206 0.842206
-0.871622 0.105079 0.844022 0.844022
-0.871622 -0.500603 0.52299 0.52299
-0.871622 0.276373 1.00738 1.00738
-0.871622 -0.372804 0.542513 0.542513
-0.871622 0.022868 0.777298 0.777298
-0.871622 -0.103629 0.685052 0.685052
-0.871622 -0.964963 1.15194 1.15194
-0.871622 -0.95045 1.10544 1.10544
-0.871622 0.32777 1.06588 1.06588
-0.871622 0.189249 0.919283 0.919283
-0.871622 0.70782 1.7916 1.7916
-0.871622 -0.69426 0.610538 0.610538
-0.871622 0.0456976 0.795252 0.795252
-0.871622 -0.248783 0.596205 0.596205
-0.871622 -0.563948 0.532867 0.532867
-0.871622 -0.198647 0.624401 0.624401
-0.871622 0.147529 0.880967 0.880967
-0.871622 -0.776596 0.711267 0.711267
-0.871622 0.910515 2.57206 2.57206
-0.871622 0.526794 1.3632 1.3632
-0.871622 0.870333 2.38476 2.38476
-0.871622 -0.147492 0.656014 0.656014
-0.871622 0.567289 1.44278 1.44278
0.735172 0.967787 1.95446 1.95446
0.735172 -0.495302 0.365848 0.365848
0.735172 0.454299 0.877115 0.877115
0.735172 -0.369962 0.384699 0.384699
0.735172 -0.797462 0.488668 0.488668
0.735172 -0.520675 0.365668 0.365668
0.735172 0.678278 1.19332 1.19332
0.735172 -0.608339 0.377192 0.377192
0.735172 -0.0421921 0.51815 0.51815
0.735172 0.0353984 0.559953 0.559953
0.735172 -0.896209 0.6117 0.6117
0.735172 0.273647 0.713993 0.713993
0.735172 0.114832 0.606351 0.606351
0.735172 -0.984153 0.770765 0.770765
0.735172 0.24173 0.690341 0.690341
0.735172 -0.254967 0.421401 0.421401
0.735172 0.504451 0.934332 0.934332
0.735172 -0.132579 0.473556 0.473556
0.735172 -0.0343761 0.522215 0.522215
0.735172 -0.351854 0.389455 0.389455
0.735172 0.446562 0.868839 0.868839
0.735172 0.885723 1.68365 1.68365
0.735172 -0.49679 0.365799 0.365799
0.735172 -0.1886 0.448346 0.448346
0.735172 0.746372 1.32819 1.32819
0.735172 -0.368412 0.385089 0.385089
0.735172 -0.453428 0.369072 0.369072
0.735172 -0.297764 0.406058 0.406058
0.735172 0.385128 0.807733 0.807733
0.735172 0.152342 0.629744 0.629744
0.735172 0.899207 1.72469 1.72469
0.735172 0.352915 0.778618 0.778618
0.735172 0.65704 1.15561 1.15561
0.735172 0.353506 0.779136 0.779136
0.735172 0.982953 2.01032 2.01032
0.735172 0.859577 1.60769 1.60769
0.735172 0.832832 1.53468 1.53468
0.735172 0.661231 1.1629 1.1629
0.735172 -0.748762 0.446189 0.446189
0.735172 -0.209361 0.439548 0.439548
0.735172 -0.303371 0.404184 0.404184
0.735172 -0.644971 0.388492 0.388492
0.735172 -0.935713 0.676814 0.676814
0.735172 0.811461 1.47959 1.47959
0.735172 -0.629125 0.383084 0.383084
0.735172 0.306016 0.739288 0.739288
0.735172 -0.443506 0.370326 0.370326
0.735172 0.875326 1.65288 1.65288
0.735172 -0.826563 0.519483 0.519483
0.735172 0.522118 0.956081 0.956081
0.735172 -0.476529 0.366865 0.366865
0.735172 0.619999 1.09429 1.09429
0.735172 0.407841 0.829419 0.829419
0.735172 0.0266816 0.555093 0.555093
0.735172 -0.568601 0.369455 0.369455
0.735172 0.154212 0.630939 0.630939
0.735172 0.65827 1.15774 1.15774
0.735172 -0.0220297 0.528701 0.528701
0.735172 0.856448 1.59891 1.59891
0.735172 0.0433975 0.564451 0.564451
0.735172 -0.869688 0.573345 0.573345
0.735172 0.755655 1.34836 1.34836
0.735172 -0.603688 0.376053 0.376053
0.735172 0.787352 1.42073 1.42073
0.735172 0.109162 0.602904 0.602904
0.735172 -0.620735 0.380546 0.380546
0.735172 0.646929 1.13833 1.13833
0.735172 -0.0580066 0.510025 0.510025
0.735172 -0.959505 0.720932 0.720932
0.735172 0.898167 1.72148 1.72148
0.735172 0.732633 1.29916 1.29916
0.735172 -0.262876 0.418435 0.418435
0.735172 -0.746804 0.444704 0.444704
0.735172 0.796919 1.44369 1.44369
0.735172 -0.451415 0.369312 0.369312
0.735172 -0.375929 0.383228 0.383228
0.735172 0.102936 0.599144 0.599144
0.735172 0.105079 0.600435 0.600435
0.735172 -0.500603 0.365695 0.365695
0.735172 0.276373 0.71607 0.71607
0.735172 -0.372804 0.383992 0.383992
0.735172 0.022868 0.55298 0.55298
0.735172 -0.103629 0.487343 0.487343
0.735172 -0.964963 0.731598 0.731598
0.735172 -0.95045 0.703691 0.703691
0.735172 0.32777 0.75711 0.75711
0.735172 0.189249 0.653859 0.653859
0.735172 0.70782 1.24912 1.24912
0.735172 -0.69426 0.410791 0.410791
0.735172 0.0456976 0.565752 0.565752
0.735172 -0.248783 0.423759 0.423759
0.735172 -0.563948 0.368834 0.368834
0.735172 -0.198647 0.444049 0.444049
0.735172 0.147529 0.626683 0.626683
0.735172 -0.776596 0.469128 0.469128
0.735172 0.910515 1.76011 1.76011
0.735172 0.526794 0.961987 0.961987
0.735172 0.870333 1.63837 1.63837
0.735172 -0.147492 0.466649 0.466649
0.735172 0.567289 1.01591 1.01591
-0.0441354 0.967787 0.00512718 0.00512718
-0.0441354 -0.495302 0.00118704 0.00118704
-0.0441354 0.454299 0.00306813 0.00306813
-0.0441354 -0.369962 0.00134556 0.00134556
-0.0441354 -0.797462 0.000877487 0.000877487
-0.0441354 -0.520675 0.0011573 0.0011573
-0.0441354 0.678278 0.00383837 0.00383837
-0.0441354 -0.608339 0.00106017 0.00106017
-0.0441354 -0.0421921 0.00186746 0.00186746
-0.0441354 0.0353984 0.00201812 0.00201812
-0.0441354 -0.896209 0.000794978 0.000794978
-0.0441354 0.273647 0.00256105 0.00256105
-0.0441354 0.114832 0.00218497 0.00218497
-0.0441354 -0.984153 0.000728051 0.000728051
-0.0441354 0.24173 0.00248059 0.00248059
-0.0441354 -0.254967 0.00150954 0.00150954
-0.0441354 0.504451 0.00322592 0.00322592
-0.0441354 -0.132579 0.00170606 0.00170606
-0.0441354 -0.0343761 0.00188211 0.00188211
-0.0441354 -0.351854 0.00137014 0.00137014
-0.0441354 0.446562 0.00304448 0.00304448
-0.0441354 0.885723 0.00472322 0.00472322
-0.0441354 -0.49679 0.00118528 0.00118528
-0.0441354 -0.1886 0.00161312 0.00161312
-0.0441354 0.746372 0.00410884 0.00410884
-0.0441354 -0.368412 0.00134764 0.00134764
-0.0441354 -0.453428 0.00123781 0.00123781
-0.0441354 -0.297764 0.00144629 0.00144629
-0.0441354 0.385128 0.00286308 0.00286308
-0.0441354 0.152342 0.00226848 0.00226848
-0.0441354 0.899207 0.00478734 0.00478734
-0.0441354 0.352915 0.00277232 0.00277232
-0.0441354 0.65704 0.0037577 0.0037577
-0.0441354 0.353506 0.00277396 0.00277396
-0.0441354 0.982953 0.00520553 0.00520553
-0.0441354 0.859577 0.00460133 0.00460133
-0.0441354 0.832832 0.0044799 0.0044799
-0.0441354 0.661231 0.00377349 0.00377349
-0.0441354 -0.748762 0.000921278 0.000921278
-0.0441354 -0.209361 0.00157997 0.00157997
-0.0441354 -0.303371 0.00143821 0.00143821
-0.0441354 -0.644971 0.00102204 0.00102204
-0.0441354 -0.935713 0.000764186 0.000764186
-0.0441354 0.811461 0.00438517 0.00438517
-0.0441354 -0.629125 0.00103836 0.00103836
-0.0441354 0.306016 0.0026453 0.0026453
-0.0441354 -0.443506 0.00125015 0.00125015
-0.0441354 0.875326 0.00467437 0.00467437
-0.0441354 -0.826563 0.000852319 0.000852319
-0.0441354 0.522118 0.00328342 0.00328342
-0.0441354 -0.476529 0.00120954 0.00120954
-0.0441354 0.619999 0.00362106 0.00362106
-0.0441354 0.407841 0.00292885 0.00292885
-0.0441354 0.0266816 0.00200061 0.00200061
-0.0441354 -0.568601 0.00110315 0.00110315
-0.0441354 0.154212 0.00227273 0.00227273
-0.0441354 0.65827 0.00376233 0.00376233
-0.0441354 -0.0220297 0.00190549 0.00190549
-0.0441354 0.856448 0.00458696 0.00458696
-0.0441354 0.0433975 0.00203433 0.00203433
-0.0441354 -0.869688 0.000816344 0.000816344
-0.0441354 0.755655 0.00414716 0.00414716
-0.0441354 -0.603688 0.00106511 0.00106511
-0.0441354 0.787352 0.00428072 0.00428072
-0.0441354 0.109162 0.00217261 0.00217261
-0.0441354 -0.620735 0.00104711 0.00104711
-0.0441354 0.646929 0.0037199 0.0037199
-0.0441354 -0.0580066 0.00183815 0.00183815
-0.0441354 -0.959505 0.000746219 0.000746219
-0.0441354 0.898167 0.00478237 0.00478237
-0.0441354 0.732633 0.00405277 0.00405277
-0.0441354 -0.262876 0.00149764 0.00149764
-0.0441354 -0.746804 0.000923083 0.000923083
-0.0441354 0.796919 0.00432187 0.00432187
-0.0441354 -0.451415 0.0012403 0.0012403
-0.0441354 -0.375929 0.00133755 0.00133755
-0.0441354 0.102936 0.00215913 0.00215913
-0.0441354 0.105079 0.00216376 0.00216376
-0.0441354 -0.500603 0.00118077 0.00118077
-0.0441354 0.276373 0.00256804 0.00256804
-0.0441354 -0.372804 0.00134174 0.00134174
-0.0441354 0.022868 0.00199299 0.00199299
-0.0441354 -0.103629 0.00175618 0.00175618
-0.0441354 -0.964963 0.000742157 0.000742157
-0.0441354 -0.95045 0.000753006 0.000753006
-0.0441354 0.32777 0.00270348 0.00270348
-0.0441354 0.189249 0.00235377 0.00235377
-0.0441354 0.70782 0.00395345 0.00395345
-0.0441354 -0.69426 0.000972883 0.000972883
-0.0441354 0.0456976 0.00203901 0.00203901
-0.0441354 -0.248783 0.0015189 0.0015189
-0.0441354 -0.563948 0.00110829 0.00110829
-0.0441354 -0.198647 0.00159699 0.00159699
-0.0441354 0.147529 0.00225759 0.00225759
-0.0441354 -0.776596 0.000895989 0.000895989
-0.0441354 0.910515 0.00484179 0.00484179
-0.0441354 0.526794 0.00329881 0.00329881
-0.0441354 0.870333 0.00465109 0.00465109
-0.0441354 -0.147492 0.00168081 0.00168081
-0.0441354 0.567289 0.00343514 0.00343514
-0.246461 0.967787 0.160072 0.160072
-0.246461 -0.495302 0.0370289 0.0370289
-0.246461 0.454299 0.0956836 0.0956836
-0.246461 -0.369962 0.0419629 0.0419629
-0.246461 -0.797462 0.0274501 0.0274501
-0.246461 -0.520675 0.0361044 0.0361044
-0.246461 0.678278 0.119739 0.119739
-0.246461 -0.608339 0.0330891 0.0330891
-0.246461 -0.0421921 0.0582334 0.0582334
-0.246461 0.0353984 0.0629317 0.0629317
-0.246461 -0.896209 0.0249292 0.0249292
-0.246461 0.273647 0.079863 0.079863
-0.246461 0.114832 0.0681345 0.0681345
-0.246461 -0.984153 0.0229054 0.0229054
-0.246461 0.24173 0.0773538 0.0773538
-0.246461 -0.254967 0.0470732 0.0470732
-0.246461 0.504451 0.100609 0.100609
-0.246461 -0.132579 0.0532008 0.0532008
-0.246461 -0.0343761 0.0586903 0.0586903
-0.246461 -0.351854 0.0427288 0.0427288
-0.246461 0.446562 0.0949455 0.0949455
-0.246461 0.885723 0.147418 0.147418
-0.246461 -0.49679 0.0369741 0.0369741
-0.246461 -0.1886 0.0503026 0.0503026
-0.246461 0.746372 0.128194 0.128194
-0.246461 -0.368412 0.0420279 0.0420279
-0.246461 -0.453428 0.038608 0.038608
-0.246461 -0.297764 0.0451019 0.0451019
-0.246461 0.385128 0.0892848 0.0892848
-0.246461 0.152342 0.0707388 0.0707388
-0.246461 0.899207 0.149426 0.149426
-0.246461 0.352915 0.0864533 0.0864533
-0.246461 0.65704 0.117218 0.117218
-0.246461 0.353506 0.0865045 0.0865045
-0.246461 0.982953 0.162527 0.162527
-0.246461 0.859577 0.143602 0.143602
-0.246461 0.832832 0.139802 0.139802
-0.246461 0.661231 0.117711 0.117711
-0.246461 -0.748762 0.0287963 0.0287963
-0.246461 -0.209361 0.0492692 0.0492692
-0.246461 -0.303371 0.0448499 0.0448499
-0.246461 -0.644971 0.0319078 0.0319078
-0.246461 -0.935713 0.0239952 0.0239952
-0.246461 0.811461 0.136838 0.136838
-0.246461 -0.629125 0.0324133 0.0324133
-0.246461 0.306016 0.0824911 0.0824911
-0.246461 -0.443506 0.0389921 0.0389921
-0.246461 0.875326 0.145889 0.145889
-0.246461 -0.826563 0.0266788 0.0266788
-0.246461 0.522118 0.102404 0.102404
-0.246461 -0.476529 0.0377286 0.0377286
-0.246461 0.619999 0.112948 0.112948
-0.246461 0.407841 0.0913371 0.0913371
-0.246461 0.0266816 0.0623855 0.0623855
-0.246461 -0.568601 0.0344223 0.0344223
-0.246461 0.154212 0.0708713 0.0708713
-0.246461 0.65827 0.117362 0.117362
-0.246461 -0.0220297 0.0594194 0.0594194
-0.246461 0.856448 0.143152 0.143152
-0.246461 0.0433975 0.0634371 0.0634371
-0.246461 -0.869688 0.0255797 0.0255797
-0.246461 0.755655 0.129392 0.129392
-0.246461 -0.603688 0.0332424 0.0332424
-0.246461 0.787352 0.13357 0.13357
-0.246461 0.109162 0.0677492 0.0677492
-0.246461 -0.620735 0.0326843 0.0326843
-0.246461 0.646929 0.116037 0.116037
-0.246461 -0.0580066 0.0573197 0.0573197
-0.246461 -0.959505 0.0234524 0.0234524
-0.246461 0.898167 0.14927 0.14927
-0.246461 0.732633 0.126441 0.126441
-0.246461 -0.262876 0.0467025 0.0467025
-0.246461 -0.746804 0.0288519 0.0288519
-0.246461 0.796919 0.134857 0.134857
-0.246461 -0.451415 0.0386856 0.0386856
-0.246461 -0.375929 0.0417135 0.0417135
-0.246461 0.102936 0.0673287 0.0673287
-0.246461 0.105079 0.0674732 0.0674732
-0.246461 -0.500603 0.0368338 0.0368338
-0.246461 0.276373 0.080081 0.080081
-0.246461 -0.372804 0.0418439 0.0418439
-0.246461 0.022868 0.062148 0.062148
-0.246461 -0.103629 0.0547634 0.0547634
-0.246461 -0.964963 0.0233299 0.0233299
-0.246461 -0.95045 0.0236572 0.0236572
-0.246461 0.32777 0.0843058 0.0843058
-0.246461 0.189249 0.0733985 0.0733985
-0.246461 0.70782 0.123336 0.123336
-0.246461 -0.69426 0.0303878 0.0303878
-0.246461 0.0456976 0.0635832 0.0635832
-0.246461 -0.248783 0.0473651 0.0473651
-0.246461 -0.563948 0.034582 0.034582
-0.246461 -0.198647 0.0497998 0.0497998
-0.246461 0.147529 0.0703992 0.0703992
-0.246461 -0.776596 0.0280183 0.0280183
-0.246461 0.910515 0.151131 0.151131
-0.246461 0.526794 0.102884 0.102884
-0.246461 0.870333 0.14516 0.14516
-0.246461 -0.147492 0.0524133 0.0524133
-0.246461 0.567289 0.107141 0.107141
-0.39423 0.967787 0.416752 0.416752
-0.39423 -0.495302 0.0952357 0.0952357
-0.39423 0.454299 0.245165 0.245165
-0.39423 -0.369962 0.10752 0.10752
-0.39423 -0.797462 0.0735499 0.0735499
-0.39423 -0.520675 0.0929794 0.0929794
-0.39423 0.678278 0.308099 0.308099
-0.39423 -0.608339 0.0857848 0.0857848
-0.39423 -0.0421921 0.148996 0.148996
-0.39423 0.0353984 0.161017 0.161017
-0.39423 -0.896209 0.0690731 0.0690731
-0.39423 0.273647 0.204384 0.204384
-0.39423 0.114832 0.17433 0.17433
-0.39423 -0.984153 0.0662972 0.0662972
-0.39423 0.24173 0.197946 0.197946
-0.39423 -0.254967 0.120476 0.120476
-0.39423 0.504451 0.257949 0.257949
-0.39423 -0.132579 0.136122 0.136122
-0.39423 -0.0343761 0.150165 0.150165
-0.39423 -0.351854 0.109452 0.109452
-0.39423 0.446562 0.243254 0.243254
-0.39423 0.885723 0.382231 0.382231
-0.39423 -0.49679 0.0951013 0.0951013
-0.39423 -0.1886 0.128715 0.128715
-0.39423 0.746372 0.330542 0.330542
-0.39423 -0.368412 0.107684 0.107684
-0.39423 -0.453428 0.099129 0.099129
-0.39423 -0.297764 0.115462 0.115462
-0.39423 0.385128 0.228625 0.228625
-0.39423 0.152342 0.180997 0.180997
-0.39423 0.899207 0.387682 0.387682
-0.39423 0.352915 0.221327 0.221327
-0.39423 0.65704 0.301442 0.301442
-0.39423 0.353506 0.221459 0.221459
-0.39423 0.982953 0.423496 0.423496
-0.39423 0.859577 0.371898 0.371898
-0.39423 0.832832 0.361641 0.361641
-0.39423 0.661231 0.302743 0.302743
-0.39423 -0.748762 0.0762553 0.0762553
-0.39423 -0.209361 0.126076 0.126076
-0.39423 -0.303371 0.114822 0.114822
-0.39423 -0.644971 0.0830581 0.0830581
-0.39423 -0.935713 0.0676795 0.0676795
-0.39423 0.811461 0.353668 0.353668
-0.39423 -0.629125 0.0842172 0.0842172
-0.39423 0.306016 0.211134 0.211134
-0.39423 -0.443506 0.100082 0.100082
-0.39423 0.875326 0.378085 0.378085
-0.39423 -0.826563 0.0720874 0.0720874
-0.39423 0.522118 0.26262 0.26262
-0.39423 -0.476529 0.0969551 0.0969551
-0.39423 0.619999 0.290202 0.290202
-0.39423 0.407841 0.233922 0.233922
-0.39423 0.0266816 0.15962 0.15962
-0.39423 -0.568601 0.08893 0.08893
-0.39423 0.154212 0.181336 0.181336
-0.39423 0.65827 0.301823 0.301823
-0.39423 -0.0220297 0.152031 0.152031
-0.39423 0.856448 0.370682 0.370682
-0.39423 0.0433975 0.16231 0.16231
-0.39423 -0.869688 0.0701387 0.0701387
-0.39423 0.755655 0.333737 0.333737
-0.39423 -0.603688 0.0861429 0.0861429
-0.39423 0.787352 0.344903 0.344903
-0.39423 0.109162 0.173345 0.173345
-0.39423 -0.620735 0.0848435 0.0848435
-0.39423 0.646929 0.298328 0.298328
-0.39423 -0.0580066 0.146658 0.146658
-0.39423 -0.959505 0.0669547 0.0669547
-0.39423 0.898167 0.387259 0.387259
-0.39423 0.732633 0.325874 0.325874
-0.39423 -0.262876 0.119532 0.119532
-0.39423 -0.746804 0.0763707 0.0763707
-0.39423 0.796919 0.348353 0.348353
-0.39423 -0.451415 0.0993215 0.0993215
-0.39423 -0.375929 0.106892 0.106892
-0.39423 0.102936 0.172268 0.172268
-0.39423 0.105079 0.172638 0.172638
-0.39423 -0.500603 0.0947579 0.0947579
-0.39423 0.276373 0.204943 0.204943
-0.39423 -0.372804 0.10722 0.10722
-0.39423 0.022868 0.159012 0.159012
-0.39423 -0.103629 0.140119 0.140119
-0.39423 -0.964963 0.0668009 0.0668009
-0.39423 -0.95045 0.0672202 0.0672202
-0.39423 0.32777 0.2158 0.2158
-0.39423 0.189249 0.187808 0.187808
-0.39423 0.70782 0.317625 0.317625
-0.39423 -0.69426 0.0796551 0.0796551
-0.39423 0.0456976 0.162684 0.162684
-0.39423 -0.248783 0.12122 0.12122
-0.39423 -0.563948 0.089311 0.089311
-0.39423 -0.198647 0.127431 0.127431
-0.39423 0.147529 0.180127 0.180127
-0.39423 -0.776596 0.07467 0.07467
-0.39423 0.910515 0.392319 0.392319
-0.39423 0.526794 0.263872 0.263872
-0.39423 0.870333 0.376111 0.376111
-0.39423 -0.147492 0.134109 0.134109
-0.39423 0.567289 0.274981 0.274981
0.196971 0.967787 0.102151 0.102151
0.196971 -0.495302 0.0236449 0.0236449
0.196971 0.454299 0.0611103 0.0611103
0.196971 -0.369962 0.0268005 0.0268005
0.196971 -0.797462 0.0174917 0.0174917
0.196971 -0.520675 0.023053 0.023053
0.196971 0.678278 0.0764574 0.0764574
0.196971 -0.608339 0.0211206 0.0211206
0.196971 -0.0421921 0.0371946 0.0371946
0.196971 0.0353984 0.0401955 0.0401955
0.196971 -0.896209 0.0158571 0.0158571
0.196971 0.273647 0.0510093 0.0510093
0.196971 0.114832 0.0435186 0.0435186
0.196971 -0.984153 0.0145347 0.0145347
0.196971 0.24173 0.0494068 0.0494068
0.196971 -0.254967 0.030066 0.030066
0.196971 0.504451 0.0642539 0.0642539
0.196971 -0.132579 0.0339802 0.0339802
0.196971 -0.0343761 0.0374865 0.0374865
0.196971 -0.351854 0.02729 0.02729
0.196971 0.446562 0.0606392 0.0606392
0.196971 0.885723 0.094096 0.094096
0.196971 -0.49679 0.0236097 0.0236097
0.196971 -0.1886 0.0321289 0.0321289
0.196971 0.746372 0.0818481 0.0818481
0.196971 -0.368412 0.026842 0.026842
0.196971 -0.453428 0.0246552 0.0246552
0.196971 -0.297764 0.0288065 0.0288065
0.196971 0.385128 0.0570254 0.0570254
0.196971 0.152342 0.045182 0.045182
0.196971 0.899207 0.0953745 0.0953745
0.196971 0.352915 0.0552176 0.0552176
0.196971 0.65704 0.07485 0.07485
0.196971 0.353506 0.0552502 0.0552502
0.196971 0.982953 0.103714 0.103714
0.196971 0.859577 0.0916657 0.0916657
0.196971 0.832832 0.0892447 0.0892447
0.196971 0.661231 0.0751645 0.0751645
0.196971 -0.748762 0.0183607 0.0183607
0.196971 -0.209361 0.0314688 0.0314688
0.196971 -0.303371 0.0286455 0.0286455
0.196971 -0.644971 0.0203624 0.0203624
0.196971 -0.935713 0.0152482 0.0152482
0.196971 0.811461 0.0873564 0.0873564
0.196971 -0.629125 0.020687 0.020687
0.196971 0.306016 0.0526875 0.0526875
0.196971 -0.443506 0.024901 0.024901
0.196971 0.875326 0.0931219 0.0931219
0.196971 -0.826563 0.0169927 0.0169927
0.196971 0.522118 0.0653995 0.0653995
0.196971 -0.476529 0.0240926 0.0240926
0.196971 0.619999 0.072127 0.072127
0.196971 0.407841 0.0583357 0.0583357
0.196971 0.0266816 0.0398466 0.0398466
0.196971 -0.568601 0.0219755 0.0219755
0.196971 0.154212 0.0452666 0.0452666
0.196971 0.65827 0.0749422 0.0749422
0.196971 -0.0220297 0.0379522 0.0379522
0.196971 0.856448 0.0913791 0.0913791
0.196971 0.0433975 0.0405183 0.0405183
0.196971 -0.869688 0.01628 0.01628
0.196971 0.755655 0.0826119 0.0826119
0.196971 -0.603688 0.0212189 0.0212189
0.196971 0.787352 0.0852741 0.0852741
0.196971 0.109162 0.0432725 0.0432725
0.196971 -0.620735 0.0208609 0.0208609
0.196971 0.646929 0.0740967 0.0740967
0.196971 -0.0580066 0.036611 0.036611
0.196971 -0.959505 0.0148933 0.0148933
0.196971 0.898167 0.0952752 0.0952752
0.196971 0.732633 0.0807306 0.0807306
0.196971 -0.262876 0.0298291 0.0298291
0.196971 -0.746804 0.0183965 0.0183965
0.196971 0.796919 0.0860944 0.0860944
0.196971 -0.451415 0.0247049 0.0247049
0.196971 -0.375929 0.0266411 0.0266411
0.196971 0.102936 0.043004 0.043004
0.196971 0.105079 0.0430962 0.0430962
0.196971 -0.500603 0.02352 0.02352
0.196971 0.276373 0.0511485 0.0511485
0.196971 -0.372804 0.0267244 0.0267244
0.196971 0.022868 0.039695 0.039695
0.196971 -0.103629 0.0349783 0.0349783
0.196971 -0.964963 0.0148131 0.0148131
0.196971 -0.95045 0.0150273 0.0150273
0.196971 0.32777 0.0538463 0.0538463
0.196971 0.189249 0.0468807 0.0468807
0.196971 0.70782 0.078751 0.078751
0.196971 -0.69426 0.0193856 0.0193856
0.196971 0.0456976 0.0406116 0.0406116
0.196971 -0.248783 0.0302525 0.0302525
0.196971 -0.563948 0.0220778 0.0220778
0.196971 -0.198647 0.0318078 0.0318078
0.196971 0.147529 0.0449651 0.0449651
0.196971 -0.776596 0.0178588 0.0178588
0.196971 0.910515 0.09646 0.09646
0.196971 0.526794 0.0657061 0.0657061
0.196971 0.870333 0.0926578 0.0926578
0.196971 -0.147492 0.0334772 0.0334772
0.196971 0.567289 0.0684224 0.0684224
