10 10
0.551112 -0.347652 0.606724 0.606462
0.551112 -0.301795 0.587777 0.587798
0.551112 0.191566 0.551174 0.550912
0.551112 0.295718 0.585496 0.585453
0.551112 -0.194851 0.551483 0.551819
0.551112 -0.925383 0.881372 0.880568
0.551112 0.857401 0.851702 0.851713
0.551112 0.204756 0.554865 0.554631
0.551112 -0.792412 0.821424 0.822172
0.551112 0.70634 0.780814 0.780773
-0.950495 -0.347652 0.847963 0.847935
-0.950495 -0.301795 0.839983 0.839986
-0.950495 0.191566 0.824635 0.824663
-0.950495 0.295718 0.838991 0.838995
-0.950495 -0.194851 0.824972 0.825033
-0.950495 -0.925383 0.970387 0.970323
-0.950495 0.857401 0.958043 0.958036
-0.950495 0.204756 0.826158 0.826183
-0.950495 -0.792412 0.944903 0.944963
-0.950495 0.70634 0.926182 0.926202
-0.548159 -0.347652 0.604787 0.604475
-0.548159 -0.301795 0.585676 0.585702
-0.548159 0.191566 0.548723 0.548583
-0.548159 0.295718 0.583365 0.583343
-0.548159 -0.194851 0.54902 0.549495
-0.548159 -0.925383 0.880721 0.879853
-0.548159 0.857401 0.850883 0.850876
-0.548159 0.204756 0.552453 0.552326
-0.548159 -0.792412 0.820399 0.821212
-0.548159 0.70634 0.77962 0.779639
0.0278864 -0.347652 0.368221 0.341741
0.0278864 -0.301795 0.296036 0.298462
0.0278864 0.191566 0.165531 0.192378
0.0278864 0.295718 0.287502 0.292681
0.0278864 -0.194851 0.138521 0.195567
0.0278864 -0.925383 0.843494 0.799104
0.0278864 0.857401 0.757371 0.756441
0.0278864 0.204756 0.180561 0.205178
0.0278864 -0.792412 0.668488 0.712393
0.0278864 0.70634 0.641697 0.649473
-0.519828 -0.347652 0.585768 0.585394
-0.519828 -0.301795 0.565505 0.565536
-0.519828 0.191566 0.52634 0.526095
-0.519828 0.295718 0.563075 0.563036
-0.519828 -0.194851 0.526533 0.527068
-0.519828 -0.925383 0.874099 0.873036
-0.519828 0.857401 0.842905 0.842913
-0.519828 0.204756 0.530304 0.530084
-0.519828 -0.792412 0.81108 0.812076
-0.519828 0.70634 0.768848 0.768827
-0.742686 -0.347652 0.731242 0.731164
-0.742686 -0.301795 0.718506 0.718513
-0.742686 0.191566 0.693986 0.693974
-0.742686 0.295718 0.716937 0.716934
-0.742686 -0.194851 0.694436 0.694569
-0.742686 -0.925383 0.927303 0.927084
-0.742686 0.857401 0.90626 0.906254
-0.742686 0.204756 0.69643 0.696418
-0.742686 -0.792412 0.884589 0.884792
-0.742686 0.70634 0.854669 0.854682
0.216128 -0.347652 0.403418 0.39802
0.216128 -0.301795 0.36227 0.362737
0.216128 0.191566 0.283946 0.284808
0.216128 0.295718 0.357729 0.358144
0.216128 -0.194851 0.27796 0.286905
0.216128 -0.925383 0.824869 0.813583
0.216128 0.857401 0.773599 0.773422
0.216128 0.204756 0.292381 0.29334
0.216128 -0.792412 0.721091 0.732071
0.216128 0.70634 0.671956 0.673303
0.68464 -0.347652 0.694684 0.69459
0.68464 -0.301795 0.680317 0.680325
0.68464 0.191566 0.652644 0.652543
0.68464 0.295718 0.67856 0.678541
0.68464 -0.194851 0.653095 0.653218
0.68464 -0.925383 0.913526 0.913219
0.68464 0.857401 0.889933 0.889938
0.68464 0.204756 0.655409 0.655317
0.68464 -0.792412 0.86575 0.866032
0.68464 0.70634 0.832571 0.832548
-0.0900999 -0.347652 0.366956 0.351467
-0.0900999 -0.301795 0.308389 0.309776
-0.0900999 0.191566 0.200072 0.210119
-0.0900999 0.295718 0.301829 0.304239
-0.0900999 -0.194851 0.183468 0.213028
-0.0900999 -0.925383 0.829476 0.801476
-0.0900999 0.857401 0.75981 0.759225
-0.0900999 0.204756 0.212244 0.221841
-0.0900999 -0.792412 0.688064 0.715625
-0.0900999 0.70634 0.648859 0.653397
0.524236 -0.347652 0.58874 0.588365
0.524236 -0.301795 0.568648 0.56868
0.524236 0.191566 0.529788 0.52961
0.524236 0.295718 0.566229 0.566202
0.524236 -0.194851 0.530008 0.530573
0.524236 -0.925383 0.875128 0.87409
0.524236 0.857401 0.844149 0.844144
0.524236 0.204756 0.533719 0.53356
0.524236 -0.792412 0.812514 0.813489
0.524236 0.70634 0.770483 0.7705
