100
0.966835 12.8321 12.8321
-0.351926 0.771175 0.771175
-0.632874 0.557789 0.557789
-0.232719 0.835741 0.835741
-0.338364 0.778684 0.778684
-0.732287 0.432294 0.432294
0.428177 2.29519 2.29519
-0.656062 0.531741 0.531741
0.717289 5.81864 5.81864
0.570689 3.58363 3.58363
0.962288 12.6587 12.6587
-0.515989 0.665154 0.665154
0.92471 11.2977 11.2977
-0.0939078 0.920731 0.920731
0.219261 1.36914 1.36914
0.981326 13.3975 13.3975
-0.866491 0.195221 0.195221
-0.0257733 0.975489 0.975489
-0.427024 0.72699 0.72699
-0.662147 0.524602 0.524602
-0.262614 0.819558 0.819558
-0.823677 0.28041 0.28041
0.375749 1.97838 1.97838
-0.962046 -0.0309028 -0.0309028
0.499527 2.85181 2.85181
-0.391866 0.748333 0.748333
0.616196 4.16209 4.16209
0.698742 5.47234 5.47234
0.177367 1.26743 1.26743
0.0542128 1.06077 1.06077
-0.725365 0.442273 0.442273
0.144203 1.19985 1.19985
0.702287 5.53696 5.53696
-0.358239 0.767643 0.767643
0.911484 10.8484 10.8484
-0.636077 0.554297 0.554297
-0.0905259 0.923168 0.923168
0.339661 1.79809 1.79809
-0.292139 0.803724 0.803724
-0.373237 0.759142 0.759142
-0.0896501 0.923804 0.923804
-0.329851 0.78335 0.78335
0.110774 1.14146 1.14146
-0.16494 0.874342 0.874342
0.576241 3.64926 3.64926
-0.669964 0.515238 0.515238
-0.183613 0.863318 0.863318
0.709749 5.6754 5.6754
0.304262 1.64697 1.64697
0.389363 2.05403 2.05403
-0.952398 -0.00570939 -0.00570939
-0.958351 -0.0211905 -0.0211905
0.565686 3.5256 3.5256
0.423351 2.26304 2.26304
-0.920398 0.0739881 0.0739881
0.0652124 1.07491 1.07491
-0.968514 -0.0480972 -0.0480972
0.695798 5.41922 5.41922
-0.236045 0.833925 0.833925
0.208853 1.34199 1.34199
-0.249989 0.826359 0.826359
0.0385899 1.04181 1.04181
-0.646945 0.542199 0.542199
-0.547702 0.639483 0.639483
0.680351 5.14867 5.14867
-0.735461 0.427651 0.427651
-0.183779 0.863221 0.863221
-0.410175 0.737388 0.737388
0.6042 4.00044 4.00044
0.524081 3.08247 3.08247
0.216589 1.36204 1.36204
-0.48545 0.687898 0.687898
-0.80577 0.313275 0.313275
-0.672637 0.511986 0.511986
0.34961 1.845 1.845
0.770471 6.92959 6.92959
-0.342602 0.776349 0.776349
-0.834003 0.260729 0.260729
0.48022 2.68525 2.68525
0.961661 12.6349 12.6349
0.555359 3.40915 3.40915
0.527822 3.11955 3.11955
-0.996691 -0.125888 -0.125888
0.121045 1.15845 1.15845
-0.0488266 0.9555 0.9555
-0.917089 0.0818958 0.0818958
-0.813743 0.298839 0.298839
-0.0173411 0.98324 0.98324
0.778709 7.11821 7.11821
-0.0497879 0.954702 0.954702
-0.808488 0.308388 0.308388
-0.47128 0.697869 0.697869
0.988802 13.697 13.697
-0.455433 0.708628 0.708628
-0.0189827 0.981711 0.981711
0.669153 4.96087 4.96087
-0.190894 0.859114 0.859114
0.797238 7.55948 7.55948
-0.741022 0.419412 0.419412
-0.586694 0.6046 0.6046
