50
1
-1
-0.000157095
0.577238
-0.658652
0.839209
-0.870003
-0.305609
0.321718
0.942979
-0.952684
-0.479456
0.712584
0.155984
-0.774857
0.979473
-0.161258
-0.983328
0.461435
0.891839
-0.571838
-0.912546
0.649143
-0.0798763
0.242166
-0.722215
0.992655
-0.390688
0.782153
-0.994063
0.397618
-0.82634
0.91997
-0.235148
0.081129
-0.934763
0.964218
0.524286
-0.528293
0.74944
-0.970803
-0.619763
0.865318
0.19896
-0.348655
0.997458
-0.848647
0.61358
-0.119265
-0.997926
100
1
-1
-0.000157095
0.577238
-0.658652
0.839209
-0.870003
-0.305609
0.321718
0.942979
-0.952684
-0.479456
0.712584
0.155984
-0.774857
0.979473
-0.161258
-0.983328
0.461435
0.891839
-0.571838
-0.912546
0.649143
-0.0798763
0.242166
-0.722215
0.992655
-0.390688
0.782153
-0.994063
0.397618
-0.82634
0.91997
-0.235148
0.081129
-0.934763
0.964218
0.524286
-0.528293
0.74944
-0.970803
-0.619763
0.865318
0.19896
-0.348655
0.997458
-0.848647
0.61358
-0.119265
-0.997926
0.360113
-0.694274
0.812108
0.0397347
-0.893398
0.986219
-0.43645
0.681504
-0.797945
0.491541
-0.20173
0.95354
-0.988838
0.280376
-0.747773
0.906142
-0.0391068
-0.961934
0.55235
-0.504618
0.999074
-0.273432
0.120513
-0.924105
0.797376
-0.597327
0.931944
0.427666
-0.999253
0.73085
-0.413127
-0.812658
0.972657
0.220157
-0.676198
0.85294
-0.977264
-0.059504
0.631284
-0.881972
-0.327068
0.995075
0.340691
-0.551039
0.879592
-0.944227
0.0607585
0.696081
-0.760972
-0.181069
