2
16 14 1
100
0 0 0
0 2 0
0 1 0
2 0 0
1 0 0
2 1 0
1 1 0
2 2 0
1 2 0
3 0 0
3 2 0
3 1 0
4 0 0
4 2 0
4 1 0
0 3 0
4 3 0
3 3 0
1 3 0
2 3 0
0 4 0
4 4 0
3 4 0
1 4 0
2 4 0
3 8 0
5 4 0
4 8 0
8 4 0
3 5 0
5 3 0
4 5 0
8 3 0
0 8 0
7 8 0
6 8 0
8 8 0
5 8 0
0 5 0
7 5 0
6 5 0
8 5 0
5 5 0
8 0 0
8 6 0
8 7 0
8 10 0
8 15 0
15 5 0
15 8 0
5 0 0
5 6 0
5 7 0
5 10 0
5 15 0
10 5 0
10 8 0
2 8 0
15 15 0
1 8 0
10 15 0
2 5 0
15 10 0
1 5 0
10 10 0
8 1 0
8 2 0
5 1 0
5 2 0
3 7 0
6 7 0
6 13 0
12 13 0
12 7 0
6 4 0
4 7 0
7 7 0
7 13 0
13 13 0
13 7 0
7 4 0
3 6 0
6 6 0
6 12 0
12 12 0
12 6 0
6 3 0
4 6 0
7 6 0
7 12 0
13 12 0
13 6 0
7 3 0
14 3 0
28 3 0
28 5 0
56 3 0
56 5 0
56 6 0
4 11 0
