1 1000 0
-0.999754 1 -2.99606
-0.998966 1 -2.98349
-0.998246 1 -2.97204
-0.996998 1 -2.95231
-0.996813 1 -2.94939
-0.991858 1 -2.87222
-0.988841 1 -2.82612
-0.987987 1 -2.81318
-0.987236 1 -2.80186
-0.985407 1 -2.77444
-0.985296 1 -2.7728
-0.983862 1 -2.75147
-0.979496 1 -2.68747
-0.976423 1 -2.64322
-0.975913 1 -2.63595
-0.974577 1 -2.61696
-0.97453 1 -2.61629
-0.970948 1 -2.566
-0.970473 1 -2.55939
-0.965433 1 -2.49025
-0.963204 1 -2.4602
-0.962603 1 -2.45215
-0.960583 1 -2.42529
-0.955229 1 -2.35533
-0.952599 1 -2.32164
-0.949632 1 -2.28415
-0.949261 1 -2.27949
-0.94716 1 -2.25332
-0.946957 1 -2.2508
-0.940361 1 -2.17045
-0.938712 1 -2.15076
-0.936316 1 -2.12244
-0.935502 1 -2.1129
-0.934659 1 -2.10305
-0.933765 1 -2.09266
-0.932811 1 -2.08162
-0.931861 1 -2.07067
-0.93024 1 -2.05212
-0.92859 1 -2.03338
-0.928481 1 -2.03216
-0.918189 1 -1.91878
-0.916465 1 -1.90034
-0.916067 1 -1.89612
-0.915211 1 -1.88704
-0.914038 1 -1.87467
-0.911864 1 -1.85194
-0.91069 1 -1.83977
-0.9105 1 -1.8378
-0.908062 1 -1.81277
-0.904528 1 -1.77704
-0.902235 1 -1.75419
-0.899915 1 -1.73135
-0.898901 1 -1.72144
-0.897455 1 -1.70741
-0.895129 1 -1.68505
-0.893797 1 -1.67237
-0.892038 1 -1.65575
-0.89102 1 -1.64619
-0.888567 1 -1.62339
-0.887351 1 -1.61218
-0.884597 1 -1.58706
-0.88457 1 -1.58682
-0.878674 1 -1.53423
-0.878152 1 -1.52965
-0.877672 1 -1.52545
-0.876137 1 -1.51208
-0.875024 1 -1.50246
-0.870863 1 -1.46698
-0.868982 1 -1.45117
-0.86561 1 -1.42324
-0.864995 1 -1.4182
-0.863608 1 -1.40689
-0.85627 1 -1.34837
-0.855851 1 -1.3451
-0.854936 1 -1.33797
-0.853739 1 -1.3287
-0.851882 1 -1.31443
-0.851244 1 -1.30956
-0.849679 1 -1.29769
-0.846102 1 -1.2709
-0.844967 1 -1.26251
-0.842264 1 -1.24272
-0.841294 1 -1.23569
-0.840276 1 -1.22834
-0.839474 1 -1.22258
-0.831579 1 -1.16719
-0.831202 1 -1.1646
-0.828114 1 -1.1436
-0.827769 1 -1.14128
-0.827139 1 -1.13704
-0.825496 1 -1.12606
-0.822901 1 -1.10892
-0.819918 1 -1.0895
-0.818331 1 -1.0793
-0.816152 1 -1.06542
-0.815666 1 -1.06235
-0.815314 1 -1.06013
-0.813212 1 -1.04696
-0.811971 1 -1.03925
-0.809234 1 -1.02244
-0.808022 1 -1.01507
-0.804936 1 -0.996528
-0.802042 1 -0.979419
-0.797073 1 -0.950658
-0.796229 1 -0.945846
-0.795084 1 -0.939358
-0.794321 1 -0.935054
-0.792276 1 -0.923609
-0.790729 1 -0.915041
-0.788384 1 -0.902182
-0.786255 1 -0.890652
-0.785913 1 -0.888812
-0.785797 1 -0.888188
-0.785197 1 -0.88497
-0.783979 1 -0.878472
-0.778137 1 -0.847891
-0.776996 1 -0.842031
-0.774164 1 -0.827645
-0.77373 1 -0.825463
-0.768764 1 -0.80083
-0.763572 1 -0.775791
-0.761593 1 -0.766434
-0.760744 1 -0.762453
-0.758545 1 -0.752222
-0.757388 1 -0.746889
-0.753522 1 -0.729319
-0.750157 1 -0.714334
-0.747059 1 -0.700783
-0.746419 1 -0.698011
-0.743829 1 -0.686899
-0.743149 1 -0.68401
-0.737579 1 -0.660743
-0.736036 1 -0.654423
-0.72753 1 -0.620566
-0.727013 1 -0.61856
-0.726881 1 -0.618051
-0.725084 1 -0.611131
-0.722032 1 -0.599535
-0.719366 1 -0.589571
-0.718685 1 -0.587051
-0.717027 1 -0.580953
-0.708966 1 -0.552114
-0.708214 1 -0.549492
-0.705999 1 -0.541829
-0.70535 1 -0.539602
-0.703126 1 -0.532036
-0.70218 1 -0.528847
-0.701765 1 -0.527455
-0.69981 1 -0.520933
-0.699316 1 -0.519297
-0.697748 1 -0.514137
-0.694144 1 -0.502446
-0.691557 1 -0.494203
-0.691556 1 -0.4942
-0.690933 1 -0.492234
-0.688521 1 -0.484687
-0.6883 1 -0.483999
-0.687265 1 -0.4808
-0.686636 1 -0.478862
-0.685644 1 -0.475824
-0.685236 1 -0.474576
-0.684075 1 -0.47105
-0.678855 1 -0.455482
-0.678673 1 -0.454949
-0.67762 1 -0.451868
-0.676812 1 -0.449516
-0.670643 1 -0.431932
-0.669247 1 -0.428041
-0.668721 1 -0.42658
-0.66769 1 -0.423736
-0.662788 1 -0.410442
-0.656411 1 -0.393712
-0.65502 1 -0.390145
-0.651363 1 -0.380907
-0.648315 1 -0.373362
-0.648216 1 -0.373118
-0.644527 1 -0.36417
-0.640295 1 -0.354144
-0.638875 1 -0.350837
-0.638775 1 -0.350605
-0.638766 1 -0.350584
-0.638527 1 -0.350029
-0.636192 1 -0.344662
-0.633655 1 -0.338916
-0.631898 1 -0.334986
-0.627486 1 -0.3253
-0.627276 1 -0.324845
-0.625833 1 -0.321737
-0.624299 1 -0.318461
-0.622393 1 -0.314433
-0.621147 1 -0.311827
-0.618978 1 -0.307333
-0.617635 1 -0.30458
-0.617045 1 -0.303377
-0.616133 1 -0.301529
-0.61588 1 -0.301017
-0.613341 1 -0.295927
-0.607202 1 -0.283941
-0.605843 1 -0.281348
-0.601429 1 -0.273072
-0.60108 1 -0.272428
-0.600068 1 -0.270565
-0.595739 1 -0.262728
-0.595233 1 -0.261826
-0.594834 1 -0.261115
-0.592965 1 -0.257814
-0.590057 1 -0.252752
-0.58798 1 -0.24919
-0.587135 1 -0.247755
-0.58686 1 -0.247289
-0.586659 1 -0.246949
-0.584407 1 -0.243171
-0.584153 1 -0.242748
-0.584015 1 -0.242519
-0.583501 1 -0.241666
-0.582053 1 -0.239276
-0.577293 1 -0.231574
-0.576657 1 -0.230561
-0.57624 1 -0.2299
-0.572447 1 -0.223961
-0.571928 1 -0.22316
-0.564724 1 -0.212292
-0.562447 1 -0.208958
-0.561894 1 -0.208155
-0.561577 1 -0.207696
-0.555728 1 -0.199391
-0.555466 1 -0.199026
-0.555134 1 -0.198564
-0.554708 1 -0.197973
-0.553384 1 -0.196147
-0.545242 1 -0.185243
-0.545213 1 -0.185205
-0.545029 1 -0.184966
-0.543643 1 -0.183167
-0.54232 1 -0.181464
-0.540345 1 -0.17895
-0.539551 1 -0.177947
-0.538964 1 -0.17721
-0.537742 1 -0.175683
-0.536483 1 -0.174122
-0.536323 1 -0.173924
-0.53462 1 -0.171835
-0.528914 1 -0.164996
-0.52726 1 -0.163059
-0.525362 1 -0.160863
-0.519538 1 -0.154285
-0.514147 1 -0.14841
-0.512956 1 -0.14714
-0.504293 1 -0.138185
-0.494826 1 -0.128954
-0.492222 1 -0.126513
-0.490928 1 -0.125315
-0.490111 1 -0.124564
-0.482352 1 -0.117625
-0.481827 1 -0.117168
-0.481149 1 -0.11658
-0.480428 1 -0.115959
-0.480203 1 -0.115765
-0.479689 1 -0.115324
-0.477104 1 -0.113128
-0.47677 1 -0.112847
-0.476029 1 -0.112225
-0.475146 1 -0.111489
-0.4749 1 -0.111285
-0.469398 1 -0.106798
-0.466332 1 -0.104368
-0.462684 1 -0.101539
-0.461805 1 -0.100867
-0.46132 1 -0.100498
-0.461309 1 -0.10049
-0.459324 1 -0.0989928
-0.455512 1 -0.096172
-0.453369 1 -0.0946169
-0.450177 1 -0.0923415
-0.446704 1 -0.0899206
-0.443753 1 -0.0879069
-0.443637 1 -0.0878286
-0.442959 1 -0.0873718
-0.441451 1 -0.086363
-0.43923 1 -0.0848962
-0.437105 1 -0.0835126
-0.435211 1 -0.0822966
-0.431361 1 -0.0798707
-0.430752 1 -0.0794926
-0.426858 1 -0.0771121
-0.426431 1 -0.076855
-0.425274 1 -0.0761617
-0.42126 1 -0.0737975
-0.418728 1 -0.0723391
-0.417467 1 -0.0716219
-0.411236 1 -0.0681671
-0.409496 1 -0.0672281
-0.408568 1 -0.0667317
-0.408456 1 -0.0666724
-0.401909 1 -0.0632619
-0.400378 1 -0.062486
-0.399662 1 -0.0621262
-0.395992 1 -0.0603083
-0.395963 1 -0.0602941
-0.394816 1 -0.0597352
-0.391208 1 -0.0580064
-0.386693 1 -0.0559023
-0.385399 1 -0.0553113
-0.384795 1 -0.0550372
-0.383294 1 -0.054361
-0.381429 1 -0.0535309
-0.370297 1 -0.048792
-0.367505 1 -0.04766
-0.366029 1 -0.0470706
-0.36428 1 -0.0463795
-0.360537 1 -0.0449296
-0.358827 1 -0.0442796
-0.358787 1 -0.0442648
-0.357279 1 -0.0436981
-0.357228 1 -0.043679
-0.355959 1 -0.0432073
-0.355721 1 -0.0431194
-0.354846 1 -0.0427968
-0.353659 1 -0.0423627
-0.353325 1 -0.0422411
-0.352998 1 -0.0421223
-0.35016 1 -0.0411039
-0.348464 1 -0.040505
-0.345447 1 -0.0394569
-0.345435 1 -0.0394527
-0.34154 1 -0.0381328
-0.340503 1 -0.0377878
-0.339461 1 -0.0374434
-0.339181 1 -0.0373512
-0.338677 1 -0.0371857
-0.338606 1 -0.0371625
-0.337675 1 -0.0368589
-0.334106 1 -0.0357133
-0.328726 1 -0.0340412
-0.325914 1 -0.0331929
-0.324926 1 -0.0328986
-0.323105 1 -0.0323623
-0.323056 1 -0.0323478
-0.320996 1 -0.0317496
-0.319505 1 -0.0313221
-0.31459 1 -0.0299456
-0.309426 1 -0.0285515
-0.308683 1 -0.0283552
-0.305649 1 -0.0275648
-0.30349 1 -0.0270131
-0.301926 1 -0.0266189
-0.301826 1 -0.0265938
-0.300643 1 -0.0262987
-0.30052 1 -0.0262683
-0.300165 1 -0.0261803
-0.296884 1 -0.0253786
-0.296708 1 -0.0253362
-0.296428 1 -0.0252687
-0.293583 1 -0.0245913
-0.292385 1 -0.0243105
-0.291426 1 -0.0240873
-0.290473 1 -0.0238672
-0.285555 1 -0.0227561
-0.28478 1 -0.0225847
-0.283128 1 -0.0222227
-0.271993 1 -0.0198976
-0.271316 1 -0.0197624
-0.270706 1 -0.0196414
-0.269832 1 -0.0194689
-0.26925 1 -0.0193545
-0.269099 1 -0.019325
-0.268335 1 -0.019176
-0.264015 1 -0.0183496
-0.263401 1 -0.0182342
-0.260165 1 -0.017636
-0.260046 1 -0.0176141
-0.259782 1 -0.017566
-0.257479 1 -0.0171505
-0.255723 1 -0.0168387
-0.254087 1 -0.016552
-0.252075 1 -0.0162045
-0.24961 1 -0.0157861
-0.249533 1 -0.0157731
-0.247551 1 -0.0154428
-0.244998 1 -0.0150249
-0.24456 1 -0.014954
-0.244527 1 -0.0149487
-0.24248 1 -0.0146209
-0.238198 1 -0.0139525
-0.234266 1 -0.0133587
-0.232711 1 -0.0131289
-0.231304 1 -0.0129237
-0.231094 1 -0.0128932
-0.230683 1 -0.0128338
-0.228453 1 -0.0125148
-0.227614 1 -0.0123962
-0.227472 1 -0.0123763
-0.226144 1 -0.0121905
-0.219254 1 -0.0112591
-0.219222 1 -0.0112549
-0.217302 1 -0.0110048
-0.216641 1 -0.0109196
-0.215432 1 -0.010765
-0.213238 1 -0.0104885
-0.212751 1 -0.0104278
-0.209214 1 -0.00999441
-0.208982 1 -0.00996637
-0.208007 1 -0.00984949
-0.207227 1 -0.00975662
-0.206694 1 -0.00969356
-0.205118 1 -0.00950865
-0.204649 1 -0.00945413
-0.19923 1 -0.0088397
-0.198855 1 -0.00879828
-0.197197 1 -0.0086166
-0.195853 1 -0.00847127
-0.19495 1 -0.00837456
-0.192703 1 -0.00813728
-0.192699 1 -0.00813696
-0.192451 1 -0.00811102
-0.19238 1 -0.00810357
-0.191295 1 -0.0079911
-0.190475 1 -0.00790672
-0.187854 1 -0.0076412
-0.185062 1 -0.00736522
-0.176313 1 -0.00654435
-0.175214 1 -0.00644592
-0.172154 1 -0.00617689
-0.171397 1 -0.00611155
-0.169811 1 -0.00597611
-0.167072 1 -0.00574698
-0.164273 1 -0.00551889
-0.159684 1 -0.00515815
-0.159662 1 -0.00515648
-0.157593 1 -0.00499907
-0.151303 1 -0.00454001
-0.150358 1 -0.00447358
-0.150029 1 -0.00445057
-0.144918 1 -0.00410302
-0.142964 1 -0.00397496
-0.14146 1 -0.00387815
-0.141213 1 -0.00386241
-0.14084 1 -0.0038387
-0.140706 1 -0.00383024
-0.138457 1 -0.00368941
-0.138121 1 -0.00366867
-0.128205 1 -0.00308935
-0.122811 1 -0.00280013
-0.121296 1 -0.0027221
-0.120659 1 -0.00268965
-0.117426 1 -0.00252884
-0.114757 1 -0.00240065
-0.113324 1 -0.00233352
-0.110193 1 -0.00219087
-0.106705 1 -0.00203836
-0.104752 1 -0.00195586
-0.104079 1 -0.0019279
-0.0962128 1 -0.00161895
-0.0952467 1 -0.00158321
-0.0917869 1 -0.0014591
-0.0870991 1 -0.00130041
-0.0851468 1 -0.00123747
-0.0845852 1 -0.0012197
-0.0746053 1 -0.000928511
-0.0744298 1 -0.000923797
-0.0738621 1 -0.000908643
-0.0730944 1 -0.00088838
-0.0729453 1 -0.000884476
-0.070136 1 -0.000812726
-0.0691886 1 -0.00078931
-0.0690474 1 -0.000785852
-0.0671684 1 -0.00074067
-0.0598159 1 -0.000578241
-0.0595742 1 -0.000573283
-0.0586981 1 -0.000555511
-0.0579928 1 -0.000541428
-0.0547596 1 -0.000479444
-0.0543676 1 -0.000472213
-0.0538645 1 -0.000463021
-0.053662 1 -0.00045935
-0.0532108 1 -0.000451227
-0.0525753 1 -0.000439922
-0.0508528 1 -0.000410076
-0.0494897 1 -0.000387274
-0.046214 1 -0.000335388
-0.0424219 1 -0.000280372
-0.0418876 1 -0.000273049
-0.0407843 1 -0.000258259
-0.0402401 1 -0.000251128
-0.0392856 1 -0.00023888
-0.0390335 1 -0.000235701
-0.0389714 1 -0.00023492
-0.0385767 1 -0.000229997
-0.0309765 1 -0.000145981
-0.0273664 1 -0.000113094
-0.0253318 1 -9.64984e-05
-0.0241897 1 -8.77871e-05
-0.0230327 1 -7.94019e-05
-0.0225773 1 -7.62218e-05
-0.0220908 1 -7.28997e-05
-0.021706 1 -7.03273e-05
-0.0214939 1 -6.89295e-05
-0.0200602 1 -5.9865e-05
-0.00940882 1 -1.28879e-05
-0.00855437 1 -1.06351e-05
-0.00806523 1 -9.44428e-06
-0.00795899 1 -9.19514e-06
-0.00654638 1 -6.20311e-06
-0.0011368 1 -1.85036e-07
-0.000482645 1 -3.33102e-08
0.00144705 1 -2.98271e-07
0.00190267 1 -5.15205e-07
0.00572743 1 -4.63298e-06
0.00576222 1 -4.68911e-06
0.010684 1 -1.59639e-05
0.0109096 1 -1.66377e-05
0.0128329 1 -2.29336e-05
0.0136344 1 -2.58469e-05
0.0157774 1 -3.44646e-05
0.0168356 1 -3.91613e-05
0.0193234 1 -5.13386e-05
0.0226857 1 -7.02946e-05
0.0266138 1 -9.60068e-05
0.0270061 1 -9.87822e-05
0.0273628 1 -0.000101339
0.0286289 1 -0.000110661
0.040823 1 -0.000219765
0.0409929 1 -0.000221525
0.048944 1 -0.000311025
0.049135 1 -0.000313344
0.0502655 1 -0.000327223
0.0507323 1 -0.000333032
0.0581341 1 -0.000431204
0.0585019 1 -0.000436374
0.0622146 1 -0.000490075
0.0634459 1 -0.000508485
0.0669563 1 -0.00056259
0.0729512 1 -0.000660398
0.0763537 1 -0.000718871
0.0778402 1 -0.000745076
0.0801775 1 -0.000787074
0.0804196 1 -0.000791479
0.085392 1 -0.000884224
0.0887599 1 -0.000949446
0.0915967 1 -0.00100586
0.0950879 1 -0.00107709
0.0973586 1 -0.00112448
0.0992564 1 -0.00116471
0.0996422 1 -0.00117296
0.100567 1 -0.00119282
0.101286 1 -0.00120836
0.10159 1 -0.00121496
0.102659 1 -0.00123826
0.10308 1 -0.00124748
0.106445 1 -0.00132217
0.109029 1 -0.00138069
0.109947 1 -0.00140171
0.110296 1 -0.00140973
0.110747 1 -0.00142014
0.11311 1 -0.00147509
0.113299 1 -0.00147954
0.11441 1 -0.00150568
0.119787 1 -0.0016347
0.120881 1 -0.00166145
0.132775 1 -0.00196258
0.132921 1 -0.0019664
0.134587 1 -0.00201007
0.13461 1 -0.00201067
0.134988 1 -0.00202065
0.137169 1 -0.00207845
0.13793 1 -0.00209878
0.138396 1 -0.00211123
0.138435 1 -0.00211229
0.140099 1 -0.00215704
0.140256 1 -0.00216129
0.140951 1 -0.00218011
0.141049 1 -0.00218275
0.142891 1 -0.00223291
0.146107 1 -0.00232146
0.146738 1 -0.00233897
0.147429 1 -0.00235819
0.152699 1 -0.00250669
0.156981 1 -0.00262962
0.157557 1 -0.0026463
0.165151 1 -0.00286964
0.16746 1 -0.00293877
0.167826 1 -0.00294975
0.169022 1 -0.00298582
0.172465 1 -0.00309039
0.172932 1 -0.00310464
0.174119 1 -0.00314102
0.175778 1 -0.0031921
0.176527 1 -0.00321524
0.176892 1 -0.00322656
0.178143 1 -0.00326535
0.178623 1 -0.00328029
0.179502 1 -0.00330769
0.17976 1 -0.00331575
0.179792 1 -0.00331674
0.185168 1 -0.00348604
0.186288 1 -0.00352164
0.186793 1 -0.00353772
0.187112 1 -0.00354789
0.188064 1 -0.00357832
0.191091 1 -0.00367552
0.192411 1 -0.00371818
0.194657 1 -0.00379108
0.198693 1 -0.00392314
0.199341 1 -0.00394446
0.199663 1 -0.00395506
0.206747 1 -0.00419052
0.209041 1 -0.00426761
0.209347 1 -0.0042779
0.214358 1 -0.00444774
0.215028 1 -0.00447056
0.216132 1 -0.00450828
0.217016 1 -0.00453856
0.21771 1 -0.00456234
0.220223 1 -0.00464875
0.220764 1 -0.00466741
0.224049 1 -0.00478115
0.224457 1 -0.00479533
0.224905 1 -0.00481089
0.225807 1 -0.00484228
0.230835 1 -0.00501829
0.233598 1 -0.00511564
0.237261 1 -0.0052454
0.23964 1 -0.0053301
0.240076 1 -0.00534564
0.240972 1 -0.00537767
0.243027 1 -0.00545119
0.248685 1 -0.00565487
0.2525 1 -0.00579308
0.253036 1 -0.00581257
0.262099 1 -0.00614379
0.265395 1 -0.00626513
0.268899 1 -0.00639455
0.269074 1 -0.00640102
0.269415 1 -0.00641363
0.269776 1 -0.00642701
0.270081 1 -0.00643831
0.270556 1 -0.00645591
0.270915 1 -0.00646921
0.270941 1 -0.00647018
0.273587 1 -0.0065684
0.276302 1 -0.00666938
0.278349 1 -0.00674571
0.286869 1 -0.00706455
0.287263 1 -0.00707933
0.289181 1 -0.00715139
0.289593 1 -0.00716686
0.290422 1 -0.00719803
0.290903 1 -0.0072161
0.291802 1 -0.00724993
0.292936 1 -0.0072926
0.294421 1 -0.00734854
0.295938 1 -0.00740571
0.296893 1 -0.00744174
0.301149 1 -0.00760236
0.301943 1 -0.00763237
0.302732 1 -0.00766214
0.304817 1 -0.00774097
0.304962 1 -0.00774644
0.304981 1 -0.00774715
0.308308 1 -0.00787296
0.313547 1 -0.00807116
0.313585 1 -0.00807261
0.314022 1 -0.00808914
0.314198 1 -0.00809579
0.315948 1 -0.00816197
0.316536 1 -0.00818421
0.316831 1 -0.00819538
0.320296 1 -0.00832644
0.325635 1 -0.00852815
0.32616 1 -0.00854799
0.329487 1 -0.00867348
0.333601 1 -0.00882841
0.334011 1 -0.00884385
0.338843 1 -0.00902528
0.342503 1 -0.00916231
0.342902 1 -0.00917721
0.345188 1 -0.00926255
0.34855 1 -0.00938773
0.349436 1 -0.00942064
0.351441 1 -0.00949498
0.357617 1 -0.00972289
0.360244 1 -0.00981924
0.361527 1 -0.00986614
0.361974 1 -0.00988248
0.363492 1 -0.00993782
0.364266 1 -0.00996597
0.369521 1 -0.0101562
0.373148 1 -0.0102863
0.377627 1 -0.0104457
0.378248 1 -0.0104676
0.379748 1 -0.0105205
0.384302 1 -0.0106799
0.384527 1 -0.0106877
0.385372 1 -0.0107171
0.386127 1 -0.0107432
0.386309 1 -0.0107495
0.387154 1 -0.0107787
0.388749 1 -0.0108336
0.389253 1 -0.0108509
0.390515 1 -0.0108941
0.392203 1 -0.0109516
0.396531 1 -0.0110975
0.396713 1 -0.0111036
0.398561 1 -0.0111651
0.400293 1 -0.0112225
0.401315 1 -0.0112561
0.401755 1 -0.0112706
0.402302 1 -0.0112885
0.402425 1 -0.0112925
0.403865 1 -0.0113394
0.405952 1 -0.011407
0.412326 1 -0.0116094
0.416603 1 -0.0117416
0.41909 1 -0.0118171
0.420963 1 -0.0118732
0.421429 1 -0.0118871
0.422997 1 -0.0119335
0.425893 1 -0.012018
0.426025 1 -0.0120218
0.428446 1 -0.0120911
0.430108 1 -0.0121379
0.434624 1 -0.0122624
0.435357 1 -0.0122822
0.437391 1 -0.0123365
0.440195 1 -0.0124098
0.44242 1 -0.0124666
0.446193 1 -0.0125602
0.448706 1 -0.0126205
0.451334 1 -0.0126817
0.451557 1 -0.0126868
0.452547 1 -0.0127094
0.45489 1 -0.0127616
0.456224 1 -0.0127906
0.456631 1 -0.0127993
0.45886 1 -0.0128464
0.460733 1 -0.0128847
0.462174 1 -0.0129135
0.465153 1 -0.0129708
0.465344 1 -0.0129744
0.467257 1 -0.0130096
0.469647 1 -0.0130518
0.470222 1 -0.0130617
0.472298 1 -0.0130963
0.474247 1 -0.0131274
0.474252 1 -0.0131275
0.475341 1 -0.0131442
0.475493 1 -0.0131465
0.476929 1 -0.0131679
0.479071 1 -0.0131982
0.479975 1 -0.0132105
0.484418 1 -0.0132661
0.485092 1 -0.0132738
0.497948 1 -0.0133827
0.50069 1 -0.0133958
0.50528 1 -0.0134093
0.508662 1 -0.0134121
0.511281 1 -0.01341
0.511578 1 -0.0134095
0.512546 1 -0.0134076
0.515428 1 -0.0133986
0.517546 1 -0.0133889
0.518037 1 -0.0133863
0.518472 1 -0.0133838
0.519049 1 -0.0133804
0.521102 1 -0.0133664
0.522418 1 -0.0133561
0.522938 1 -0.0133517
0.523629 1 -0.0133456
0.525559 1 -0.0133269
0.526774 1 -0.0133139
0.526809 1 -0.0133135
0.531267 1 -0.013257
0.531312 1 -0.0132564
0.533214 1 -0.013228
0.535207 1 -0.0131955
0.536273 1 -0.0131769
0.536422 1 -0.0131742
0.536529 1 -0.0131723
0.537408 1 -0.0131562
0.537786 1 -0.0131491
0.540788 1 -0.0130887
0.543007 1 -0.0130396
0.545465 1 -0.0129807
0.545559 1 -0.0129783
0.549068 1 -0.0128853
0.549911 1 -0.0128614
0.550363 1 -0.0128484
0.5514 1 -0.0128178
0.552776 1 -0.0127757
0.553259 1 -0.0127605
0.556803 1 -0.012643
0.559916 1 -0.0125302
0.56643 1 -0.0122644
0.577415 1 -0.011718
0.580436 1 -0.0115447
0.584976 1 -0.0112644
0.5863 1 -0.011178
0.58788 1 -0.0110721
0.588232 1 -0.0110482
0.589345 1 -0.0109713
0.591454 1 -0.0108212
0.593065 1 -0.0107028
0.593786 1 -0.0106487
0.594849 1 -0.0105678
0.597501 1 -0.0103592
0.59929 1 -0.0102132
0.600324 1 -0.0101268
0.603186 1 -0.00987993
0.605 1 -0.0097174
0.605953 1 -0.0096301
0.607078 1 -0.00952534
0.607957 1 -0.00944221
0.610227 1 -0.00922221
0.612688 1 -0.00897489
0.614754 1 -0.00875991
0.617127 1 -0.00850475
0.619718 1 -0.00821573
0.619964 1 -0.0081877
0.622361 1 -0.00790948
0.622499 1 -0.0078932
0.627344 1 -0.0072998
0.630271 1 -0.00692129
0.631886 1 -0.00670586
0.632023 1 -0.00668737
0.63406 1 -0.00640827
0.635766 1 -0.00616856
0.64113 1 -0.00537837
0.643998 1 -0.00493258
0.644254 1 -0.00489196
0.648923 1 -0.00412762
0.649059 1 -0.00410465
0.652551 1 -0.00350178
0.65284 1 -0.00345065
0.653076 1 -0.00340884
0.654314 1 -0.00318727
0.656216 1 -0.00284024
0.660416 1 -0.00204462
0.664176 1 -0.00129744
0.667089 1 -0.000695195
0.667753 1 -0.000554937
0.669269 1 -0.000230741
0.670341 1 1.88604e-06
0.670993 1 0.000144998
0.671077 1 0.000163346
0.671155 1 0.000180662
0.674982 1 0.00104357
0.688031 1 0.00428435
0.689227 1 0.00460537
0.689657 1 0.00472209
0.690473 1 0.00494464
0.691186 1 0.00514085
0.693545 1 0.0058006
0.694072 1 0.00595043
0.701715 1 0.00821987
0.714432 1 0.0124241
0.714544 1 0.0124637
0.715034 1 0.012637
0.720052 1 0.0144641
0.720203 1 0.0145207
0.721101 1 0.0148581
0.7215 1 0.0150089
0.731301 1 0.0189096
0.734961 1 0.0204652
0.737082 1 0.0213926
0.737929 1 0.021768
0.742542 1 0.0238687
0.743115 1 0.0241358
0.743542 1 0.0243364
0.746586 1 0.0257876
0.747187 1 0.0260793
0.749684 1 0.0273081
0.749709 1 0.0273207
0.750121 1 0.0275263
0.750546 1 0.0277393
0.753436 1 0.0292102
0.756041 1 0.0305705
0.756308 1 0.0307117
0.762165 1 0.0339002
0.763619 1 0.0347183
0.765873 1 0.0360086
0.767764 1 0.0371122
0.768939 1 0.0378074
0.769801 1 0.0383219
0.770608 1 0.0388074
0.77326 1 0.0404274
0.774748 1 0.0413539
0.775567 1 0.0418688
0.776151 1 0.0422385
0.77861 1 0.0438153
0.780564 1 0.0450936
0.781663 1 0.0458228
0.78167 1 0.0458274
0.782622 1 0.0464638
0.782743 1 0.0465453
0.786309 1 0.0489818
0.793733 1 0.0543042
0.799895 1 0.0589878
0.804252 1 0.0624525
0.805979 1 0.0638614
0.806337 1 0.0641556
0.807651 1 0.0652447
0.807875 1 0.0654313
0.816513 1 0.0729118
0.817843 1 0.0741122
0.821515 1 0.0774957
0.821813 1 0.077774
0.822588 1 0.0785038
0.825292 1 0.0810842
0.826753 1 0.0825017
0.827665 1 0.083396
0.828462 1 0.0841822
0.83071 1 0.0864282
0.83409 1 0.0898836
0.841001 1 0.0972479
0.84349 1 0.100002
0.843938 1 0.100503
0.847397 1 0.104436
0.852986 1 0.11102
0.853964 1 0.112204
0.854425 1 0.112764
0.855818 1 0.11447
0.857998 1 0.117177
0.858402 1 0.117683
0.862358 1 0.122731
0.863481 1 0.124192
0.865207 1 0.126463
0.865769 1 0.127208
0.866704 1 0.128457
0.868442 1 0.1308
0.870426 1 0.133513
0.873167 1 0.137332
0.875401 1 0.140503
0.875924 1 0.141253
0.877337 1 0.143295
0.877821 1 0.144
0.880499 1 0.147944
0.881699 1 0.149738
0.882063 1 0.150284
0.882458 1 0.150881
0.882798 1 0.151394
0.88537 1 0.155325
0.887165 1 0.158114
0.88815 1 0.15966
0.888888 1 0.160827
0.889517 1 0.161825
0.889794 1 0.162267
0.893673 1 0.168544
0.90155 1 0.181858
0.905895 1 0.189538
0.906643 1 0.190884
0.907056 1 0.191631
0.90807 1 0.193475
0.90987 1 0.19678
0.913059 1 0.202743
0.913478 1 0.203537
0.914508 1 0.205498
0.915336 1 0.207084
0.915732 1 0.207847
0.916101 1 0.20856
0.919991 1 0.216186
0.921142 1 0.218484
0.925069 1 0.226466
0.925727 1 0.227826
0.927466 1 0.231448
0.933604 1 0.2446
0.934756 1 0.247133
0.935597 1 0.248994
0.935671 1 0.249158
0.937537 1 0.253331
0.940683 1 0.26049
0.94117 1 0.261612
0.9417 1 0.262836
0.943287 1 0.266534
0.944028 1 0.268276
0.945504 1 0.271768
0.948406 1 0.278742
0.949623 1 0.281708
0.95216 1 0.287971
0.952308 1 0.28834
0.952554 1 0.288954
0.953097 1 0.290313
0.953771 1 0.292005
0.956143 1 0.298029
0.961954 1 0.3132
0.96296 1 0.315888
0.963713 1 0.317913
0.964904 1 0.321136
0.967131 1 0.327231
0.967485 1 0.328208
0.97098 1 0.337985
0.977572 1 0.35706
0.981044 1 0.367451
0.983456 1 0.37481
0.984469 1 0.377937
0.986207 1 0.383349
0.99271 1 0.40416
0.993335 1 0.40621
0.995446 1 0.413186
0.99635 1 0.416205
0.997208 1 0.419085
0.428571 
1 