276 105 
1000
0 0   
0 -1  0 
0 1  1 
0 -0.5  01 
-1 0 0  
0 0.5  10 
0 -0.75  010 
0 -0.25  011 
1 0 1  
0 0.25  100 
0 -0.875  0100 
0 0.75  101 
-0.5 0 01  
-0.75 0 010  
-0.25 0 011  
0 -0.625  0101 
-1 -1 0 0 
0 -0.375  0110 
0 -0.125  0111 
0 0.125  1000 
-1 1 0 1 
0 0.375  1001 
0 -0.9375  01000 
0 -0.8125  01001 
0.5 0 10  
0.25 0 100  
0.75 0 101  
0 0.625  1010 
1 -1 1 0 
0 -0.6875  01010 
0 -0.5625  01011 
0 0.875  1011 
1 1 1 1 
0 -0.4375  01100 
0 -0.3125  01101 
0 -0.1875  01110 
-0.875 0 0100  
-0.9375 0 01000  
-0.8125 0 01001  
-0.78125 0 010011  
-0.625 0 0101  
-0.5625 0 01011  
-0.6875 0 01010  
-0.71875 0 010100  
-0.375 0 0110  
-0.3125 0 01101  
-0.4375 0 01100  
-0.96875 0 010000  
-0.125 0 0111  
-0.1875 0 01110  
-0.0625 0 01111  
-0.28125 0 011011  
-0.5 -1 01 0 
-0.75 -1 010 0 
-0.25 -1 011 0 
-0.21875 0 011100  
-1 -0.5 0 01 
-0.03125 0 011111  
-0.53125 0 010111  
-0.46875 0 011000  
0 -0.0625  01111 
-0.90625 0 010001  
-0.84375 0 010010  
-0.65625 0 010101  
0 0.0625  10000 
-0.59375 0 010110  
-0.40625 0 011001  
-0.34375 0 011010  
0 0.1875  10001 
-0.09375 0 011110  
-0.15625 0 011101  
-0.765625 0 0100111  
-0.5 1 01 1 
-0.75 1 010 1 
-0.25 1 011 1 
-0.984375 0 0100000  
-1 0.5 0 10 
-0.734375 0 0101000  
-0.234375 0 0111000  
-0.015625 0 0111111  
0 0.3125  10010 
-0.515625 0 0101111  
-0.484375 0 0110000  
-0.265625 0 0110111  
0 0.4375  10011 
-0.796875 0 0100110  
-0.953125 0 0100001  
-0.703125 0 0101001  
0 -0.96875  010000 
-0.453125 0 0110001  
-0.203125 0 0111001  
-0.546875 0 0101110  
0 -0.90625  010001 
-0.046875 0 0111110  
-0.296875 0 0110110  
-0.828125 0 0100101  
0 -0.84375  010010 
-0.078125 0 0111101  
-0.671875 0 0101010  
-0.921875 0 0100010  
0 -0.78125  010011 
-0.171875 0 0111010  
-0.328125 0 0110101  
-0.578125 0 0101101  
0.125 0 1000  
0.0625 0 10000  
0.1875 0 10001  
0.21875 0 100011  
0.375 0 1001  
0.3125 0 10010  
0.4375 0 10011  
0.28125 0 100100  
0.625 0 1010  
0.5625 0 10100  
0.6875 0 10101  
0.71875 0 101011  
0.875 0 1011  
0.8125 0 10110  
0.9375 0 10111  
0.78125 0 101100  
0 0.5625  10100 
0.96875 0 101111  
0.03125 0 100000  
0.53125 0 101000  
0 0.6875  10101 
0.46875 0 100111  
0.84375 0 101101  
0.90625 0 101110  
0.5 -1 10 0 
0.25 -1 100 0 
0.75 -1 101 0 
0.65625 0 101010  
1 -0.5 1 01 
0.40625 0 100110  
0.59375 0 101001  
0.34375 0 100101  
0 -0.71875  010100 
0.09375 0 100001  
0.15625 0 100010  
0.765625 0 1011000  
0 -0.65625  010101 
0.984375 0 1011111  
0.734375 0 1010111  
0.234375 0 1000111  
0 -0.59375  010110 
0.015625 0 1000000  
0.515625 0 1010000  
0.484375 0 1001111  
0 -0.53125  010111 
0.265625 0 1001000  
0.796875 0 1011001  
0.953125 0 1011110  
0 0.8125  10110 
0.703125 0 1010110  
0.453125 0 1001110  
0.203125 0 1000110  
0 0.9375  10111 
0.546875 0 1010001  
0.046875 0 1000001  
0.296875 0 1001001  
0.5 1 10 1 
0.25 1 100 1 
0.75 1 101 1 
0.828125 0 1011010  
1 0.5 1 10 
0.078125 0 1000010  
0.671875 0 1010101  
0.921875 0 1011101  
0 -0.46875  011000 
0.171875 0 1000101  
0.328125 0 1001010  
0.578125 0 1010010  
0 -0.40625  011001 
-0.421875 0 0110010  
0.421875 0 1001101  
-0.492188 0 01100000  
0 -0.34375  011010 
0.492188 0 10011111  
-0.742188 0 01010000  
-0.0078125 0 01111111  
0 -0.28125  011011 
-0.507812 0 01011111  
-0.257812 0 01101111  
0.742188 0 10101111  
0 -0.21875  011100 
0.0078125 0 10000000  
0.507812 0 10100000  
0.257812 0 10010000  
0 -0.15625  011101 
-0.757812 0 01001111  
-0.992188 0 01000000  
0.757812 0 10110000  
-0.875 -1 0100 0 
-0.9375 -1 01000 0 
-0.8125 -1 01001 0 
-0.78125 -1 010011 0 
-0.625 -1 0101 0 
-0.5625 -1 01011 0 
-0.6875 -1 01010 0 
-0.96875 -1 010000 0 
-0.125 -1 0111 0 
-0.1875 -1 01110 0 
-0.0625 -1 01111 0 
-0.21875 -1 011100 0 
-0.375 -1 0110 0 
-0.3125 -1 01101 0 
-0.4375 -1 01100 0 
-0.28125 -1 011011 0 
-0.5 -0.5 01 01 
-0.75 -0.5 010 01 
-0.25 -0.5 011 01 
-0.03125 -1 011111 0 
-1 -0.75 0 010 
-0.46875 -1 011000 0 
-0.53125 -1 010111 0 
-0.71875 -1 010100 0 
-1 -0.25 0 011 
-0.65625 -1 010101 0 
-0.90625 -1 010001 0 
-0.84375 -1 010010 0 
0 -0.09375  011110 
-0.34375 -1 011010 0 
-0.59375 -1 010110 0 
-0.40625 -1 011001 0 
0 -0.03125  011111 
-0.09375 -1 011110 0 
-0.15625 -1 011101 0 
-0.734375 -1 0101000 0 
-0.890625 0 0100011  
-0.765625 -1 0100111 0 
-0.984375 -1 0100000 0 
-0.484375 -1 0110000 0 
-0.859375 0 0100100  
-0.015625 -1 0111111 0 
-0.515625 -1 0101111 0 
-0.265625 -1 0110111 0 
-0.640625 0 0101011  
-0.234375 -1 0111000 0 
-0.796875 -1 0100110 0 
-0.953125 -1 0100001 0 
0 0.03125  100000 
-0.296875 -1 0110110 0 
-0.703125 -1 0101001 0 
-0.546875 -1 0101110 0 
0 0.09375  100001 
-0.453125 -1 0110001 0 
-0.203125 -1 0111001 0 
-0.046875 -1 0111110 0 
-0.609375 0 0101100  
-0.171875 -1 0111010 0 
-0.078125 -1 0111101 0 
-0.328125 -1 0110101 0 
-0.390625 0 0110011  
-0.828125 -1 0100101 0 
-0.921875 -1 0100010 0 
-0.671875 -1 0101010 0 
-0.359375 0 0110100  
-0.578125 -1 0101101 0 
-0.421875 -1 0110010 0 
-0.257812 -1 01101111 0 
0 0.15625  100010 
-0.742188 -1 01010000 0 
-0.992188 -1 01000000 0 
-0.507812 -1 01011111 0 
0 0.21875  100011 
-0.0078125 -1 01111111 0 
-0.492188 -1 01100000 0 
-0.757812 -1 01001111 0 
-0.109375 0 0111100  
-0.609375 -1 0101100 0 
-0.390625 -1 0110011 0 
-0.359375 -1 0110100 0 
-0.140625 0 0111011  
-0.109375 -1 0111100 0 
-0.140625 -1 0111011 0 
-0.640625 -1 0101011 0 
-0.773438 0 01001110  
-0.773438 -1 01001110 0 
-0.859375 -1 0100100 0 
-0.890625 -1 0100011 0 
-0.875 1 0100 1 
-0.9375 1 01000 1 
-0.8125 1 01001 1 
-0.78125 1 010011 1 
-0.625 1 0101 1 
-0.5625 1 01011 1 
-0.6875 1 01010 1 
-0.71875 1 010100 1 
-0.375 1 0110 1 
-0.4375 1 01100 1 
-0.3125 1 01101 1 
-0.96875 1 010000 1 
-0.125 1 0111 1 
-0.1875 1 01110 1 
-0.0625 1 01111 1 
-0.03125 1 011111 1 
-0.976562 0 01000001  
-0.53125 1 010111 1 
-0.46875 1 011000 1 
-0.28125 1 011011 1 
-0.5 0.5 01 10 
-0.75 0.5 010 10 
-0.25 0.5 011 10 
-0.21875 1 011100 1 
-1 0.25 0 100 
-0.90625 1 010001 1 
-0.84375 1 010010 1 
-0.65625 1 010101 1 
-1 0.75 0 101 
-0.59375 1 010110 1 
-0.40625 1 011001 1 
-0.34375 1 011010 1 
-0.726562 0 01010001  
-0.09375 1 011110 1 
-0.15625 1 011101 1 
-0.765625 1 0100111 1 
-0.242188 0 01110000  
-0.734375 1 0101000 1 
-0.984375 1 0100000 1 
-0.234375 1 0111000 1 
-0.226562 0 01110001  
-0.015625 1 0111111 1 
-0.515625 1 0101111 1 
-0.484375 1 0110000 1 
-0.0234375 0 01111110  
-0.265625 1 0110111 1 
-0.796875 1 0100110 1 
-0.203125 1 0111001 1 
0 0.28125  100100 
-0.953125 1 0100001 1 
-0.546875 1 0101110 1 
-0.453125 1 0110001 1 
0 0.34375  100101 
-0.703125 1 0101001 1 
-0.296875 1 0110110 1 
-0.046875 1 0111110 1 
-0.523438 0 01011110  
-0.242188 -1 01110000 0 
-0.226562 -1 01110001 0 
-0.523438 -1 01011110 0 
-0.476562 0 01100001  
-0.726562 -1 01010001 0 
-0.476562 -1 01100001 0 
-0.0234375 -1 01111110 0 
-0.273438 0 01101110  
-0.273438 -1 01101110 0 
-0.976562 -1 01000001 0 
-0.078125 1 0111101 1 
0 0.40625  100110 
-0.671875 1 0101010 1 
-0.921875 1 0100010 1 
-0.828125 1 0100101 1 
0 0.46875  100111 
-0.421875 1 0110010 1 
-0.578125 1 0101101 1 
-0.328125 1 0110101 1 
-0.804688 0 01001100  
-0.171875 1 0111010 1 
-0.804688 -1 01001100 0 
0.992188 0 10111111  
-0.789062 0 01001101  
-0.789062 -1 01001101 0 
0.242188 0 10001111  
0.476562 0 10011110  
-0.960938 0 01000010  
-0.960938 -1 01000010 0 
0.523438 0 10100001  
0.273438 0 10010001  
-0.945312 0 01000011  
-0.945312 -1 01000011 0 
0.226562 0 10001110  
0.0234375 0 10000001  
-0.710938 0 01010010  
-0.710938 -1 01010010 0 
0.726562 0 10101110  
0.976562 0 10111110  
-0.695312 0 01010011  
-0.695312 -1 01010011 0 
0.773438 0 10110001  
0.710938 0 10101101  
0 -0.984375  0100000 
-0.0390625 0 01111101  
-0.0390625 -1 01111101 0 
0.0390625 0 10000010  
0 -0.953125  0100001 
0.789062 0 10110010  
-0.539062 0 01011101  
-0.539062 -1 01011101 0 
-0.460938 0 01100010  
-0.460938 -1 01100010 0 
0.960938 0 10111101  
0.539062 0 10100010  
-0.445312 0 01100011  
-0.445312 -1 01100011 0 
0.460938 0 10011101  
-0.210938 0 01110010  
-0.195312 0 01110011  
-0.210938 -1 01110010 0 
-0.195312 -1 01110011 0 
0.210938 0 10001101  
-0.554688 0 01011100  
-0.554688 -1 01011100 0 
-0.289062 0 01101101  
-0.289062 -1 01101101 0 
0 -0.921875  0100010 
0.289062 0 10010010  
0.140625 0 1000100  
0.390625 0 1001100  
0 -0.890625  0100011 
0.359375 0 1001011  
0.609375 0 1010011  
0.109375 0 1000011  
-0.0546875 0 01111100  
-0.0546875 -1 01111100 0 
0.640625 0 1010100  
0.859375 0 1011011  
-0.304688 0 01101100  
-0.304688 -1 01101100 0 
0.890625 0 1011100  
0.804688 0 10110011  
-0.835938 0 01001010  
-0.835938 -1 01001010 0 
0.695312 0 10101100  
0.945312 0 10111100  
-0.820312 0 01001011  
-0.820312 -1 01001011 0 
0.0546875 0 10000011  
0.304688 0 10010011  
0 -0.859375  0100100 
0.195312 0 10001100  
0.445312 0 10011100  
0.554688 0 10100011  
0 -0.828125  0100101 
-0.320312 0 01101011  
-0.320312 -1 01101011 0 
0.320312 0 10010100  
-0.0859375 0 01111010  
-0.0859375 -1 01111010 0 
-0.429688 0 01100100  
-0.429688 -1 01100100 0 
-0.0703125 0 01111011  
-0.0703125 -1 01111011 0 
0.429688 0 10011011  
-0.570312 0 01011011  
-0.679688 0 01010100  
-0.679688 -1 01010100 0 
-0.570312 -1 01011011 0 
0.570312 0 10100100  
-0.664062 0 01010101  
-0.664062 -1 01010101 0 
0.679688 0 10101011  
-0.929688 0 01000100  
-0.914062 0 01000101  
-0.929688 -1 01000100 0 
-0.914062 -1 01000101 0 
0.929688 0 10111011  
0 -0.796875  0100110 
-0.179688 0 01110100  
-0.179688 -1 01110100 0 
0.820312 0 10110100  
0 -0.765625  0100111 
0.0703125 0 10000100  
0.179688 0 10001011  
-0.492188 1 01100000 1 
-0.164062 0 01110101  
-0.164062 -1 01110101 0 
-0.992188 1 01000000 1 
-0.0078125 1 01111111 1 
-0.335938 0 01101010  
-0.335938 -1 01101010 0 
-0.507812 1 01011111 1 
-0.257812 1 01101111 1 
-0.585938 0 01011010  
-0.585938 -1 01011010 0 
-0.742188 1 01010000 1 
-0.242188 1 01110000 1 
0 0.53125  101000 
-0.757812 1 01001111 1 
-0.476562 1 01100001 1 
-0.523438 1 01011110 1 
0 0.59375  101001 
-0.0234375 1 01111110 1 
-0.273438 1 01101110 1 
-0.226562 1 01110001 1 
0 0.65625  101010 
-0.976562 1 01000001 1 
-0.726562 1 01010001 1 
-0.773438 1 01001110 1 
0 0.71875  101011 
-0.710938 1 01010010 1 
-0.960938 1 01000010 1 
-0.0390625 1 01111101 1 
0.125 -1 1000 0 
0.1875 -1 10001 0 
0.0625 -1 10000 0 
0.21875 -1 100011 0 
0.375 -1 1001 0 
0.3125 -1 10010 0 
0.4375 -1 10011 0 
0.28125 -1 100100 0 
0.625 -1 1010 0 
0.5625 -1 10100 0 
0.6875 -1 10101 0 
0.03125 -1 100000 0 
0.875 -1 1011 0 
0.9375 -1 10111 0 
0.8125 -1 10110 0 
0.78125 -1 101100 0 
0.5 -0.5 10 01 
0.25 -0.5 100 01 
0.75 -0.5 101 01 
0.96875 -1 101111 0 
1 -0.75 1 010 
0.46875 -1 100111 0 
0.53125 -1 101000 0 
0.71875 -1 101011 0 
1 -0.25 1 011 
0.65625 -1 101010 0 
0.90625 -1 101110 0 
0.84375 -1 101101 0 
0 -0.734375  0101000 
0.34375 -1 100101 0 
0.59375 -1 101001 0 
0.40625 -1 100110 0 
0 -0.703125  0101001 
0.09375 -1 100001 0 
0.15625 -1 100010 0 
0.734375 -1 1010111 0 
0 -0.671875  0101010 
0.765625 -1 1011000 0 
0.984375 -1 1011111 0 
0.484375 -1 1001111 0 
0 -0.640625  0101011 
0.015625 -1 1000000 0 
0.515625 -1 1010000 0 
0.265625 -1 1001000 0 
0 -0.609375  0101100 
0.234375 -1 1000111 0 
0.796875 -1 1011001 0 
0.296875 -1 1001001 0 
0 -0.578125  0101101 
0.953125 -1 1011110 0 
0.703125 -1 1010110 0 
0.546875 -1 1010001 0 
0 -0.546875  0101110 
0.453125 -1 1001110 0 
0.203125 -1 1000110 0 
0.046875 -1 1000001 0 
0 -0.515625  0101111 
0.171875 -1 1000101 0 
0.828125 -1 1011010 0 
0.078125 -1 1000010 0 
0 0.78125  101100 
0.328125 -1 1001010 0 
0.921875 -1 1011101 0 
0.671875 -1 1010101 0 
0 0.84375  101101 
0.578125 -1 1010010 0 
0.421875 -1 1001101 0 
0.242188 -1 10001111 0 
0 0.90625  101110 
0.257812 -1 10010000 0 
0.742188 -1 10101111 0 
0.992188 -1 10111111 0 
0 0.96875  101111 
0.0078125 -1 10000000 0 
0.507812 -1 10100000 0 
0.492188 -1 10011111 0 
0.125 1 1000 1 
0.1875 1 10001 1 
0.0625 1 10000 1 
0.03125 1 100000 1 
0.375 1 1001 1 
0.3125 1 10010 1 
0.4375 1 10011 1 
0.21875 1 100011 1 
0.625 1 1010 1 
0.5625 1 10100 1 
0.6875 1 10101 1 
0.71875 1 101011 1 
0.875 1 1011 1 
0.8125 1 10110 1 
0.9375 1 10111 1 
0.78125 1 101100 1 
0.835938 0 10110101  
0.96875 1 101111 1 
0.53125 1 101000 1 
0.28125 1 100100 1 
0.5 0.5 10 10 
0.25 0.5 100 10 
0.75 0.5 101 10 
0.46875 1 100111 1 
1 0.25 1 100 
0.84375 1 101101 1 
0.90625 1 101110 1 
0.65625 1 101010 1 
1 0.75 1 101 
0.40625 1 100110 1 
0.59375 1 101001 1 
0.34375 1 100101 1 
0.0859375 0 10000101  
0.09375 1 100001 1 
0.15625 1 100010 1 
0.765625 1 1011000 1 
0.664062 0 10101010  
0.734375 1 1010111 1 
0.984375 1 1011111 1 
0.015625 1 1000000 1 
0.914062 0 10111010  
0.234375 1 1000111 1 
0.515625 1 1010000 1 
0.265625 1 1001000 1 
0 -0.484375  0110000 
0.484375 1 1001111 1 
0.796875 1 1011001 1 
0.203125 1 1000110 1 
0 -0.453125  0110001 
0.953125 1 1011110 1 
0.546875 1 1010001 1 
0.453125 1 1001110 1 
0.164062 0 10001010  
0.703125 1 1010110 1 
0.046875 1 1000001 1 
0.296875 1 1001001 1 
0.335938 0 10010101  
0.757812 -1 10110000 0 
0.226562 -1 10001110 0 
0.273438 -1 10010001 0 
0.585938 0 10100101  
0.523438 -1 10100001 0 
0.726562 -1 10101110 0 
0.476562 -1 10011110 0 
0 -0.421875  0110010 
0.0234375 -1 10000001 0 
0.976562 -1 10111110 0 
0.773438 -1 10110001 0 
0 -0.390625  0110011 
0.710938 -1 10101101 0 
0.789062 -1 10110010 0 
0.0390625 -1 10000010 0 
-0.414062 0 01100101  
0.460938 -1 10011101 0 
0.960938 -1 10111101 0 
0.539062 -1 10100010 0 
0.414062 0 10011010  
0.210938 -1 10001101 0 
0.289062 -1 10010010 0 
0.078125 1 1000010 1 
-0.496094 0 011000000  
0.671875 1 1010101 1 
0.828125 1 1011010 1 
0.921875 1 1011101 1 
-0.488281 0 011000001  
0.421875 1 1001101 1 
0.578125 1 1010010 1 
0.328125 1 1001010 1 
0 -0.359375  0110100 
0.171875 1 1000101 1 
0.609375 -1 1010011 0 
0.359375 -1 1001011 0 
0 -0.328125  0110101 
0.390625 -1 1001100 0 
0.109375 -1 1000011 0 
0.140625 -1 1000100 0 
0.488281 0 100111110  
0.859375 -1 1011011 0 
0.640625 -1 1010100 0 
0.890625 -1 1011100 0 
0.496094 0 100111111  
0.804688 -1 10110011 0 
0.695312 -1 10101100 0 
0.945312 -1 10111100 0 
-0.746094 0 010100000  
0.0546875 -1 10000011 0 
0.195312 -1 10001100 0 
0.445312 -1 10011100 0 
-0.738281 0 010100001  
0.304688 -1 10010011 0 
0.554688 -1 10100011 0 
0.820312 -1 10110100 0 
-0.0117188 0 011111110  
0.679688 -1 10101011 0 
0.570312 -1 10100100 0 
0.429688 -1 10011011 0 
-0.00390625 0 011111111  
0.179688 -1 10001011 0 
0.929688 -1 10111011 0 
0.0703125 -1 10000100 0 
0 -0.296875  0110110 
0.320312 -1 10010100 0 
0.664062 -1 10101010 0 
0.835938 -1 10110101 0 
0 -0.265625  0110111 
0.914062 -1 10111010 0 
0.0859375 -1 10000101 0 
-0.414062 -1 01100101 0 
-0.511719 0 010111110  
0.414062 -1 10011010 0 
0.585938 -1 10100101 0 
0.164062 -1 10001010 0 
-0.503906 0 010111111  
0.335938 -1 10010101 0 
0.492188 1 10011111 1 
0.992188 1 10111111 1 
-0.261719 0 011011110  
0.0078125 1 10000000 1 
0.507812 1 10100000 1 
0.257812 1 10010000 1 
-0.253906 0 011011111  
0.742188 1 10101111 1 
0.242188 1 10001111 1 
0.757812 1 10110000 1 
0.738281 0 101011110  
0.476562 1 10011110 1 
0.523438 1 10100001 1 
0.0234375 1 10000001 1 
0.746094 0 101011111  
0.273438 1 10010001 1 
0.226562 1 10001110 1 
0.726562 1 10101110 1 
0 -0.234375  0111000 
0.976562 1 10111110 1 
0.773438 1 10110001 1 
0.710938 1 10101101 1 
0 -0.203125  0111001 
0.960938 1 10111101 1 
0.0390625 1 10000010 1 
-0.460938 1 01100010 1 
0.00390625 0 100000000  
0.460938 1 10011101 1 
-0.789062 1 01001101 1 
0.789062 1 10110010 1 
0.0117188 0 100000001  
-0.210938 1 01110010 1 
0.210938 1 10001101 1 
-0.539062 1 01011101 1 
0.503906 0 101000000  
0.539062 1 10100010 1 
-0.289062 1 01101101 1 
0.289062 1 10010010 1 
0.511719 0 101000001  
-0.609375 1 0101100 1 
-0.390625 1 0110011 1 
0.390625 1 1001100 1 
0.253906 0 100100000  
0.609375 1 1010011 1 
-0.140625 1 0111011 1 
0.140625 1 1000100 1 
0.261719 0 100100001  
-0.109375 1 0111100 1 
0.109375 1 1000011 1 
-0.359375 1 0110100 1 
0 -0.171875  0111010 
0.359375 1 1001011 1 
-0.859375 1 0100100 1 
0.859375 1 1011011 1 
0 -0.140625  0111011 
-0.640625 1 0101011 1 
0.640625 1 1010100 1 
-0.890625 1 0100011 1 
-0.761719 0 010011110  
0.890625 1 1011100 1 
0.695312 1 10101100 1 
-0.804688 1 01001100 1 
-0.753906 0 010011111  
0.804688 1 10110011 1 
-0.695312 1 01010011 1 
-0.945312 1 01000011 1 
-0.996094 0 010000000  
0.945312 1 10111100 1 
-0.0546875 1 01111100 1 
0.0546875 1 10000011 1 
-0.988281 0 010000001  
-0.554688 1 01011100 1 
0.554688 1 10100011 1 
0.445312 1 10011100 1 
0.753906 0 101100000  
0.304688 1 10010011 1 
-0.445312 1 01100011 1 
-0.304688 1 01101100 1 
0.761719 0 101100001  
-0.195312 1 01110011 1 
0.195312 1 10001100 1 
-0.496094 -1 011000000 0 
-0.875 -0.5 0100 01 
-0.9375 -0.5 01000 01 
-0.8125 -0.5 01001 01 
-0.96875 -0.5 010000 01 
-0.625 -0.5 0101 01 
-0.5625 -0.5 01011 01 
-0.6875 -0.5 01010 01 
-0.53125 -0.5 010111 01 
-0.375 -0.5 0110 01 
-0.4375 -0.5 01100 01 
-0.3125 -0.5 01101 01 
-0.46875 -0.5 011000 01 
-0.125 -0.5 0111 01 
-0.0625 -0.5 01111 01 
-0.1875 -0.5 01110 01 
-0.03125 -0.5 011111 01 
-0.5 -0.75 01 010 
-0.75 -0.75 010 010 
-0.25 -0.75 011 010 
-0.28125 -0.5 011011 01 
-1 -0.875 0 0100 
-0.78125 -0.5 010011 01 
-0.21875 -0.5 011100 01 
-0.71875 -0.5 010100 01 
-1 -0.625 0 0101 
-0.65625 -0.5 010101 01 
-0.34375 -0.5 011010 01 
-0.40625 -0.5 011001 01 
-0.5 -0.25 01 011 
-0.75 -0.25 010 011 
-0.25 -0.25 011 011 
-0.59375 -0.5 010110 01 
-1 -0.375 0 0110 
-0.90625 -0.5 010001 01 
-0.09375 -0.5 011110 01 
-0.15625 -0.5 011101 01 
-1 -0.125 0 0111 
-0.84375 -0.5 010010 01 
-0.765625 -0.5 0100111 01 
-0.734375 -0.5 0101000 01 
0 -0.109375  0111100 
-0.484375 -0.5 0110000 01 
-0.515625 -0.5 0101111 01 
-0.015625 -0.5 0111111 01 
0 -0.078125  0111101 
-0.984375 -0.5 0100000 01 
-0.234375 -0.5 0111000 01 
-0.265625 -0.5 0110111 01 
0 -0.046875  0111110 
-0.796875 -0.5 0100110 01 
-0.703125 -0.5 0101001 01 
-0.296875 -0.5 0110110 01 
0 -0.015625  0111111 
-0.203125 -0.5 0111001 01 
-0.953125 -0.5 0100001 01 
-0.546875 -0.5 0101110 01 
-0.898438 0 01000110  
-0.046875 -0.5 0111110 01 
-0.453125 -0.5 0110001 01 
-0.898438 -1 01000110 0 
-0.882812 0 01000111  
-0.828125 -0.5 0100101 01 
-0.328125 -0.5 0110101 01 
-0.171875 -0.5 0111010 01 
-0.867188 0 01001000  
-0.078125 -0.5 0111101 01 
-0.921875 -0.5 0100010 01 
-0.421875 -0.5 0110010 01 
-0.851562 0 01001001  
-0.851562 -1 01001001 0 
-0.578125 -0.5 0101101 01 
-0.671875 -0.5 0101010 01 
-0.648438 0 01010110  
-0.648438 -1 01010110 0 
0.496094 -1 100111111 0 
-0.00390625 -1 011111111 0 
-0.632812 0 01010111  
-0.503906 -1 010111111 0 
0.00390625 -1 100000000 0 
0.503906 -1 101000000 0 
0 0.015625  1000000 
-0.996094 -1 010000000 0 
-0.746094 -1 010100000 0 
-0.253906 -1 011011111 0 
0 0.046875  1000001 
0.746094 -1 101011111 0 
0.253906 -1 100100000 0 
-0.753906 -1 010011111 0 
0 0.078125  1000010 
0.753906 -1 101100000 0 
-0.511719 -1 010111110 0 
0.511719 -1 101000001 0 
0 0.109375  1000011 
0.488281 -1 100111110 0 
-0.488281 -1 011000001 0 
-0.0117188 -1 011111110 0 
-0.617188 0 01011000  
0.0117188 -1 100000001 0 
-0.988281 -1 010000001 0 
-0.738281 -1 010100001 0 
-0.601562 0 01011001  
-0.601562 -1 01011001 0 
0.738281 -1 101011110 0 
-0.261719 -1 011011110 0 
-0.398438 0 01100110  
-0.398438 -1 01100110 0 
0.261719 -1 100100001 0 
-0.761719 -1 010011110 0 
-0.382812 0 01100111  
0.761719 -1 101100001 0 
-0.429688 1 01100100 1 
0.429688 1 10011011 1 
-0.367188 0 01101000  
-0.570312 1 01011011 1 
0.570312 1 10100100 1 
-0.820312 1 01001011 1 
-0.351562 0 01101001  
-0.351562 -1 01101001 0 
0.820312 1 10110100 1 
-0.320312 1 01101011 1 
0 0.140625  1000100 
0.320312 1 10010100 1 
-0.929688 1 01000100 1 
0.929688 1 10111011 1 
0 0.171875  1000101 
-0.179688 1 01110100 1 
0.179688 1 10001011 1 
-0.0703125 1 01111011 1 
0 0.203125  1000110 
0.0703125 1 10000100 1 
-0.679688 1 01010100 1 
0.679688 1 10101011 1 
0 0.234375  1000111 
-0.164062 1 01110101 1 
0.164062 1 10001010 1 
-0.835938 1 01001010 1 
-0.117188 0 01111000  
0.835938 1 10110101 1 
-0.664062 1 01010101 1 
0.664062 1 10101010 1 
-0.101562 0 01111001  
-0.101562 -1 01111001 0 
-0.414062 1 01100101 1 
0.414062 1 10011010 1 
-0.148438 0 01110110  
-0.148438 -1 01110110 0 
-0.0859375 1 01111010 1 
0.0859375 1 10000101 1 
-0.132812 0 01110111  
-0.914062 1 01000101 1 
0.914062 1 10111010 1 
-0.335938 1 01101010 1 
-0.777344 0 010011100  
-0.777344 -1 010011100 0 
0.335938 1 10010101 1 
-0.585938 1 01011010 1 
-0.769531 0 010011101  
-0.769531 -1 010011101 0 
0.585938 1 10100101 1 
0.648438 0 10101001  
-0.980469 0 010000010  
0.648438 -1 10101001 0 
-0.980469 -1 010000010 0 
0.898438 0 10111001  
-0.972656 0 010000011  
0.898438 -1 10111001 0 
-0.972656 -1 010000011 0 
0.851562 0 10110110  
-0.625 0.5 0101 10 
-0.5625 0.5 01011 10 
-0.6875 0.5 01010 10 
-0.71875 0.5 010100 10 
-0.875 0.5 0100 10 
-0.9375 0.5 01000 10 
-0.8125 0.5 01001 10 
-0.96875 0.5 010000 10 
-0.375 0.5 0110 10 
-0.3125 0.5 01101 10 
-0.4375 0.5 01100 10 
-0.28125 0.5 011011 10 
-0.125 0.5 0111 10 
-0.0625 0.5 01111 10 
-0.1875 0.5 01110 10 
-0.21875 0.5 011100 10 
-0.5 0.25 01 100 
-0.75 0.25 010 100 
-0.25 0.25 011 100 
-0.53125 0.5 010111 10 
-1 0.125 0 1000 
-0.46875 0.5 011000 10 
-0.03125 0.5 011111 10 
-0.78125 0.5 010011 10 
-1 0.375 0 1001 
0.851562 -1 10110110 0 
-0.15625 0.5 011101 10 
-0.90625 0.5 010001 10 
-0.5 0.75 01 101 
-0.75 0.75 010 101 
-0.25 0.75 011 101 
-0.59375 0.5 010110 10 
-1 0.625 0 1010 
-0.65625 0.5 010101 10 
-0.40625 0.5 011001 10 
-0.84375 0.5 010010 10 
-1 0.875 0 1011 
-0.34375 0.5 011010 10 
-0.09375 0.5 011110 10 
-0.484375 0.5 0110000 10 
-0.730469 0 010100010  
-0.730469 -1 010100010 0 
-0.984375 0.5 0100000 10 
-0.515625 0.5 0101111 10 
-0.722656 0 010100011  
-0.722656 -1 010100011 0 
-0.015625 0.5 0111111 10 
-0.265625 0.5 0110111 10 
(0.000000, -0.000000)  ; (0.841471, -0.841471)  ; (0.841471, -0.841471)  ; (0.016616, -0.016616)  ; (0.841471, -0.841471)  ; (0.016616, -0.016616)  ; (-0.021714, 0.021714)  ; (0.006860, -0.006860)  ; (0.841471, -0.841471)  ; (0.006860, -0.006860)  ; (-0.034999, 0.034999)  ; (-0.021714, 0.021714)  ; (0.016616, -0.016616)  ; (-0.021714, 0.021714)  ; (0.006860, -0.006860)  ; (0.004820, -0.004820)  ; (-0.863470, 0.863470)  ; (0.001684, -0.001684)  ; (0.000630, -0.000630)  ; (0.000630, -0.000630)  ; (-0.863470, 0.863470)  ; (0.001684, -0.001684)  ; (-0.038750, 0.038750)  ; (0.004253, -0.004253)  ; (0.016616, -0.016616)  ; (0.006860, -0.006860)  ; (-0.021714, 0.021714)  ; (0.004820, -0.004820)  ; (-0.863470, 0.863470)  ; (0.002084, -0.002084)  ; (-0.000031, 0.000031)  ; (-0.034999, 0.034999)  ; (-0.863470, 0.863470)  ; (-0.000088, 0.000088)  ; (0.000173, -0.000173)  ; (-0.000011, 0.000011)  ; (-0.034999, 0.034999)  ; (-0.038750, 0.038750)  ; (0.004253, -0.004253)  ; (0.001217, -0.001217)  ; (0.004820, -0.004820)  ; (-0.000031, 0.000031)  ; (0.002084, -0.002084)  ; (0.001303, -0.001303)  ; (0.001684, -0.001684)  ; (0.000173, -0.000173)  ; (-0.000088, 0.000088)  ; (-0.039734, 0.039734)  ; (0.000630, -0.000630)  ; (-0.000011, 0.000011)  ; (0.000090, -0.000090)  ; (-0.000216, 0.000216)  ; (-0.032555, 0.032555)  ; (0.074167, -0.074167)  ; (-0.060650, 0.060650)  ; (-0.000237, 0.000237)  ; (-0.032555, 0.032555)  ; (0.000011, -0.000011)  ; (-0.000582, 0.000582)  ; (-0.000606, 0.000606)  ; (0.000090, -0.000090)  ; (0.004072, -0.004072)  ; (0.001902, -0.001902)  ; (-0.000047, 0.000047)  ; (0.000090, -0.000090)  ; (0.000034, -0.000034)  ; (0.000113, -0.000113)  ; (0.000072, -0.000072)  ; (-0.000011, 0.000011)  ; (0.000010, -0.000010)  ; (0.000045, -0.000045)  ; (0.001109, -0.001109)  ; (-0.032555, 0.032555)  ; (0.074167, -0.074167)  ; (-0.060650, 0.060650)  ; (-0.039985, 0.039985)  ; (-0.032555, 0.032555)  ; (0.001102, -0.001102)  ; (-0.000303, 0.000303)  ; (0.000001, -0.000001)  ; (0.000173, -0.000173)  ; (-0.000742, 0.000742)  ; (-0.000744, 0.000744)  ; (-0.000300, 0.000300)  ; (-0.000088, 0.000088)  ; (-0.000186, 0.000186)  ; (0.004024, -0.004024)  ; (-0.000090, 0.000090)  ; (-0.039734, 0.039734)  ; (0.000088, -0.000088)  ; (0.000037, -0.000037)  ; (0.000094, -0.000094)  ; (0.004072, -0.004072)  ; (0.000001, -0.000001)  ; (0.000038, -0.000038)  ; (-0.000218, 0.000218)  ; (0.001902, -0.001902)  ; (0.000005, -0.000005)  ; (-0.000026, 0.000026)  ; (0.001831, -0.001831)  ; (0.001217, -0.001217)  ; (0.000019, -0.000019)  ; (0.000027, -0.000027)  ; (0.000067, -0.000067)  ; (0.000630, -0.000630)  ; (0.000090, -0.000090)  ; (-0.000011, 0.000011)  ; (-0.000237, 0.000237)  ; (0.001684, -0.001684)  ; (0.000173, -0.000173)  ; (-0.000088, 0.000088)  ; (-0.000216, 0.000216)  ; (0.004820, -0.004820)  ; (-0.000031, 0.000031)  ; (0.002084, -0.002084)  ; (0.001303, -0.001303)  ; (-0.034999, 0.034999)  ; (0.004253, -0.004253)  ; (-0.038750, 0.038750)  ; (0.001217, -0.001217)  ; (-0.000031, 0.000031)  ; (-0.039734, 0.039734)  ; (0.000011, -0.000011)  ; (-0.000582, 0.000582)  ; (0.002084, -0.002084)  ; (-0.000606, 0.000606)  ; (0.001902, -0.001902)  ; (0.004072, -0.004072)  ; (-0.032555, 0.032555)  ; (-0.060650, 0.060650)  ; (0.074167, -0.074167)  ; (-0.000047, 0.000047)  ; (-0.032555, 0.032555)  ; (0.000113, -0.000113)  ; (0.000034, -0.000034)  ; (0.000072, -0.000072)  ; (0.001303, -0.001303)  ; (0.000010, -0.000010)  ; (0.000045, -0.000045)  ; (0.001109, -0.001109)  ; (-0.000047, 0.000047)  ; (-0.039985, 0.039985)  ; (0.001102, -0.001102)  ; (-0.000303, 0.000303)  ; (0.000034, -0.000034)  ; (0.000001, -0.000001)  ; (-0.000742, 0.000742)  ; (-0.000744, 0.000744)  ; (-0.000582, 0.000582)  ; (-0.000300, 0.000300)  ; (-0.000186, 0.000186)  ; (0.004024, -0.004024)  ; (0.004253, -0.004253)  ; (-0.000090, 0.000090)  ; (0.000088, -0.000088)  ; (0.000037, -0.000037)  ; (-0.038750, 0.038750)  ; (0.000094, -0.000094)  ; (0.000001, -0.000001)  ; (0.000038, -0.000038)  ; (-0.032555, 0.032555)  ; (-0.060650, 0.060650)  ; (0.074167, -0.074167)  ; (-0.000218, 0.000218)  ; (-0.032555, 0.032555)  ; (0.000005, -0.000005)  ; (-0.000026, 0.000026)  ; (0.001831, -0.001831)  ; (-0.000606, 0.000606)  ; (0.000019, -0.000019)  ; (0.000027, -0.000027)  ; (0.000067, -0.000067)  ; (0.000113, -0.000113)  ; (0.000049, -0.000049)  ; (0.000049, -0.000049)  ; (-0.000779, 0.000779)  ; (0.000072, -0.000072)  ; (-0.000779, 0.000779)  ; (0.001051, -0.001051)  ; (0.000000, -0.000000)  ; (-0.000216, 0.000216)  ; (-0.000779, 0.000779)  ; (-0.000320, 0.000320)  ; (0.001051, -0.001051)  ; (-0.000237, 0.000237)  ; (0.000000, -0.000000)  ; (-0.000779, 0.000779)  ; (-0.000320, 0.000320)  ; (0.000045, -0.000045)  ; (0.001051, -0.001051)  ; (-0.040049, 0.040049)  ; (0.001051, -0.001051)  ; (0.080443, -0.080443)  ; (0.082520, -0.082520)  ; (-0.011918, 0.011918)  ; (-0.004345, 0.004345)  ; (-0.007177, 0.007177)  ; (0.001917, -0.001917)  ; (-0.005437, 0.005437)  ; (0.082955, -0.082955)  ; (-0.043668, 0.043668)  ; (0.004311, -0.004311)  ; (-0.041027, 0.041027)  ; (0.002859, -0.002859)  ; (0.000576, -0.000576)  ; (0.002117, -0.002117)  ; (0.001282, -0.001282)  ; (0.002974, -0.002974)  ; (-0.039273, 0.039273)  ; (-0.003566, 0.003566)  ; (-0.007234, 0.007234)  ; (-0.040297, 0.040297)  ; (0.074167, -0.074167)  ; (0.002146, -0.002146)  ; (0.002127, -0.002127)  ; (-0.004800, 0.004800)  ; (-0.060650, 0.060650)  ; (0.000715, -0.000715)  ; (-0.012456, 0.012456)  ; (-0.005379, 0.005379)  ; (0.000010, -0.000010)  ; (-0.000371, 0.000371)  ; (0.000220, -0.000220)  ; (-0.000340, 0.000340)  ; (0.000011, -0.000011)  ; (0.003969, -0.003969)  ; (0.001679, -0.001679)  ; (-0.004661, 0.004661)  ; (0.001641, -0.001641)  ; (-0.004687, 0.004687)  ; (0.083061, -0.083061)  ; (0.002320, -0.002320)  ; (0.001747, -0.001747)  ; (-0.040126, 0.040126)  ; (0.002323, -0.002323)  ; (0.003165, -0.003165)  ; (-0.000166, 0.000166)  ; (0.003170, -0.003170)  ; (0.001047, -0.001047)  ; (-0.012651, 0.012651)  ; (0.000011, -0.000011)  ; (-0.000342, 0.000342)  ; (0.000626, -0.000626)  ; (-0.000315, 0.000315)  ; (0.000010, -0.000010)  ; (-0.000292, 0.000292)  ; (-0.000455, 0.000455)  ; (0.004000, -0.004000)  ; (-0.000173, 0.000173)  ; (-0.000379, 0.000379)  ; (0.001783, -0.001783)  ; (-0.000159, 0.000159)  ; (-0.000043, 0.000043)  ; (0.001137, -0.001137)  ; (-0.005473, 0.005473)  ; (0.000275, -0.000275)  ; (-0.000045, 0.000045)  ; (-0.000184, 0.000184)  ; (-0.000129, 0.000129)  ; (0.003214, -0.003214)  ; (0.000045, -0.000045)  ; (-0.004626, 0.004626)  ; (0.083087, -0.083087)  ; (0.002365, -0.002365)  ; (-0.000237, 0.000237)  ; (-0.040084, 0.040084)  ; (0.002365, -0.002365)  ; (-0.004625, 0.004625)  ; (-0.000019, 0.000019)  ; (0.000539, -0.000539)  ; (0.000003, -0.000003)  ; (0.000002, -0.000002)  ; (-0.000017, 0.000017)  ; (0.001943, -0.001943)  ; (0.002057, -0.002057)  ; (0.000511, -0.000511)  ; (-0.000095, 0.000095)  ; (0.000562, -0.000562)  ; (-0.005638, 0.005638)  ; (-0.005164, 0.005164)  ; (0.080443, -0.080443)  ; (0.082520, -0.082520)  ; (-0.011918, 0.011918)  ; (-0.004345, 0.004345)  ; (-0.007177, 0.007177)  ; (0.001917, -0.001917)  ; (-0.005437, 0.005437)  ; (-0.004800, 0.004800)  ; (0.000576, -0.000576)  ; (0.001282, -0.001282)  ; (0.002117, -0.002117)  ; (0.082955, -0.082955)  ; (-0.043668, 0.043668)  ; (0.004311, -0.004311)  ; (-0.041027, 0.041027)  ; (-0.040297, 0.040297)  ; (0.004011, -0.004011)  ; (0.002127, -0.002127)  ; (0.002146, -0.002146)  ; (0.002974, -0.002974)  ; (-0.039273, 0.039273)  ; (-0.003566, 0.003566)  ; (-0.007234, 0.007234)  ; (0.002859, -0.002859)  ; (-0.060650, 0.060650)  ; (-0.012456, 0.012456)  ; (-0.005379, 0.005379)  ; (0.000715, -0.000715)  ; (0.074167, -0.074167)  ; (0.000220, -0.000220)  ; (-0.000340, 0.000340)  ; (-0.000371, 0.000371)  ; (-0.000100, 0.000100)  ; (0.003969, -0.003969)  ; (0.001679, -0.001679)  ; (-0.004687, 0.004687)  ; (-0.000321, 0.000321)  ; (-0.004661, 0.004661)  ; (0.083061, -0.083061)  ; (0.003170, -0.003170)  ; (0.000034, -0.000034)  ; (-0.040126, 0.040126)  ; (0.002323, -0.002323)  ; (0.002320, -0.002320)  ; (0.000000, -0.000000)  ; (0.003165, -0.003165)  ; (0.001047, -0.001047)  ; (-0.000455, 0.000455)  ; (-0.000216, 0.000216)  ; (-0.012651, 0.012651)  ; (-0.000315, 0.000315)  ; (-0.000292, 0.000292)  ; (0.000072, -0.000072)  ; (0.000626, -0.000626)  ; (-0.000342, 0.000342)  ; (0.004000, -0.004000)  ; (0.000081, -0.000081)  ; (0.003214, -0.003214)  ; (-0.000352, 0.000352)  ; (-0.000315, 0.000315)  ; (0.000081, -0.000081)  ; (0.000588, -0.000588)  ; (-0.000318, 0.000318)  ; (0.004005, -0.004005)  ; (0.000034, -0.000034)  ; (-0.000357, 0.000357)  ; (-0.012700, 0.012700)  ; (0.001783, -0.001783)  ; (0.000113, -0.000113)  ; (0.000275, -0.000275)  ; (-0.005473, 0.005473)  ; (0.001137, -0.001137)  ; (-0.000606, 0.000606)  ; (-0.000129, 0.000129)  ; (-0.000184, 0.000184)  ; (-0.000159, 0.000159)  ; (-0.000181, 0.000181)  ; (-0.000379, 0.000379)  ; (0.000750, -0.000750)  ; (-0.040049, 0.040049)  ; (-0.000030, 0.000030)  ; (0.000205, -0.000205)  ; (-0.000321, 0.000321)  ; (0.000081, -0.000081)  ; (0.001811, -0.001811)  ; (-0.005494, 0.005494)  ; (0.000081, -0.000081)  ; (0.000034, -0.000034)  ; (0.001761, -0.001761)  ; (-0.005419, 0.005419)  ; (0.000034, -0.000034)  ; (0.000000, -0.000000)  ; (-0.000041, 0.000041)  ; (0.000258, -0.000258)  ; (-0.000100, 0.000100)  ; (0.004011, -0.004011)  ; (-0.000080, 0.000080)  ; (0.000332, -0.000332)  ; (-0.000095, 0.000095)  ; (-0.000041, 0.000041)  ; (-0.039985, 0.039985)  ; (0.000001, -0.000001)  ; (0.001798, -0.001798)  ; (0.000001, -0.000001)  ; (0.004024, -0.004024)  ; (-0.000030, 0.000030)  ; (0.000040, -0.000040)  ; (-0.000137, 0.000137)  ; (0.000039, -0.000039)  ; (-0.000142, 0.000142)  ; (0.001811, -0.001811)  ; (0.000040, -0.000040)  ; (0.000013, -0.000013)  ; (-0.000070, 0.000070)  ; (0.000039, -0.000039)  ; (0.000016, -0.000016)  ; (0.000005, -0.000005)  ; (-0.000152, 0.000152)  ; (-0.000212, 0.000212)  ; (0.000016, -0.000016)  ; (0.000013, -0.000013)  ; (-0.000096, 0.000096)  ; (0.000018, -0.000018)  ; (-0.000163, 0.000163)  ; (0.001831, -0.001831)  ; (0.000018, -0.000018)  ; (-0.000017, 0.000017)  ; (-0.000043, 0.000043)  ; (0.001641, -0.001641)  ; (-0.000045, 0.000045)  ; (-0.000173, 0.000173)  ; (-0.000019, 0.000019)  ; (-0.000003, 0.000003)  ; (0.001838, -0.001838)  ; (-0.000166, 0.000166)  ; (0.001747, -0.001747)  ; (-0.000001, 0.000001)  ; (-0.000098, 0.000098)  ; (0.001641, -0.001641)  ; (-0.000181, 0.000181)  ; (-0.000062, 0.000062)  ; (0.000288, -0.000288)  ; (-0.000080, 0.000080)  ; (0.001761, -0.001761)  ; (-0.000179, 0.000179)  ; (0.000744, -0.000744)  ; (-0.000003, 0.000003)  ; (-0.000001, 0.000001)  ; (0.001747, -0.001747)  ; (0.000005, -0.000005)  ; (0.000013, -0.000013)  ; (0.000013, -0.000013)  ; (-0.000218, 0.000218)  ; (-0.000000, 0.000000)  ; (-0.000108, 0.000108)  ; (-0.000000, 0.000000)  ; (0.000002, -0.000002)  ; (-0.000306, 0.000306)  ; (0.000015, -0.000015)  ; (-0.000081, 0.000081)  ; (-0.000003, 0.000003)  ; (0.001949, -0.001949)  ; (0.000015, -0.000015)  ; (0.000015, -0.000015)  ; (-0.000084, 0.000084)  ; (0.000353, -0.000353)  ; (-0.000104, 0.000104)  ; (0.000015, -0.000015)  ; (0.000022, -0.000022)  ; (-0.000072, 0.000072)  ; (-0.000084, 0.000084)  ; (0.001870, -0.001870)  ; (-0.000271, 0.000271)  ; (-0.005898, 0.005898)  ; (0.001205, -0.001205)  ; (0.001870, -0.001870)  ; (-0.000186, 0.000186)  ; (0.000005, -0.000005)  ; (-0.000217, 0.000217)  ; (-0.000179, 0.000179)  ; (0.001109, -0.001109)  ; (-0.000003, 0.000003)  ; (0.000005, -0.000005)  ; (0.002365, -0.002365)  ; (0.000002, -0.000002)  ; (-0.000082, 0.000082)  ; (0.083087, -0.083087)  ; (-0.040084, 0.040084)  ; (0.000005, -0.000005)  ; (0.000011, -0.000011)  ; (0.002365, -0.002365)  ; (0.003214, -0.003214)  ; (0.000012, -0.000012)  ; (-0.000016, 0.000016)  ; (-0.004626, 0.004626)  ; (0.003214, -0.003214)  ; (-0.000582, 0.000582)  ; (-0.004625, 0.004625)  ; (-0.000318, 0.000318)  ; (-0.000315, 0.000315)  ; (0.000034, -0.000034)  ; (0.004005, -0.004005)  ; (-0.000357, 0.000357)  ; (-0.000352, 0.000352)  ; (-0.000047, 0.000047)  ; (-0.012700, 0.012700)  ; (0.000588, -0.000588)  ; (0.000562, -0.000562)  ; (0.001303, -0.001303)  ; (0.000258, -0.000258)  ; (-0.005494, 0.005494)  ; (0.001798, -0.001798)  ; (-0.043668, 0.043668)  ; (0.004311, -0.004311)  ; (-0.041027, 0.041027)  ; (0.002859, -0.002859)  ; (0.000576, -0.000576)  ; (0.002117, -0.002117)  ; (0.001282, -0.001282)  ; (0.002974, -0.002974)  ; (-0.007177, 0.007177)  ; (0.001917, -0.001917)  ; (-0.005437, 0.005437)  ; (-0.040297, 0.040297)  ; (0.080443, -0.080443)  ; (0.082520, -0.082520)  ; (-0.011918, 0.011918)  ; (-0.004345, 0.004345)  ; (-0.039273, 0.039273)  ; (-0.007234, 0.007234)  ; (-0.003566, 0.003566)  ; (0.082955, -0.082955)  ; (0.074167, -0.074167)  ; (0.002146, -0.002146)  ; (0.002127, -0.002127)  ; (-0.004800, 0.004800)  ; (-0.060650, 0.060650)  ; (0.000715, -0.000715)  ; (-0.012456, 0.012456)  ; (-0.005379, 0.005379)  ; (0.001102, -0.001102)  ; (-0.000371, 0.000371)  ; (0.000220, -0.000220)  ; (-0.000340, 0.000340)  ; (-0.000090, 0.000090)  ; (0.003969, -0.003969)  ; (0.001679, -0.001679)  ; (-0.004661, 0.004661)  ; (-0.000026, 0.000026)  ; (-0.004687, 0.004687)  ; (0.083061, -0.083061)  ; (0.002320, -0.002320)  ; (-0.000166, 0.000166)  ; (-0.040126, 0.040126)  ; (0.002323, -0.002323)  ; (0.003165, -0.003165)  ; (-0.000173, 0.000173)  ; (0.003170, -0.003170)  ; (0.001047, -0.001047)  ; (-0.000342, 0.000342)  ; (0.000067, -0.000067)  ; (-0.012651, 0.012651)  ; (0.000626, -0.000626)  ; (-0.000315, 0.000315)  ; (0.000094, -0.000094)  ; (-0.000292, 0.000292)  ; (-0.000455, 0.000455)  ; (0.004000, -0.004000)  ; (-0.000742, 0.000742)  ; (-0.000379, 0.000379)  ; (0.001137, -0.001137)  ; (0.001783, -0.001783)  ; (0.001217, -0.001217)  ; (-0.000159, 0.000159)  ; (-0.005473, 0.005473)  ; (0.000275, -0.000275)  ; (0.001902, -0.001902)  ; (-0.000184, 0.000184)  ; (-0.000129, 0.000129)  ; (0.003214, -0.003214)  ; (0.004072, -0.004072)  ; (0.003214, -0.003214)  ; (-0.004626, 0.004626)  ; (0.083087, -0.083087)  ; (-0.039734, 0.039734)  ; (-0.040084, 0.040084)  ; (0.002365, -0.002365)  ; (0.002365, -0.002365)  ; (-0.043668, 0.043668)  ; (0.004311, -0.004311)  ; (-0.041027, 0.041027)  ; (-0.040297, 0.040297)  ; (0.000576, -0.000576)  ; (0.002117, -0.002117)  ; (0.001282, -0.001282)  ; (0.002859, -0.002859)  ; (-0.007177, 0.007177)  ; (0.001917, -0.001917)  ; (-0.005437, 0.005437)  ; (-0.004800, 0.004800)  ; (0.080443, -0.080443)  ; (-0.011918, 0.011918)  ; (0.082520, -0.082520)  ; (-0.004345, 0.004345)  ; (-0.000062, 0.000062)  ; (0.082955, -0.082955)  ; (0.002127, -0.002127)  ; (0.002974, -0.002974)  ; (-0.039273, 0.039273)  ; (-0.007234, 0.007234)  ; (-0.003566, 0.003566)  ; (0.002146, -0.002146)  ; (-0.060650, 0.060650)  ; (-0.005379, 0.005379)  ; (-0.012456, 0.012456)  ; (0.000715, -0.000715)  ; (0.074167, -0.074167)  ; (-0.000340, 0.000340)  ; (0.000220, -0.000220)  ; (-0.000371, 0.000371)  ; (0.000002, -0.000002)  ; (0.003969, -0.003969)  ; (0.001679, -0.001679)  ; (-0.004687, 0.004687)  ; (0.000022, -0.000022)  ; (-0.004661, 0.004661)  ; (0.083061, -0.083061)  ; (-0.040126, 0.040126)  ; (-0.000271, 0.000271)  ; (0.003170, -0.003170)  ; (0.002323, -0.002323)  ; (0.003165, -0.003165)  ; (-0.000744, 0.000744)  ; (0.002320, -0.002320)  ; (0.001047, -0.001047)  ; (-0.000455, 0.000455)  ; (0.000088, -0.000088)  ; (-0.012651, 0.012651)  ; (-0.000315, 0.000315)  ; (-0.000292, 0.000292)  ; (0.000002, -0.000002)  ; (0.000626, -0.000626)  ; (0.004000, -0.004000)  ; (-0.000342, 0.000342)  ; (0.000005, -0.000005)  ; (-0.004625, 0.004625)  ; (-0.000352, 0.000352)  ; (-0.000357, 0.000357)  ; (0.000012, -0.000012)  ; (-0.000315, 0.000315)  ; (0.000588, -0.000588)  ; (-0.000318, 0.000318)  ; (0.000049, -0.000049)  ; (0.004005, -0.004005)  ; (-0.012700, 0.012700)  ; (0.000562, -0.000562)  ; (-0.000043, 0.000043)  ; (0.000258, -0.000258)  ; (0.000205, -0.000205)  ; (0.001798, -0.001798)  ; (0.000004, -0.000004)  ; (-0.000142, 0.000142)  ; (-0.005494, 0.005494)  ; (-0.000137, 0.000137)  ; (0.000004, -0.000004)  ; (-0.000152, 0.000152)  ; (-0.000163, 0.000163)  ; (0.001783, -0.001783)  ; (-0.000788, 0.000788)  ; (0.000275, -0.000275)  ; (0.001137, -0.001137)  ; (-0.005473, 0.005473)  ; (0.000080, -0.000080)  ; (-0.000129, 0.000129)  ; (-0.000184, 0.000184)  ; (-0.000159, 0.000159)  ; (-0.000045, 0.000045)  ; (-0.000379, 0.000379)  ; (0.000539, -0.000539)  ; (0.000002, -0.000002)  ; (0.000027, -0.000027)  ; (0.000003, -0.000003)  ; (0.001943, -0.001943)  ; (0.002057, -0.002057)  ; (0.000080, -0.000080)  ; (-0.005638, 0.005638)  ; (0.000511, -0.000511)  ; (-0.005164, 0.005164)  ; (-0.000788, 0.000788)  ; (0.000750, -0.000750)  ; (0.000332, -0.000332)  ; (-0.005419, 0.005419)  ; (0.001038, -0.001038)  ; (0.001838, -0.001838)  ; (-0.000212, 0.000212)  ; (-0.000070, 0.000070)  ; (-0.000103, 0.000103)  ; (-0.000098, 0.000098)  ; (-0.000096, 0.000096)  ; (0.000744, -0.000744)  ; (0.000000, -0.000000)  ; (0.000353, -0.000353)  ; (-0.000104, 0.000104)  ; (-0.000081, 0.000081)  ; (0.000000, -0.000000)  ; (-0.000217, 0.000217)  ; (-0.005898, 0.005898)  ; (0.001949, -0.001949)  ; (0.000038, -0.000038)  ; (-0.000108, 0.000108)  ; (-0.000072, 0.000072)  ; (0.000288, -0.000288)  ; (-0.000300, 0.000300)  ; (0.001205, -0.001205)  ; (-0.000306, 0.000306)  ; (0.000011, -0.000011)  ; (0.000080, -0.000080)  ; (0.000011, -0.000011)  ; (-0.000016, 0.000016)  ; (-0.000082, 0.000082)  ; (-0.000788, 0.000788)  ; (0.000011, -0.000011)  ; (0.002365, -0.002365)  ; (0.083087, -0.083087)  ; (0.000033, -0.000033)  ; (-0.040084, 0.040084)  ; (0.002365, -0.002365)  ; (0.003214, -0.003214)  ; (-0.000325, 0.000325)  ; (-0.004626, 0.004626)  ; (0.003214, -0.003214)  ; (-0.004625, 0.004625)  ; (-0.000103, 0.000103)  ; (-0.000318, 0.000318)  ; (-0.000315, 0.000315)  ; (0.004005, -0.004005)  ; (0.001038, -0.001038)  ; (-0.000357, 0.000357)  ; (-0.000352, 0.000352)  ; (0.000588, -0.000588)  ; (-0.000303, 0.000303)  ; (-0.012700, 0.012700)  ; (0.000562, -0.000562)  ; (0.000258, -0.000258)  ; (0.000037, -0.000037)  ; (-0.005494, 0.005494)  ; (0.001798, -0.001798)  ; (-0.000142, 0.000142)  ; (0.000000, -0.000000)  ; (-0.000142, 0.000142)  ; (0.000205, -0.000205)  ; (0.000205, -0.000205)  ; (0.000000, -0.000000)  ; (-0.000152, 0.000152)  ; (-0.000152, 0.000152)  ; (-0.000137, 0.000137)  ; (-0.000788, 0.000788)  ; (-0.000137, 0.000137)  ; (-0.000163, 0.000163)  ; (-0.000163, 0.000163)  ; (0.000080, -0.000080)  ; (0.000539, -0.000539)  ; (0.000003, -0.000003)  ; (0.000003, -0.000003)  ; (-0.000325, 0.000325)  ; (0.000539, -0.000539)  ; (0.002057, -0.002057)  ; (0.002057, -0.002057)  ; (0.000033, -0.000033)  ; (0.001943, -0.001943)  ; (0.001943, -0.001943)  ; (0.000002, -0.000002)  ; (0.000019, -0.000019)  ; (0.000002, -0.000002)  ; (-0.005638, 0.005638)  ; (-0.005638, 0.005638)  ; (-0.000017, 0.000017)  ; (0.000511, -0.000511)  ; (0.000511, -0.000511)  ; (-0.005164, 0.005164)  ; (-0.000103, 0.000103)  ; (-0.005164, 0.005164)  ; (0.000332, -0.000332)  ; (0.000750, -0.000750)  ; (0.001038, -0.001038)  ; (0.000750, -0.000750)  ; (0.000332, -0.000332)  ; (-0.005419, 0.005419)  ; (-0.040065, 0.040065)  ; (-0.005419, 0.005419)  ; (0.001838, -0.001838)  ; (0.001838, -0.001838)  ; (0.004008, -0.004008)  ; (-0.000096, 0.000096)  ; (-0.000096, 0.000096)  ; (-0.000070, 0.000070)  ; (0.001038, -0.001038)  ; (-0.000098, 0.000098)  ; (-0.000070, 0.000070)  ; (-0.000098, 0.000098)  ; (-0.000103, 0.000103)  ; (-0.000212, 0.000212)  ; (-0.000212, 0.000212)  ; (0.002376, -0.002376)  ; (-0.000004, 0.000004)  ; (-0.000005, 0.000005)  ; (0.002883, -0.002883)  ; (0.000008, -0.000008)  ; (0.001502, -0.001502)  ; (0.000774, -0.000774)  ; (0.001234, -0.001234)  ; (0.001333, -0.001333)  ; (-0.004742, 0.004742)  ; (0.000800, -0.000800)  ; (-0.002433, 0.002433)  ; (0.001261, -0.001261)  ; (0.010839, -0.010839)  ; (0.017780, -0.017780)  ; (-0.005172, 0.005172)  ; (0.019582, -0.019582)  ; (-0.003566, 0.003566)  ; (-0.032780, 0.032780)  ; (0.025573, -0.025573)  ; (-0.001394, 0.001394)  ; (0.080443, -0.080443)  ; (0.001271, -0.001271)  ; (-0.001293, 0.001293)  ; (0.001459, -0.001459)  ; (-0.007177, 0.007177)  ; (-0.000399, 0.000399)  ; (0.000124, -0.000124)  ; (0.000011, -0.000011)  ; (-0.007234, 0.007234)  ; (0.025573, -0.025573)  ; (-0.029515, 0.029515)  ; (-0.000258, 0.000258)  ; (0.000576, -0.000576)  ; (0.002638, -0.002638)  ; (-0.004426, 0.004426)  ; (-0.001969, 0.001969)  ; (-0.043668, 0.043668)  ; (0.000950, -0.000950)  ; (0.001516, -0.001516)  ; (0.001494, -0.001494)  ; (-0.000019, 0.000019)  ; (0.001411, -0.001411)  ; (0.001414, -0.001414)  ; (0.020044, -0.020044)  ; (0.000005, -0.000005)  ; (0.000004, -0.000004)  ; (-0.001127, 0.001127)  ; (-0.001106, 0.001106)  ; (0.000001, -0.000001)  ; (-0.000529, 0.000529)  ; (-0.000349, 0.000349)  ; (0.000225, -0.000225)  ; (0.000001, -0.000001)  ; (0.000375, -0.000375)  ; (0.002605, -0.002605)  ; (-0.000046, 0.000046)  ; (-0.000262, 0.000262)  ; (-0.004279, 0.004279)  ; (-0.000083, 0.000083)  ; (0.001179, -0.001179)  ; (0.001691, -0.001691)  ; (-0.000523, 0.000523)  ; (0.000076, -0.000076)  ; (0.000373, -0.000373)  ; (0.001686, -0.001686)  ; (-0.001858, 0.001858)  ; (0.000933, -0.000933)  ; (-0.000079, 0.000079)  ; (-0.000160, 0.000160)  ; (0.000735, -0.000735)  ; (0.000001, -0.000001)  ; (-0.000141, 0.000141)  ; (0.000029, -0.000029)  ; (-0.000092, 0.000092)  ; (0.002376, -0.002376)  ; (-0.040073, 0.040073)  ; (-0.000215, 0.000215)  ; (0.002376, -0.002376)  ; (-0.040073, 0.040073)  ; (0.002376, -0.002376)  ; (0.000001, -0.000001)  ; (0.083094, -0.083094)  ; (-0.004618, 0.004618)  ; (0.003226, -0.003226)  ; (0.000001, -0.000001)  ; (-0.004618, 0.004618)  ; (0.003226, -0.003226)  ; (-0.004618, 0.004618)  ; (0.000005, -0.000005)  ; (-0.004618, 0.004618)  ; (-0.000323, 0.000323)  ; (-0.000323, 0.000323)  ; (-0.000019, 0.000019)  ; (-0.000323, 0.000323)  ; (-0.000323, 0.000323)  ; (0.004006, -0.004006)  ; (-0.000215, 0.000215)  ; (0.004006, -0.004006)  ; (-0.012713, 0.012713)  ; (0.000578, -0.000578)  ; (0.000024, -0.000024)  ; (-0.000065, 0.000065)  ; (0.000578, -0.000578)  ; (-0.000358, 0.000358)  ; (0.000008, -0.000008)  ; (-0.000000, 0.000000)  ; (-0.000358, 0.000358)  ; (0.000580, -0.000580)  ; (-0.000071, 0.000071)  ; (0.000580, -0.000580)  ; (-0.000081, 0.000081)  ; (-0.000081, 0.000081)  ; (-0.000071, 0.000071)  ; (-0.000104, 0.000104)  ; (-0.000104, 0.000104)  ; (0.000744, -0.000744)  ; (0.000009, -0.000009)  ; (-0.000001, 0.000001)  ; (0.000744, -0.000744)  ; (-0.000108, 0.000108)  ; (-0.000017, 0.000017)  ; (-0.000108, 0.000108)  ; (-0.005898, 0.005898)  ; (-0.005898, 0.005898)  ; (0.000019, -0.000019)  ; (-0.000217, 0.000217)  ; (-0.000217, 0.000217)  ; (0.001949, -0.001949)  ; (0.000037, -0.000037)  ; (0.001949, -0.001949)  ; (0.000353, -0.000353)  ; (0.000353, -0.000353)  ; (-0.000303, 0.000303)  ; (-0.000082, 0.000082)  ; (-0.000082, 0.000082)  ; (0.000288, -0.000288)  ; (-0.000027, 0.000027)  ; (0.000288, -0.000288)  ; (-0.000072, 0.000072)  ; (-0.000072, 0.000072)  ; (0.000004, -0.000004)  ; (-0.000315, 0.000315)  ; (0.000011, -0.000011)  ; (0.000011, -0.000011)  ; (0.000003, -0.000003)  ; (-0.000205, 0.000205)  ; (-0.000306, 0.000306)  ; (-0.000306, 0.000306)  ; (-0.000027, 0.000027)  ; (0.001205, -0.001205)  ; (0.001205, -0.001205)  ; (0.000011, -0.000011)  ; (-0.000051, 0.000051)  ; (0.000247, -0.000247)  ; (0.000011, -0.000011)  ; (-0.000016, 0.000016)  ; (-0.000045, 0.000045)  ; (0.000258, -0.000258)  ; (-0.000016, 0.000016)  ; (0.000029, -0.000029)  ; (0.001805, -0.001805)  ; (-0.000092, 0.000092)  ; (-0.005500, 0.005500)  ; (-0.000262, 0.000262)  ; (0.001792, -0.001792)  ; (0.001179, -0.001179)  ; (-0.005481, 0.005481)  ; (-0.000160, 0.000160)  ; (0.001502, -0.001502)  ; (0.000774, -0.000774)  ; (0.001234, -0.001234)  ; (0.001459, -0.001459)  ; (-0.000004, 0.000004)  ; (-0.000005, 0.000005)  ; (0.002883, -0.002883)  ; (0.000008, -0.000008)  ; (-0.004742, 0.004742)  ; (-0.002433, 0.002433)  ; (0.000800, -0.000800)  ; (-0.001394, 0.001394)  ; (0.010839, -0.010839)  ; (0.017780, -0.017780)  ; (-0.005172, 0.005172)  ; (-0.001293, 0.001293)  ; (-0.007234, 0.007234)  ; (0.025573, -0.025573)  ; (-0.029515, 0.029515)  ; (0.001333, -0.001333)  ; (-0.043668, 0.043668)  ; (0.001261, -0.001261)  ; (0.019582, -0.019582)  ; (0.001271, -0.001271)  ; (0.000576, -0.000576)  ; (0.000735, -0.000735)  ; (-0.001969, 0.001969)  ; (0.002638, -0.002638)  ; (-0.003566, 0.003566)  ; (-0.032780, 0.032780)  ; (0.025573, -0.025573)  ; (-0.000258, 0.000258)  ; (-0.007177, 0.007177)  ; (-0.000399, 0.000399)  ; (0.000011, -0.000011)  ; (0.000950, -0.000950)  ; (0.080443, -0.080443)  ; (0.000124, -0.000124)  ; (-0.004426, 0.004426)  ; (0.001411, -0.001411)  ; (-0.000045, 0.000045)  ; (0.000254, -0.000254)  ; (0.000004, -0.000004)  ; (0.001414, -0.001414)  ; (-0.000055, 0.000055)  ; (0.000272, -0.000272)  ; (0.020044, -0.020044)  ; (-0.001106, 0.001106) 
